336026.353494656
324222.02221672935
310822.3160156164
289254.8470062705
278011.7094550767
263852.9790411589
251165.52892343065
232365.23590838767
210568.62091970985
194862.89178356322
171874.67114076452
160972.88992592902
142904.33703100585
132606.7647715484
117589.91542563344
107810.32066191868
93044.3955417634
76407.84602832649
69856.8988397181
63441.43585463667
61738.23595759711
61019.701964678505
64744.58630295237
65846.51165187344
65935.97711027935
65201.060098109774
64927.15244898125
63384.81754522582
62728.6371667877
61147.17811782738
58584.703693259915
55749.977080020006
54453.88653188273
50777.55162714463
50175.82745689936
47220.68718189012
47691.63131630763
44602.821100661946
44393.146453650144
43621.01614274235
43121.17523868115
43991.741243776625
44854.9170977548
43290.23856740053
43544.89390712858
42885.25021482486
41178.2148313254
38588.2719283322
38150.282091522284
36947.953479490134
35887.00753018437
35523.97270807318
35369.477688155086
34528.69877512769
33391.11742661135
32402.52756652862
33147.19747268673
32253.496887515445
32962.83135348184
32110.89515398549
32555.481753367014
32106.23294409224
32530.718717781157
32743.710260102725
32895.08974734415
32342.20187749913
Score: 9.173818769183756
Runtime: 595ms
336026.353494656
321625.0808197329
309084.37973411265
286431.3340144162
271291.3941323126
266073.3245404954
253390.2229348509
243302.25360444622
228605.39978537295
213921.25037379158
204838.6065068021
190767.97823521774
175323.91803456307
167283.4699987487
145256.20335966753
131050.28535931977
119168.19637543036
110726.78434538329
102050.45200931856
87822.72511303534
82518.50689510224
85781.69401421137
83291.98338544476
84042.65238479301
80744.40159900507
80404.09457968055
78242.28639364665
74849.77030808206
72590.85997183241
67828.9157590079
66674.59849233637
66603.17204494873
63875.08357444422
62088.42350713765
60865.69674270116
59139.32662322647
58010.51671568793
56225.666936704016
54603.89928504702
54487.490343243146
52914.87601581952
51384.240865227206
51246.896083314015
49970.61152246589
48913.83092861642
48441.13213990047
46788.25102060026
45441.88924365252
42909.39937499019
42432.61632546362
41587.45162916781
39560.07831940703
40286.20935115276
39272.419495509515
38683.00432706857
36513.46473987414
35714.50304132118
35068.32323921121
33848.500543397735
34683.19753916649
33548.24147801998
33067.74490884473
32996.527467994434
33186.31019363202
32740.04659182694
32496.61661459515
Score: 8.920150322820584
Runtime: 634ms
336026.353494656
324338.88772192056
308632.66507823946
293357.1922434111
279763.6617565907
262664.5454920658
247692.63423277793
236123.06671292486
224450.19673186142
211187.86440807645
199517.43735265738
191353.85927270708
178268.42525967673
166325.91188372584
152871.14725818502
148339.7827596878
131001.05513152445
117749.83329776883
114447.08923683774
114078.70918053412
110128.74668440515
108428.45087018187
103023.27758517167
98593.88278266409
91858.63643500811
83383.16236058487
82765.88626982867
74128.60277897883
72210.47160405827
68066.0426592888
62397.38233717738
64662.29138904147
67073.69874788889
65297.01915126121
60341.606784267315
63460.265166199635
63419.12674823148
65082.72587813286
64501.256801663054
63634.09717707262
58223.11535492112
53414.17349092235
53087.05429649892
49828.38579839577
49791.15047638282
48802.400755218994
48144.344294235096
48130.37006731076
48800.23116833312
47248.54763128394
46843.334860184514
46453.20187728219
45418.85507105651
45726.27816398571
44576.86991476718
43215.42795265582
42288.503613528694
42331.318817568834
40911.960210092184
40605.987651895266
39934.19180997608
38386.647013133515
37233.764997935876
36663.80440857266
36428.15241020901
35863.93734595234
Score: 9.371867736772328
Runtime: 645ms
336026.353494656
324419.9799394205
307295.65519029036
283010.6714794945
269238.5061769638
256983.99806763037
243296.74531884183
229318.49240091792
202989.45081609892
187080.4825270363
155808.9811080375
130512.53902568025
112880.17973955635
95765.62623488007
79013.63225568915
77211.51952564945
72005.28210512915
66693.63665823881
60546.036617085876
59796.65747144466
57262.29958829919
56155.54811903559
53146.61103110165
47477.254255467626
44082.260452556955
44767.788124421786
46197.82954444233
45619.419005223346
46630.014924272175
46414.579842791776
46103.593015134895
47199.76579346262
48482.69904244526
48163.52958309554
46959.02861888198
45838.20016313118
46334.94027061249
46036.01823122194
46387.080279310896
44495.60739559399
45834.307307207804
45376.32421939287
44313.38450806613
43709.92701121569
43581.43684822577
42380.88089221475
41088.32671421494
39970.231646955064
39728.89317406448
40885.9147004572
40242.06363439933
38033.607249405715
38534.18940030393
38128.77976656909
37650.86696713546
37258.644337112906
35130.35368862366
35178.646323521214
34888.45326241962
34113.657495243126
33731.203003193084
34415.95388256277
33587.328143148836
33508.940126957226
33998.132718017514
33258.8300313377
Score: 9.356074368691127
Runtime: 621ms
336026.353494656
321099.6015550796
305087.2973296488
282359.28117040236
267610.5480235865
256168.07427664584
253293.45024402754
239044.30382484873
227817.26315078916
208217.96004771028
199237.72539155956
185892.05081040293
176488.0843298909
156422.51476245042
139323.05114876057
130656.16333601324
115873.89008295354
103858.76361737934
97528.29694874342
93104.89656241865
88369.49799030313
80006.6575792229
74975.77668950279
69464.50190698465
63789.52265985392
59988.552670089826
58731.168796527025
56009.462723106466
52587.72329464723
52537.60947313514
51140.127939599704
49603.83992418156
48385.15183599325
48413.187532469216
50118.420580802085
49682.567525584534
47187.92143169746
46931.65184222058
47377.55117559317
45641.477964222875
43776.194343773386
43310.77640500203
43128.291287743996
42258.75993065144
41041.76464232163
40062.436220485484
38899.17290274643
39292.9118419784
39537.692702293476
40180.02479798478
40042.33508735314
39150.32253063411
37249.82298362991
37086.9581955254
36636.910848312065
35314.283915327054
34273.35749224492
34560.560049407264
35766.04027882785
33851.360408246
33583.51219326498
33362.04327112549
32295.82062846121
31055.9572380851
32894.10225032568
32974.451922344895
Score: 8.742790141308683
Runtime: 603ms
336026.353494656
325201.95552689297
304555.0759655741
283780.246288358
264813.85429361154
251294.32844716712
235477.23675125247
217274.3741005236
199852.4028768666
172890.47059938184
137317.3144994997
111607.07973070149
91668.94478771026
84833.72041253552
81217.51919536016
72576.44376050249
71727.08935879871
72693.323079743
70955.74513466354
71810.76384576524
70444.94818539647
70129.49085562432
69136.78476365485
67513.63884389964
66014.47189797815
64668.994092549445
62932.9400236164
61058.34321935891
61174.68339633158
61126.39540491683
60750.80792907407
58398.457053468155
57625.91654890415
56122.91811194166
55601.97972413834
52826.36505497801
51776.93473863645
49791.45903765432
49625.846739002474
47390.51221005206
46581.679599523
44215.20886610312
43432.90408913809
42449.598876526354
41865.89305131522
41166.98660866196
40250.81718219182
40111.47738325052
39512.243319487134
36789.43549006375
37715.69032302134
36163.65438652748
36743.64632737787
37398.87371929715
35689.97126198625
35110.2575876092
35250.33260568042
33645.34711989871
32116.676669769295
31262.970339631687
31346.41309054564
30242.235985673204
30142.477496981468
29821.87799110913
30419.0338130986
30821.33439254818
Score: 9.724346063974714
Runtime: 662ms
336026.353494656
327924.91928564804
305448.306995519
283603.72902918723
262696.1345288832
248688.35211847525
241410.5978184686
228314.9791182624
216325.12356840537
203704.09464439494
190307.5046840152
157378.9331808488
135363.98336541196
122950.3805296491
109907.67654520932
92150.46247730675
76460.9199248228
66842.04364201147
65065.50934978389
62333.42091645536
64241.455688278176
61332.74904131526
60910.85459126397
64079.68944597273
63667.5006698357
61105.06128171109
58401.07452957813
56833.98338252847
56448.41636047114
56556.45755071298
55965.006907871786
55345.097973397686
54989.66559312852
53984.16250299908
53450.977924236424
53900.766412205245
55762.99476608835
54805.89837876584
54466.26605702778
51119.1297526939
51332.19511918555
50533.281151732896
48607.8636754035
49682.149510372314
48929.79798520615
50631.09150809605
52152.40064725838
52193.44485920848
53245.10659175957
51711.77398893238
49846.401505003836
47807.29161865138
45936.09018603638
46092.03489437028
45043.34215073411
43948.26334787015
41645.18202084859
40684.251555370196
39851.76573055984
39983.83916550155
40253.02263329702
38980.849077137354
38668.86563294726
37060.8164787747
35520.541826904955
35563.240153664985
Score: 9.112705589708682
Runtime: 646ms
336026.353494656
323383.42521390505
309455.2258780877
300132.61287989776
282578.5305298292
267754.9583284349
246347.15976766
243247.56640872348
231381.97148156975
219643.1764182907
201561.67181588293
179801.53352640514
165116.77440719155
154162.91212367875
141762.29207188488
131576.99575340314
115937.96154283333
107870.17340902078
93664.73491186803
77258.2576201381
77974.15607257964
74711.13681178799
78481.75119981471
77519.05198542912
77722.81795832385
79104.31514959481
81026.82649200135
83121.86678623977
81349.16606497507
82693.09651960614
80018.17313801801
80118.82177580192
77370.6621957575
76877.12934201228
74115.59069554872
71355.14364145299
69869.38901807621
67435.06827243624
62864.57568693337
60924.351757953766
57510.63621115793
55122.58350134982
53539.11508602833
52543.45061359189
51071.49855951237
51819.92075376652
50678.83677412826
47823.707319716865
45597.92025026032
44549.92847928201
43430.510782273224
42341.29403111774
40975.06266872857
40560.340522137
40480.791409396494
40473.44207684882
39009.39773736314
37852.438478548334
37722.22713450018
37475.07051070886
37225.59970515069
36523.057237869296
35488.467855961295
35308.63103554161
35041.12263855661
34889.352523523914
Score: 9.25924767550923
Runtime: 611ms
336026.353494656
320449.48276848084
301396.76840793306
285296.6243329241
270804.6415856089
256190.07092084576
242538.3088202534
231751.58494531747
219292.30243692396
194890.75856243866
173740.88499797898
150968.79754812844
127679.7431928738
117941.40752681067
104887.08418867015
86044.8853542937
81152.79690335327
78338.31472334935
74301.19886696895
68992.63470448805
62783.26352852242
56300.23844424819
58178.863805685665
57905.12746258399
56508.40587855499
55940.52618940997
57220.356434859845
55248.91504714182
54517.71915326618
53290.576351164804
53223.6360741938
53084.19685649138
53389.60725532593
53275.45567043302
53541.53189680363
52532.26172384571
53142.675608933634
54011.832430844464
52233.02057187184
51048.208781049194
50964.83049514653
49912.17017889669
49631.52409646607
48667.28150421774
46105.42442144332
46955.59397973766
45899.2905484713
45532.509133249536
44634.31945714621
42570.404523835416
41954.620160835635
42517.176583336615
42975.76927594754
43305.206858730606
42534.91665868769
41069.37232812062
38962.73253545262
39010.2467026658
38096.56531325036
36802.82158167153
35817.89566201938
35798.76084239778
35407.97036184258
36022.02486380769
35031.6372196401
34619.08593915203
Score: 9.414740790063325
Runtime: 623ms
336026.353494656
327290.22038425057
311216.73528459494
289497.39530788147
270739.5329655977
254416.79624921424
231172.58138202105
218575.91131021339
201700.18477502133
190629.5500976549
172312.93940579737
139205.20680954924
115385.26095635914
101173.0287574088
98007.41808260516
89332.55232076472
82675.67253400321
75140.63056577685
72714.42798137832
67366.8819275657
67986.87798107862
63586.26603049122
63926.787807642904
62797.24534489588
63499.0174216013
62201.292389728005
63484.40532066181
62622.23705025262
61979.245286544014
62428.58284062978
60273.54390262345
59313.55759593453
58285.15262979118
55749.54905644473
55648.758281637456
51444.094317348136
49006.17848233955
46574.320758611735
46016.76042481735
45290.90414045721
43029.63110901245
41677.29729752891
40250.810100632916
40023.03248815064
39120.582897487795
39235.90951019105
38236.97478670096
38055.21126877954
38393.34652936953
37785.99296519516
37553.5441798106
35898.655687934086
35405.65925983315
35327.94559160894
34591.000102196704
34554.73645949188
35602.07185610099
33600.36766964156
34099.21943817225
34271.37077257407
34369.29672582896
34338.168112559484
33935.07511140638
33196.66148205225
32929.83240757115
32074.25540344928
Score: 9.373830374344852
Runtime: 634ms
336026.353494656
324691.4801969338
305223.69754129177
286963.090621266
262382.97629317216
243913.0141458832
233781.51554919672
226163.787057197
207743.31345462627
191717.23357598257
175883.90371382277
157088.6073720043
146113.55695959023
129758.16791382022
127776.11073511171
124499.2895172175
108700.83450583139
97089.47408550302
90167.5908122279
88324.0536968826
82412.97527740838
78848.4817465398
73029.55535105307
71330.26745263148
70870.68079906357
70296.04267643347
68681.03392718268
65178.75436717907
60925.59364040301
59899.06900148305
57946.26211277538
53058.07977053077
49603.377195142304
47444.71035687447
48435.165089389615
48426.50355844146
47614.539319353884
47069.092631577456
49066.16447240724
47432.420837254685
46002.882452868835
45952.27472982723
45286.08605449892
45828.16673444831
46769.09118096855
46621.43232890193
43259.692398028055
40271.71772711524
36919.60301665952
36178.70973915845
34766.13225877744
33569.44192984603
32954.32222244855
32403.65395092139
32271.415414987798
32775.503192699056
32411.846109681996
33519.07861514936
32044.165939023293
31541.700788265363
30789.715682860606
31821.892682344107
32521.303187748923
32054.51237805026
32311.60149361963
32907.83283889297
Score: 9.493587345911275
Runtime: 625ms
336026.353494656
324932.4099945806
306161.86478106957
291889.72048173205
272180.28969304357
251574.74370627524
241652.48976772663
225375.84374205035
213720.2176923409
196392.0964090489
184056.8407046408
177981.51281733936
158126.67635538205
133486.5183040372
132499.1796341359
127829.05266172459
120953.08807172993
110261.99439749998
102973.714544
93796.82997121816
80775.33914472102
77813.32053685513
74842.50920722367
72791.81861973264
67407.31401278792
60698.6183183333
56018.46876667546
53705.56674990906
52325.35795159194
50755.59430401362
49860.937917371935
50807.08261418934
50062.09516243502
48838.723108462415
49277.86572516981
49726.63807481691
50409.965074785076
49489.18398267772
46745.29202481675
46256.93653799259
45536.541485668284
43904.401695196604
44874.448248206565
44855.09132407931
45253.19577012196
44016.0958342265
43004.2925331544
42535.58822948063
42213.834478487326
40879.88211809465
40592.17676292256
40096.46656046412
39125.42685704901
39133.325961363895
38143.72139727126
37463.81126300606
36368.84045491803
34479.72464118129
33879.3917788567
32722.87517083712
32965.762256824775
32502.36218194786
31857.92560480919
32407.11606503181
32489.725916345364
32367.12761466796
Score: 9.230863649427336
Runtime: 611ms
336026.353494656
324513.3421667247
307428.03610478144
285079.42454825115
274422.9841270866
262420.1750344756
252569.96486644662
238089.11820067215
224859.16237468732
218079.7740165409
218225.323073821
208396.61487872733
197830.22560430685
188702.7535897777
176089.23556476814
168578.81511489113
161612.49183986272
148708.45459174135
144646.1280249225
138134.5097822286
131642.55370701625
123321.21510329434
115938.49085656623
112150.53160343911
110108.55776371519
109169.31504250415
106017.43518991415
105807.63386803133
104984.7485249397
101779.7048778663
96087.85380814083
89486.36450821451
85571.31299569685
85355.04813306923
81363.90383175464
78064.44032061604
77835.70594111091
78098.45901428793
77014.08779245512
76403.18250486266
75406.83688814481
73984.46562122542
71178.42968123354
69798.68578850446
67976.07691650228
64474.0699939829
63868.938663853434
61442.61454520062
60084.60270082324
60509.6801142681
58687.905150341074
58905.63461833222
57704.02984307083
55866.894418995886
55528.93602381194
54009.877111905
53536.87887963759
53276.1431054232
52349.020052148306
50864.44773492055
51481.30562087531
51164.011675576316
50498.48678811796
50660.661776068075
49673.94764890846
49736.43228132674
Score: 9.086138806804998
Runtime: 632ms
336026.353494656
322254.7717611536
307153.74277192395
298841.55176351697
280873.3771898009
266991.6061252362
252531.28343909865
239464.86383368986
229725.2498323898
219220.04956404952
208404.71250163336
196159.8123961302
179118.91024431374
168451.5326442352
148269.3634049902
108185.77238627958
80597.33716508996
70129.87815159002
68809.13818864083
67623.27887360335
50751.094518855585
51404.176402093544
49464.82103842666
47812.5658218648
47390.103241188524
48934.734397619635
50310.599962918415
49640.83771499124
50507.79312153828
49859.241610923826
50219.85575998393
49042.27802588454
48795.96527427853
49708.354831208286
49816.42067218989
49108.508339152395
49595.36609263505
50350.74193672716
50320.465596258284
49123.641381719615
48220.31723981312
47890.44686580618
46495.68894636339
44967.67217482159
46011.89062452542
44947.888304692926
44010.20764767261
42184.05924559592
41596.752522925206
41635.94032545857
41733.282708221006
41357.977697318136
41034.173549506144
40281.94643937443
40071.8254461461
39781.59631008604
39532.49276591438
38879.084952809666
39684.87866068895
40577.87045203594
40253.43959626589
39331.76097135553
39577.47718059569
37581.30223658103
36543.47011995307
35592.93760040016
Score: 8.56699625349956
Runtime: 692ms
336026.353494656
324160.1983015737
310015.0495607233
294550.933637205
274430.01836479246
258931.45166065468
241643.02304927507
235134.61601672546
223961.45056717048
196770.56977857975
169044.92723806572
143400.14278036985
125317.92883578982
119504.96526803929
92560.60525569315
80905.2307557556
68154.38607635861
65247.18291615432
61391.55927315648
59027.87422499464
60600.45778531294
63372.22508175014
64624.26880704247
62205.13700012649
58886.40088409399
57613.120514243914
57306.4569789827
54622.556079932954
54560.25915678656
53825.87062965257
53803.3843760509
52104.932704251565
51363.61531896819
49307.829146375516
46179.31869274599
45312.771184632926
45527.95181750145
45488.83202239058
43623.41897238281
43231.046146776556
43413.96271073216
42768.75554729558
41650.34402482114
40479.720436145406
40490.303255492545
40926.772751987504
40442.30837796266
40491.53827351594
39771.29700055938
37533.4645679875
36084.248305629386
35160.40805599446
34452.84000874593
34621.16309840735
33748.371291790216
33035.5764319116
33413.016241500925
33985.39684454977
33319.50930212168
33110.761202482754
31334.5866064821
31187.348053115133
30323.2859618451
30341.536868148356
30205.34829821607
29345.32737423841
Score: 9.328363469108284
Runtime: 628ms
336026.353494656
323883.4640351395
305870.48162633536
294750.2921849943
282443.8440714254
264116.10216394876
257699.65179904673
243106.6506329446
235853.1806097613
223608.99499496626
200261.57685099603
193023.18474101077
177732.35683369605
159955.81087059283
153231.46478325967
144919.8436586373
136439.12914074375
135031.10141832533
130187.65817123976
125352.40691953481
119158.21625568713
113094.7754042315
108984.80392280722
98840.35928476909
94195.7941031189
92336.2834224652
85250.74321189275
83169.62964042272
78401.87953251938
76266.32842387076
74649.48564484117
72809.88341638222
67910.00581479096
65445.87455836101
62520.13496990357
62016.68817900741
59998.272908605664
60052.34286091654
57741.56029412793
56900.751244492414
56369.79381805139
53732.10412418913
54392.53288311517
50312.29127584384
50372.475843202665
49020.5994479298
49201.08276984858
47849.718110824615
47746.24306302875
46788.39500669572
45529.119369783126
44137.98524317359
44379.072157918585
42258.49252881478
40619.53064183202
41642.53750755863
41802.95084768459
39484.99424891769
40123.92430918711
38268.782423435805
37569.48890523498
37351.58554526758
37471.7859520961
36574.839111976
35418.807381189785
33945.52941098886
Score: 9.497202845770975
Runtime: 581ms
336026.353494656
321371.2242433398
309696.6306149432
294137.67164497793
274465.9374184895
267399.2273392314
252896.97685302334
237437.12282039563
218328.44408358636
203316.5159964555
196381.50125613617
177028.64425322853
163974.25777377115
151773.5920494342
137922.3341499496
128939.33127125188
123484.22903254813
118092.68529845486
100231.441422316
91447.8507543914
83143.43336024064
81958.75675910569
78873.23288003681
76608.420820475
72042.93676258474
68180.95017319659
66471.62082361184
63155.136884687425
59049.41868772428
59182.925848356834
59498.79830861901
60215.77000700781
61388.988979276066
60870.902300952024
59017.670723714014
58019.8316367045
55825.911487642246
54920.32941612705
54399.4619949492
53741.036404079896
52766.71504057561
52553.928933016316
51693.49087899916
50834.509098214025
49946.08797070186
47775.30861909511
47358.4270357969
46023.4320451823
45314.47174943473
44291.047012841576
43052.13367251678
42657.96412961402
42040.87909700027
42352.794762109384
41800.8770983857
40062.83469819001
40359.32384597333
40446.21147500707
38897.382171082114
38116.34737439204
38434.544615400344
38651.43905617196
37667.52945455241
37355.082076064755
38063.933369177554
37211.06333022499
Score: 8.235880075160658
Runtime: 623ms
336026.353494656
323373.73343633773
310373.41443323425
292164.4722974504
272323.954304016
260586.38586935215
248918.65740537085
228202.90529350418
203054.78897695916
182107.93144642864
162695.4077780441
144564.48417660143
118854.63736027568
104504.55432090063
93382.48078670696
85072.4726631369
72170.55900316752
65516.846507784336
67131.2898747347
64745.39086758975
64051.67584583364
70682.52347432882
71398.36566089901
69475.5916945211
72254.0821378548
72363.63880143703
71759.7672482761
71429.37685210514
70806.34426287081
68971.87676178923
67973.54953496312
65143.54069226344
63296.11301939066
59706.23136524383
59783.548945422175
59599.14083355753
56681.74870729466
56952.95499624541
54326.15394670926
53331.327791953336
55391.52294059471
53159.05495535476
53244.8460288032
51777.55979244333
50108.106680102275
50355.19064576493
49242.34946410029
48227.481214091575
47166.17574494196
46971.919956717866
45237.141397750616
44587.02471725654
44588.26210197771
44419.96576050332
41801.47437630287
40797.025928195195
40957.02469725514
40367.18625958967
40091.067332038314
38784.205739460784
38283.04108759768
37722.573824577055
35418.15988782203
35374.164626449456
34546.81162696455
33395.32068191375
Score: 8.761048574089024
Runtime: 634ms
336026.353494656
324342.82149807893
308601.3694886848
291197.27601432597
266525.3597637304
258147.9832728139
249718.23162393877
231573.28431659768
213099.64190810302
197095.1760291093
188587.07504986873
175482.87163348458
165135.27759059012
151534.45805470302
146715.3977036294
143225.55773487786
135402.4325900415
131244.71937995765
126152.34764603277
118641.17071667667
112632.50896723203
106882.24949282939
102836.14940604192
96513.14911694694
88447.47835267504
87232.37513277287
80569.19085697815
72384.27704632338
66303.03701564025
64718.155885908156
61711.02851830317
57190.125993384056
57040.01597710625
56916.614945262285
56605.41652169824
58625.72034414717
58367.840877305134
58187.320822812384
55529.410372015824
53654.388364869075
52715.28451680074
52449.088785266584
52331.81984951065
51161.96612581652
52669.40097444147
51943.84488412365
50432.853536059614
48514.579839405924
48046.3529762015
47024.83786777768
47082.19642758854
45700.14501563857
44226.50853272739
42739.018464985915
41716.45378468878
39974.89215873681
40307.5526661429
38951.2076622373
37632.73924483541
37292.647882180485
36373.544577690656
35778.39943032541
35364.91073173676
34832.34261681303
34400.586154295226
34062.01563099731
Score: 9.575326742614227
Runtime: 621ms
336026.353494656
324934.97201694135
308435.93646524416
291298.4746613717
269487.6418862881
259055.0692098555
244454.48527746784
233058.57483113656
217363.25293480096
197397.54223822092
187758.49623204925
173703.47983228174
170563.8800116047
168486.83144168975
165473.76515270417
164009.75016260482
161576.69164738726
155066.4958600874
153801.25476003857
148038.11667913414
140785.97524047326
131826.85663839185
125074.30593351145
122917.37222382231
116840.38736116362
106771.83681487049
105122.49585416721
100214.0710296552
92707.93828753037
89870.02386256913
85093.13291425268
82243.2258239821
85284.02729986743
80333.85394267681
72976.03221492119
71316.9538566424
66562.42297127507
62737.80876377303
59887.76770423969
58293.93454563521
55922.295603012775
52681.467844423976
50351.91763688169
49568.46043157849
46866.34098926616
45058.46653391979
43391.919278492336
41116.263342010825
40320.23824939592
38231.66478894147
37505.62687582163
36909.66363689849
35779.01571390549
36062.26044953589
35587.57979839242
35619.866177166085
35299.67259705064
34568.98426679587
33871.667828222795
33523.51150241246
33150.731417882416
33224.437185951276
33405.12103162358
32798.850800564775
33355.24712561247
32725.538503148764
Score: 8.875944394096281
Runtime: 630ms
336026.353494656
326627.017708228
308891.40768001624
296295.3371800261
281291.02022908453
260988.2036846973
246028.37013769953
227906.8287671917
212228.19757029897
197810.57359023494
182488.35670665067
161872.7963018325
148932.06821469363
144675.44544035176
134816.05747977237
132535.2276959073
134572.6948563323
125221.76814391054
122547.66039838908
119873.92007197891
120860.7983429435
118314.92327743395
110954.67730343489
105847.6091453028
102126.09069022692
94935.80392367957
93414.36727583238
88260.10929023231
85781.2739809364
84881.05172381297
82622.68407820778
82474.99853604326
80870.29289467048
79619.99562047663
76555.13782657647
74095.35512482695
73538.84001845313
73021.62521063653
72534.72937222711
67484.02493133853
66532.08478545869
66406.42035263091
63837.23259602078
65135.44832645542
63577.65633969641
63178.70766454446
63453.236016711104
64553.083688248335
61749.98064139716
60640.5225925548
59974.6609563897
59563.0799611942
55798.15301316347
57687.71205496769
57347.85662180255
56877.072830271
55905.55375923494
56235.971796764614
55017.27644562757
55091.593576381005
56008.65455329492
55243.06248308975
54769.088782705156
53379.09954747364
52885.41450887348
53321.06545906462
Score: 9.271366496404651
Runtime: 614ms
336026.353494656
326926.7952308134
305448.1920158354
284810.50226020825
261367.9605060274
231357.4358237577
206712.42904106408
169811.27271695604
151996.525740182
144325.11448730485
137224.99124955136
127119.5124773109
113918.23953516272
109389.89724700846
104594.47928648497
99888.56650737155
96347.00769853541
93862.67905027479
86975.68425572051
80483.65910753659
74526.10483618017
73713.17409001073
70212.69082045025
69884.55686278625
67701.22756610341
64804.08450724811
64925.86554364799
63503.999603266995
63418.359691819074
62320.83595823878
61501.89664567045
59470.40868434138
60045.280100043754
58518.529190340196
56889.00498077643
55286.90754192275
53911.622343045514
52518.814357094656
50588.928390963825
48061.41417868965
46437.954811265816
46592.60105142269
45541.76395825833
44926.385843325574
44200.18526964932
43955.86610702171
43531.28329574265
41699.88204693009
40953.69490846916
39348.128938674105
37028.99557824993
35322.18202451933
34202.69020728662
33854.04266545518
32958.101737443096
34115.61530581605
31829.614645815967
31349.174584846878
30363.21787505167
29282.474263203567
29897.092545982425
29452.3229194263
29517.679630740808
27642.953029701832
27231.510807404946
28166.6714847257
Score: 9.251595348855368
Runtime: 688ms
336026.353494656
324014.11117333645
305159.55541927187
283804.79900668084
261953.11236030218
250387.98406636168
243752.74374271027
233334.44997279652
218532.94907336464
205269.30077984137
191686.5796866463
184423.5978839006
177228.1487333427
171094.66259412217
162119.63639352724
147743.27201379157
133964.0703632342
118901.75355765418
113052.34266609573
106212.14467696357
100751.84410184648
98441.64873209121
93092.66397316036
90315.35518074245
85358.38945490969
87440.51550319158
84214.4864973492
83172.28394520222
77113.73441211297
73896.00963708296
69531.10321296043
63076.23983867715
58964.14010309017
60073.13587420665
57072.79691447621
57458.376609067054
54339.51696430822
52501.334012602034
52134.78741711038
51003.25918784451
52392.680207033896
52233.095959183345
51899.2249270524
51570.05955666744
51248.95127607733
52135.083016230274
51313.7982353386
51018.856311183816
48552.68354493554
46845.958904738225
44955.49897057186
44017.95560940264
43450.69656715254
42816.31041347255
42984.63778873244
43573.23568380232
42774.77888510379
43233.089446764774
41053.39058610734
40831.136602694554
41498.1418396666
39518.140503993745
38948.17889335253
38294.47745546687
38831.624712374825
38335.45308294888
Score: 8.747451712550214
Runtime: 585ms
336026.353494656
321324.9283654249
309254.31100447127
289808.7537611404
275516.3494030047
267632.959652903
252113.50161940823
237040.54493638597
217347.57769915654
199281.27715010982
182181.22895806818
167085.30598047207
151511.4026657717
134550.03220634704
114432.61334947858
110309.40209892117
102280.66391955625
105668.14545895974
99820.05528836498
91340.66012757826
89818.44393856541
90646.28396391054
85995.7924360571
80623.82078658413
78980.98575456502
76373.3781984557
73972.7855227541
72292.76082992241
68888.31436918247
66705.14587664978
66555.29509652061
62654.227673872076
61703.56324895234
59524.09226841356
58357.12187308624
55555.555397200485
54247.21810643044
54827.06283205605
54640.85849115932
52353.15332719512
52219.91116335205
52089.44712305849
50459.91841447802
50535.205727785775
49215.133827630954
47676.98332590501
47213.32604083617
45599.074890419695
44336.24306494205
43611.3870892488
42075.123391363086
42488.75278290438
41504.08084880693
41922.73619305685
41829.23637030138
41892.86770145487
40920.379606289454
38406.17826792087
39265.531623848656
39542.41152824959
39068.039167995346
37752.11163890958
37853.35094755047
37850.92159243738
37831.22178401994
38648.86710215154
Score: 9.216748880336446
Runtime: 620ms
336026.353494656
330073.9003819513
315554.53004420083
298343.01528378576
278865.1608019977
262041.6658919678
240748.94665916346
222563.51185549525
195249.242254395
176931.2984772177
146532.05823796635
134993.74666966932
114488.037547753
94241.40076679134
81163.47102072877
75403.36268333856
73036.84748421787
75075.09324648464
73848.35506745188
80548.00663631156
87798.37339344397
90727.17150175516
90014.22454353468
88273.84410751554
85882.45137372823
82442.3247245047
82423.22772468069
77311.78288724004
74631.29241866828
70249.24571493224
70307.45977407641
70361.70896016459
69025.81162779417
66507.00639325356
64908.885694785684
60669.49591013304
57568.477531613564
52869.29967388717
50338.79201671759
50312.21178217682
50254.92701456488
47752.178565750066
45047.16270938924
43039.84637444598
41138.73415472882
41059.31428137514
41122.715012113855
40334.04913143763
39788.6055821559
40681.53884892
40932.11582468363
40651.713323753684
39414.993732221454
37580.57159097152
38269.03858075175
37696.26899960466
37816.06536524988
35955.247805342166
35349.85479580414
36839.02801669882
37641.11044280059
36379.589450780084
36656.01796886153
37452.00690791049
33958.33445996707
33584.11785339899
Score: 9.300683227662995
Runtime: 627ms
336026.353494656
321870.6635043113
303148.93056385923
286744.7391040739
269385.97821855947
248410.56001268
238416.21328913394
224261.0290954213
210526.18173667067
202134.80546562705
195970.26846555277
181576.45774950233
174528.03701855495
156122.1118146206
140777.84457916228
132248.76605143913
125264.56143437931
118116.96846732771
113856.63349326291
111651.70915830717
108221.36020089743
104202.63580975727
100763.04152756199
92321.28273629103
89667.07982745115
86368.49323926675
85171.3901279062
83645.80367097785
79871.42884996373
79583.39278029925
77184.16367908758
72941.29351261495
68450.35515670197
64843.116756640586
61239.69932442414
59059.23405528154
52735.49333331296
48891.834037990004
46759.52816108971
45930.75992643519
43967.1753367725
42676.99269396071
41566.73849046721
39559.09462006986
38401.80848627101
38250.16592350453
37578.36425091295
36619.89883001632
35144.759495634695
35881.700272197115
35255.47655424532
35607.75776860343
36222.595412257244
36537.19541665432
35958.848702346375
35653.697551578305
33869.822432426816
33294.918730453675
33120.986535085976
33491.99261486052
33426.97618894583
32750.582063510457
32989.071498422745
31967.528191402514
30925.70344088439
28411.939502420475
Score: 9.233445351674469
Runtime: 659ms
336026.353494656
323334.5791013578
315314.68665867834
297999.5138502677
277437.6858107436
262562.5907420897
249616.02741911574
243265.72907088
228497.01657084696
208967.3121585492
188862.94415602833
156905.25095276604
129886.94790026579
110279.78038875881
97318.00154063579
92760.3824245133
88958.6809405714
89605.76283715115
86511.86175857061
83991.85021686564
86583.60054341034
86712.41757985791
86165.48027459852
85065.72556095968
78318.59061052471
77588.5908875084
75673.01193180014
71916.22754609051
70886.19252420373
65304.87651524505
62212.428996791066
60144.14087135286
56769.38086630258
55569.00910648146
56539.74211113041
57349.41124692107
55964.4063483046
56019.933862139726
54223.315314863525
54118.78999372433
53247.708143880445
51879.60839992329
50284.870483355786
48029.657455427754
45915.89036492439
44686.89241658207
43450.22116291567
39808.146767004524
39628.62632402299
39139.8930879165
36583.35945849633
35302.523177851006
34637.08979527697
33668.2589219663
32634.013189288315
33516.74886726729
32636.39873359111
31730.866333526068
31636.52453978746
31821.496101891957
30899.458331240745
31332.325035385547
31055.91987092595
29822.39037490914
31081.512285755805
30812.51054366897
Score: 9.562409065429668
Runtime: 623ms
336026.353494656
324369.3001386039
306828.24818564113
284922.51889361173
264985.2351356583
253701.27979923118
247245.0632892124
231597.98858132644
221998.82292340882
207500.5709824173
194648.56508577717
183939.73124222018
164014.52469399216
149830.3727734976
133743.26097962435
117466.30920497265
100088.87340592135
75012.52913702965
64173.321206650566
59120.03178884264
57510.17330053712
55763.95795010729
52993.89882663798
51735.857478361395
50642.64095099101
52312.245236480565
54035.223098492315
52292.92411145351
51025.20819522776
51494.843481619486
53849.901210331365
49000.5378370792
48427.42661131412
47815.41089525121
47993.80784404458
49365.7343348353
49033.636076796
48873.65787620273
47158.25700045905
44206.59597637468
43263.61270781854
40692.66095979781
40112.56933868118
38766.597296161264
36373.93432502982
35069.153017094075
35140.87117687648
34676.84084455688
33981.750508701225
32497.25599136638
32592.500165640547
32930.15399210854
31713.69763895956
31203.963740605723
31943.6249443249
32617.46343715158
31134.52059665453
30198.814264179484
30902.10097156829
31209.907702794382
31806.396137657233
31179.194223744085
32064.509624446007
32286.47131447287
32688.062867582714
32257.549569000697
Score: 9.307362322766986
Runtime: 642ms
336026.353494656
319597.02506014425
306374.31282559346
289366.80108619144
274159.5397902362
258158.39621602642
246422.75597418007
227043.7703875598
205852.74103669898
196153.22405659017
184729.4890775602
173230.43806016434
156678.22663390773
131371.6820886671
119696.74632221393
107573.88619856787
102973.99716044572
90285.5192628583
84162.27932476273
83032.45953831643
85548.99729020578
81456.23262276051
79985.18595448018
83987.96551975828
78935.55659291959
76144.0478559589
75482.66222031029
77481.13684071801
76860.76125288608
75628.5859618678
74803.85602623242
73628.27568176147
68966.33752032774
67097.81830243375
59614.48093178416
55845.459620671674
55795.100107789
53287.45655940664
54286.20389444383
53802.620299942144
53824.88013579003
49593.96631341323
46707.90767484802
46051.936512725464
44884.66283094266
44021.34146358856
41865.42309042246
41468.007556594996
39295.04957200113
38317.60843932473
38243.58302652349
37311.783442875116
34910.279091039214
34220.33429938088
34489.18445614309
36378.532263645764
36555.00855663829
35769.054109311684
35351.6889192616
33664.25644798786
34544.73224188431
34671.04995526051
34685.1125148168
34114.68414540916
34817.107200750426
34739.2342707138
Score: 9.060672222642072
Runtime: 640ms
336026.353494656
325216.6170888217
310311.3404001573
292141.0107985542
273217.55238642654
262314.35104435595
249760.04939130438
230247.90818431496
210094.22191010328
184430.11611973072
158109.36846723594
130425.9227934158
119587.90610394244
111030.83089951452
86901.4343338615
77954.62747479526
71961.14632631856
69221.68474267864
68697.06233899963
66612.76482019678
61434.82051000689
59437.81688460381
57275.03994383165
57655.13259793677
58391.893901790725
56269.04079727489
56395.45924477938
54480.33459254494
55617.73728480896
54260.319494723226
52088.80050014466
50928.08040950701
49968.30417484856
50104.08563504487
48370.69490974345
45874.344052634195
44489.608429489286
42157.183228975184
41211.118464944935
39851.72126049546
38982.99691305733
37395.030313576535
37648.549008537164
37084.29082973364
36481.03745475312
36561.88026621659
36273.64494096264
35497.45130418101
34643.98060851485
35279.27412763184
35046.729825199654
35018.47227243489
33897.334467664085
33459.00877894667
33767.926221752736
32010.53651404888
32205.488751133136
33172.46242999902
33421.9333249094
35057.73337498204
35900.100749230594
34940.27137385113
33841.40902758439
33581.734579945834
33164.48441454239
31952.368559606737
Score: 8.836705132301477
Runtime: 673ms
