336026.353494656
324221.90516797255
316761.7588280477
301568.2599784682
286846.3159256557
280040.74068985257
259918.4217074262
249457.93240089572
242222.01615769733
230461.9864001351
220619.75664007684
213017.30851788848
204118.69855279176
198073.0033802141
189230.58474598557
183218.60200337388
177444.3166260281
164887.83638500204
156457.93945447437
150051.62169751988
136843.17103305936
126468.8091435741
114942.77978557158
109921.7996431076
105429.19645794695
99049.28724956626
95108.12545651525
92038.15781997475
89761.10413163998
85500.89164826744
84325.3149229102
83156.6403520629
82103.36204197608
77111.75710668274
71653.05577408915
69451.04966440516
67406.83423889974
64020.02974415903
59476.18746368855
59085.317154110955
56277.92881225197
53395.66128459805
52753.15671384198
49805.73203202033
48893.73125187098
47894.5106212247
46185.91286910513
44452.44387637059
42832.1942244427
41726.3074953788
40281.07093128554
39355.50933620729
38367.31041239394
38168.14845989836
37136.98900476023
37264.98527704011
36045.52349515661
35682.81710068182
33723.786694650924
32808.37615892965
32388.754016764688
32057.550672879126
33465.512057480235
33543.91637400385
31295.02961661779
30271.197697493444
Score: 8.933708132887928
Runtime: 601ms
336026.353494656
327602.6176228989
316709.58430272026
302962.7230688764
290067.4018952096
271661.8514570937
255380.55561558163
247622.98562838635
239783.035586192
229261.3795334169
218504.76469351235
204761.94629062156
199438.05842092235
191196.12613469706
183563.88451081724
172575.56282095955
160653.84335854158
153378.02446461102
146365.57697740343
135280.8325604188
126852.38885537523
118210.91587556392
110122.91654957028
105861.17184317729
99378.12863622207
96331.05634844025
90568.03501965235
85019.1767898018
82472.42136031775
78450.78798575854
75558.63561244684
70753.45878394949
67503.12843456023
64916.485933481184
61870.426176816
59362.060881557496
56579.21465217077
56323.08997500155
53877.28353284666
52341.55359826092
51169.903082297235
48804.49075727729
48158.41837185977
46246.14919499115
45972.505819005026
43591.900066646755
42847.75854489431
41743.41456895568
40845.06063790481
39302.621708119994
38605.52862098731
38319.78713330369
37531.267988465894
36298.88709965777
36242.15063062237
35436.09252109164
34230.33735679613
34440.65377502232
34413.23825589504
33716.74440302317
33609.287229958885
33369.498026282396
33279.888738109206
33227.13511729514
32311.92468804858
31278.01573070884
Score: 9.352720049135735
Runtime: 594ms
336026.353494656
328970.45815905
312638.156256471
304265.29571083107
292646.281277692
283490.0178923789
272782.2207542956
259556.3928676929
243094.98531428893
228081.48267180988
221234.0821506132
209096.563320591
194652.31262762536
183951.05607844604
170242.01122394725
157044.67321061625
148913.14593037934
142689.27382562784
136402.0023845163
130133.83380851202
125420.07174826636
117688.88665372484
113203.05022868075
109359.38753721115
102458.91145458714
98432.8975371731
98753.84315327907
92657.47355791295
89032.95093738628
85469.95936074606
82643.55041014648
80060.08220104189
74507.46063604395
69938.60560460312
65612.22860217551
62537.37925879321
58712.65926463316
55928.433006158615
53567.06887749389
52036.98949517105
50037.103531682
47596.021178844705
46445.482985586415
45510.459780434336
44715.78865729709
43730.82399228593
41406.44941188864
40158.56932621873
38321.18989241876
37820.11600689056
35620.074602352084
35361.93993116295
35198.02294186046
35045.199752511755
33705.72994214845
32830.73250878326
33108.914512011084
32126.229544769165
33257.35360153646
31678.626658822894
30079.24960306141
29761.45846446927
29783.214849152966
29815.841652522908
29079.385950241478
29653.16878986772
Score: 9.51519231100267
Runtime: 666ms
336026.353494656
328712.0535997672
313589.93380872486
297882.83972988237
286185.019230238
272831.75768779137
255000.42739007706
248872.42914329222
231377.5168045566
208903.55968272564
198953.65424059957
187159.58568315778
167893.7790079491
154619.66162027698
150369.87898488317
142962.03910572678
134459.05442112175
124732.17752436738
117942.7136284454
110397.79861073918
100842.74414320695
95136.67144357353
91783.58959864102
88384.30212732546
84155.66492718883
82816.9270968609
78943.53745601619
73412.64212410373
68635.359244759
66158.26806674733
64508.284786800854
60867.787866392435
59673.755657021014
55683.612846430064
53060.651091999556
51112.286990849316
49853.28421674998
47832.842336850204
44122.95437571403
43724.86038084616
43229.71637606792
41090.2946653426
40622.63636540608
38230.134141016184
39125.33848853414
39011.934597710286
38030.99402811577
36497.84146851755
35261.812283680374
34788.0593377067
34637.24515179504
33863.94682624111
33860.82177749273
32517.74648560689
32032.88004846159
31524.38521922943
31544.63652038714
30624.069970211425
31061.071581729393
32313.522957424786
32938.292310595025
31885.977987184313
31283.51807216224
31823.83962076812
30416.718819304544
29110.83827043293
Score: 8.973768880008882
Runtime: 582ms
336026.353494656
327736.7231708401
317018.95974603156
300349.74508549913
285813.66163695423
272463.2456918515
256641.37431713342
243944.13220970263
233811.2012381513
220753.5652269301
211755.29313096334
207064.18812170837
197563.2888029351
186034.5701320614
171638.73111528886
165176.56302074893
154767.49520763275
139854.39680387193
134963.31854348673
126574.79075634008
117604.56090449318
103188.36105906226
98691.59135353587
93823.94429216062
88951.01532693775
86584.11998373776
83179.66174628216
81040.44694243163
78111.16385846552
75757.23635090375
74267.76180456759
70546.96124078227
68663.79089968742
67130.94280711266
66321.15493708443
66373.46084975798
68057.6692557788
66082.77360105864
65265.24980144219
63154.41445584921
62606.29760880926
61316.0766195789
60816.17711694094
59829.19776989881
59218.52407328386
54713.7391503256
51291.10249283645
49840.09088518622
51330.317455682794
49807.61226025486
50201.818740478244
46688.83825355646
43253.21558496628
40551.16175109011
41196.04845887586
38494.22367410681
38824.22856218203
37411.4931790613
35514.73500898879
35056.05396144074
34661.78522319075
33150.68911957243
32122.039494288645
31108.354812978123
31094.936099555416
32209.502007729043
Score: 9.687196011948785
Runtime: 646ms
336026.353494656
326220.8763432254
312241.53466096055
302054.20312700875
292077.3897908806
279738.0125610059
263656.2461314357
253898.09607317531
236307.15108276694
222692.84978072386
212131.7251615935
198810.98236077905
186438.8457357922
174665.32418166636
163844.37078145877
152973.33586844412
143924.10041114636
136727.2107874743
125973.14835125301
120617.25670529925
114813.33923978756
109666.51196623381
106895.13933905483
101363.09403028055
98714.30496213236
94068.24617157344
93993.57397103954
88072.17353229472
83412.52673091907
79229.6525111865
78480.9743636776
75347.38958792343
73625.34363085029
69775.20037279768
66402.37864973933
64325.07610019592
61461.96576664632
59819.054570179804
57222.941212793114
56080.80160435657
54462.21048399733
54258.917795868896
53030.896595836755
50760.29824047218
47823.810532275376
48224.220114252945
45500.62752036608
44203.27589404141
42915.70403204515
42608.17317354882
42222.79700253973
40570.33149404631
40056.88425851792
38908.067152348165
37678.1595953958
36747.270602642
35994.60721357361
35839.6780623372
34038.807569949386
34183.56677501256
33086.80873146505
33608.02096218119
32579.135210191373
30977.574182787066
30730.197180253097
31569.689337876825
Score: 9.146845006207524
Runtime: 611ms
336026.353494656
329618.17640758306
319350.53095731913
310389.5986833506
291700.1574619882
276962.76834718167
265897.9907971585
245427.84053312702
237461.70071320763
215823.69737795903
201822.7031841362
190219.8386295293
182093.59780684696
173324.31693432713
161266.95730214712
156956.49271041853
153952.37056574455
145650.9960879099
137805.01898069124
129605.60297006034
121130.0038119881
116158.86292165224
113356.6045092028
107139.23270746156
104197.43337057544
100953.07956195319
96936.54389082966
92257.43799210357
87081.94350041305
84908.04434477369
81738.45966756863
75695.30067364877
71624.18825576098
71235.3490778582
70074.51260769437
66784.23598139398
66672.64679800822
64901.52599191055
63602.490731825994
63295.92764509033
62275.7988999417
61353.261053167334
60606.49581854601
58185.31194270924
55772.89843439637
54825.493141549254
49315.5255548807
48154.534715423906
45976.443549098876
46626.24717214412
44065.67573569706
41509.17867030841
39639.45187492491
38870.15583512704
38844.747871265245
37715.59203408595
37226.168111943276
35984.145907110826
35266.249430572825
34279.76591166914
33594.81884767969
32085.132233496246
32193.50332529068
31987.945433981873
31418.48954651886
30188.7834581603
Score: 9.196130325813556
Runtime: 654ms
336026.353494656
329433.9901232713
313579.58009378955
293963.3009401737
282624.30279437645
271634.3888300498
256304.3238031218
243732.0688775707
235341.53288740246
218584.21221919643
196465.6990745446
191868.0813455794
178643.01656165338
171418.9623617212
164719.91607680355
155215.8410880639
148502.5393111986
142787.19304938318
136572.57709378013
133181.81817378307
126840.14499412829
121455.15014626284
116994.49488116028
116172.16892183141
109407.50713453292
101899.76042660646
94624.33563865388
84664.38224635644
81586.48735457673
80775.87239334005
75912.9420019995
72121.97423399461
67689.44282069607
63430.25120001596
59600.08312208203
56975.282611624985
55738.42051754339
54762.593538123445
52083.486983349285
50876.28019127522
49452.85919435107
48449.23505474924
47123.23739985777
45267.501138407875
44155.29290977495
42611.05005468575
41551.34758219766
40233.75477141964
38985.23117173525
39179.961878888804
37828.51760001158
36545.49452952033
35036.81275776763
34128.48968195463
32708.023451707526
32203.32760357345
32678.082692101776
31067.99812661193
30812.013316730427
30843.626356877117
29871.765634219788
30095.57302544072
30452.318927247376
28747.882813275763
28496.678161327953
26017.759202613757
Score: 9.365526438506173
Runtime: 605ms
336026.353494656
328040.1995537395
315162.0198155551
301262.28555134026
283893.3927823533
271045.1010933772
257051.16390073072
244553.196490301
230925.80713584702
215160.79830793303
195631.0613217749
184531.61086144357
167366.98057104813
155325.3243556698
143078.95036900823
129553.0608026581
123218.03844402138
119098.86814409644
112310.07650817935
108111.49845832163
100890.79106962655
98236.93304781143
93537.25608515026
88472.34491402343
87110.70400285123
83948.28359721096
80697.93824430823
76529.42829632487
73873.94122984508
74223.68411541147
70228.66758012501
69255.49228107647
66874.2043841862
65013.961448064256
63642.93271382809
63293.099843835524
62272.60867317462
62304.68836902108
61903.93680964733
59843.441300123166
56360.542023210684
55037.869153318374
54110.83629730079
52692.40242341879
51392.455345371876
49853.29074642987
48224.47316346092
47456.459115370904
44974.93438115375
43243.198371478655
43163.29319736541
42016.425910141246
40958.8099367522
39732.81720672314
40431.51290027203
39758.02564826318
39644.3316756534
39717.3971812934
37340.33078940611
37756.981508058394
36127.20312415428
34756.226128298316
33751.44452325343
32883.66739978666
31968.631923596327
31780.23650574558
Score: 9.57147269614584
Runtime: 593ms
336026.353494656
329000.60559291503
305206.6250201857
295484.52506372676
274555.3229009017
264636.4645108504
253228.36891236965
243180.59152472214
235913.98580138513
227321.87755493878
215610.40993149925
202275.07794413168
188529.392897534
177031.88237304255
170235.5041937936
160985.32033608272
154923.83810337796
147989.38334209245
142189.57338537907
135404.32775551168
132219.56285694244
124542.11290477369
116828.75785714206
111203.48114979641
106164.64632163235
100915.92596516674
92746.27303757016
86207.64450906102
82853.49655091557
77837.60349023594
73158.53352181666
70036.13094999139
70493.91618364566
66188.61173784967
62946.08864418899
60712.19382187152
58573.59688830189
56883.97602631644
56329.36372433266
55400.66914232908
55400.08806612365
55402.79846371053
52876.73793112167
50549.42838212215
47884.20188956195
47113.80170623976
46453.1950433949
44672.26098564521
42199.73566498596
40758.87263693477
39967.90599827298
38481.08865111395
37904.48487601751
36972.8469980497
37300.42207108627
36310.63117144026
34946.58485783513
34158.68395397487
34187.00952567899
33871.886667467224
33219.48336122598
33094.6228691382
32912.07384947562
32507.54001467069
32077.726409215564
31305.065274563964
Score: 9.399714969538296
Runtime: 569ms
336026.353494656
331412.9140788502
318882.7354209927
306196.3159610491
290246.22587779845
274409.8782825806
268137.4565210234
247051.3694941478
234950.3593849826
223556.16237964755
217872.41736668194
209343.02428233245
199293.16861675782
187058.01148083646
177351.58117808364
162213.436511998
151045.84558882672
144360.19748238355
140099.4903255594
133519.8472709014
127825.18571284408
116293.1365575765
111755.59877123624
105787.80443129457
99396.58117377432
93998.52545493201
88649.72241342635
85256.09328833423
81886.92084367793
77403.15944808656
73520.0044882751
72057.28507904195
71905.1552506457
68280.00920725844
65813.32572905027
64505.60456498822
61972.65788381895
56506.54178310836
54932.324492424894
53237.31433033404
51385.61920020912
50382.62881288117
48561.966556570886
48136.57002023454
46515.5991434605
46904.924882048486
45962.54915981891
42423.49204785461
41811.603713207
41172.725767784286
39472.91169306408
38230.40440876859
38853.0252773563
38798.406413241566
38205.22349531159
36719.79077832684
36189.16607173216
34075.62213209684
33170.449142915466
33260.13958532438
31846.04409139119
31747.099618358978
30899.627529525078
31414.259786704613
31098.7193341506
31488.737253126772
Score: 9.32987914809965
Runtime: 673ms
336026.353494656
325999.168911827
315537.6406615596
303645.0905319666
285575.34329779993
270480.586477079
263352.06590194744
247275.0668801511
232489.21909047756
225427.1185674132
216783.4276726201
208018.10325407193
190193.20070972556
178277.65651457905
170379.11236629993
157824.92949069565
152713.72070371776
141671.76803785196
125852.03468120149
119243.60116483312
112292.35773163734
102012.70638441888
95107.82797023383
91367.34946535506
85978.98062368983
83412.98678205203
77755.5239253412
72044.20530781601
66256.56412654738
64230.909797404536
61754.26139190368
59287.65748586254
55686.90912657894
55011.12186597245
53492.06827133292
53712.47374060429
51629.13144484064
51442.99344568872
49949.1791743881
47762.05882396899
46217.397396738525
45879.06931568782
45579.648051260825
44016.02301881651
43175.65673741196
41576.18567821312
41192.019036927115
41259.09994962097
40322.13455439047
40680.78003684425
39174.23981939611
38657.993437530604
38127.37058506263
37485.26950020914
35939.62382878884
35140.533584136676
35977.58455565154
35057.95319171088
35921.68839950962
34617.93104492217
34361.53973354785
33377.59142128557
33072.56552442828
33426.680824269555
32390.31633989272
31845.237606231774
Score: 9.564237137203401
Runtime: 624ms
336026.353494656
329172.03492857295
311993.05258204957
303668.5552181154
290581.6728029975
279410.7622583066
268275.0340777322
253848.0383527038
233309.78487874748
221416.40627176897
212027.74651661218
202389.13042091625
188607.39654937203
174420.1924139445
164751.04030750383
148012.70889144012
135104.70879448176
123857.78882869954
116004.90612613148
108021.8093147495
96825.7509904849
91308.18305297046
85647.34354609504
79599.15714812936
77873.73284555944
76104.90047683952
71887.0843139042
68194.86251146301
64377.63967526667
61463.94626657705
57627.13691507396
55318.44113946618
50594.85576334529
48367.65147475737
46097.76783096937
44580.5669195201
43357.918282143735
43721.43216070162
43175.49938852999
42234.50284015831
41864.517389311775
40407.01791071203
41215.80155467933
38879.53223445944
38015.93641953597
36717.06188184339
35844.91036114892
34353.57752794022
33483.75648428617
34252.7036606149
33663.47949196403
32980.232627667414
31513.971937499275
31719.118637601856
31258.32834454033
29747.4320228641
30265.974615716746
30570.57807533434
30935.91947518246
29457.21849479327
28454.446443196564
28540.74200102728
28736.660707137067
27674.134769781573
27079.85824049793
28022.48403420155
Score: 9.280087612905044
Runtime: 613ms
336026.353494656
329438.77542235225
318896.7350631886
303859.9953848633
291950.6831568128
277069.14405483863
258942.0994211809
251022.83283190877
243518.49667372231
233540.6345538407
224104.6336058791
209736.0527425622
194433.60934128755
183157.7393354789
173416.72121558303
165933.93718308414
159586.83545536993
155003.42368925325
144712.7751402736
137713.32980805088
132656.6052168549
129073.59400276905
121153.25734063117
119269.50198257779
111385.84296790305
107774.61956235101
101542.047698204
95988.45610236732
90604.50143536451
84901.54958237114
80210.81660124467
76344.05306604454
73345.41209924358
71644.18655712984
69779.73756959643
68609.99543250837
67188.60527598817
63767.5263017001
61325.95309391005
59118.393788414374
58446.07317996211
55939.338218805766
53076.63430330011
50536.84707266831
49462.07220884874
46972.922827178816
45786.3399258989
46067.745942233785
44685.615478804015
44088.137557445174
44178.930239424415
43485.73416982966
42123.90497794813
41423.35727072166
39778.66397386228
38183.918435104155
38309.73518997572
37696.399252549796
36650.15362584677
35499.64303191365
35242.34606585349
36585.88030167715
36227.415621069915
35185.51538398383
34027.17689124677
34614.03776702242
Score: 8.930547608981225
Runtime: 662ms
336026.353494656
332673.3446861144
325735.848639675
317659.1972537225
304726.45125411503
281953.7632937974
264260.02301757183
250175.49300444423
240578.41972038776
231144.78193865556
217893.94775884537
204713.997848705
203241.66562720196
189607.94077661305
181558.9774032119
168905.56524095277
160243.58866078002
148273.0645813182
143577.23904766142
131030.2738289085
123819.85618133751
119763.3709522517
113639.42781319242
105538.57119461855
101017.88106191866
92176.69544321542
87752.53923268736
83745.00859177444
79245.21122625319
75118.05079858369
72096.12640153701
67335.2441141773
65666.56390482491
62159.65914923489
60957.1508172996
55695.98142788271
54686.53352047931
53139.55500643824
53076.60644969392
51348.730731723925
51708.58179532289
49573.58864861831
49920.126463843735
48641.2986883473
46918.511394607165
45199.497987327166
43223.17974584199
42622.65828661567
42761.414636955284
41217.25241002703
41490.496835642276
40977.039719046756
39172.6256190627
39610.66433724656
39231.36452229012
38938.7015505894
38185.12938650973
37701.228838744675
37155.61081567068
36718.56212223399
36549.25379772258
34951.03563527636
34064.52067839768
34404.1063428501
34456.43264564766
34571.92197628702
Score: 9.148383746499015
Runtime: 629ms
336026.353494656
329483.4278787599
308884.77629595133
294444.0918656595
283178.8054806843
265147.1484248847
249346.94661722772
239685.94895339137
232790.80254215587
215381.4752365833
204399.29466415464
187114.49573893033
178302.4446803342
159410.98053369194
152919.70973618675
142361.64438607387
135145.58958015096
128925.84420979777
121768.6875955264
114909.07865361226
109324.12484081063
101528.65846214979
96039.2260915483
91232.05855520933
86837.93041256521
80466.22987986231
77064.79422443417
73703.39754986714
68605.45066998788
66878.54194817333
60467.14901276807
55341.720697029494
53640.536672782815
51337.06178627221
49453.562522969616
50492.04460995797
48853.75547941451
48054.117915580275
47231.4917039478
46344.36981668793
43391.41482266731
43712.06647055974
41036.61752320957
40032.17035958385
40004.327507695896
39099.204385437384
38829.64696984073
38194.73898513965
39075.67239911076
38439.30657094982
38064.16037275913
38359.661963298924
38370.62962503259
37312.74402417535
37089.5703114014
36301.27796185801
36158.944672346
35524.06279698935
35481.21905136695
35759.14329174545
35641.921426818415
34524.40788206893
34111.261836446625
34469.57524831235
34919.05770414457
33234.55995396844
Score: 9.172153943452484
Runtime: 611ms
336026.353494656
325650.1110008718
312765.79567726195
296510.9018876757
276748.6774894354
259423.32329401455
249554.84067917865
233437.7354029995
220717.40304556757
202625.59447492578
190937.10365038118
184539.7086110903
171187.62390564024
156256.54688404338
145917.2120981681
135057.62980434252
124009.56932362422
116472.07678757598
107831.96010655342
101572.88998851353
95858.24535459076
92143.08489605182
90406.27112734527
84779.98179052758
78421.68307392798
72690.89812866358
71020.62263601829
65824.01830632632
62657.29031448494
59059.68686310865
57236.71426003502
55913.9284294638
54031.44468691958
52086.53063933745
49694.88898659872
48262.20156645331
47738.91941831084
45830.77829812777
44210.68614253012
42664.55231511978
41046.29968436756
39565.363257109086
39050.083507244555
38267.31803969557
37833.10716092793
35831.124760971645
35540.557577994354
35781.70540735727
34706.2187613172
34752.89452581314
35107.10389314516
33967.3616384634
33590.807715503426
32645.380973151925
32507.027832151114
32483.2162110341
32437.85626994667
32790.63966804493
31759.4789037644
32470.336549629563
30888.203869345823
30745.457621177724
29912.0137004654
29350.598816982812
29141.39621417859
28691.79160350643
Score: 9.609677650800414
Runtime: 620ms
336026.353494656
328642.4740236204
310386.24457705516
294544.1725716035
280696.1917619474
265924.06271306565
258363.52112353174
244725.90776758856
233888.61593847783
220434.68526009266
208232.24452185413
193910.1956612633
191160.84951808135
181124.56640893212
175755.52659785212
165295.4067802393
153003.14535417606
140871.4356439285
137543.45257559698
131422.9932900606
122446.68572700782
117846.01395770157
110942.20548198649
108162.79460657547
101561.0751140284
95211.44659814145
93116.97958051978
90294.7251397828
86620.84344133224
82891.9463246373
78586.73063489134
79490.28599403637
75417.27951527531
71176.7933875746
68977.04621550416
67855.0812058118
65319.2774272925
63573.58289388192
58668.88949613857
56149.95931949184
54502.609930606544
53590.847342788955
52339.31007056512
50904.1663351252
48555.06514817852
48287.62283495155
48286.702481206376
45616.47277733846
43028.534743361044
42722.48014922476
42405.63132130805
39990.36689918686
39095.58999187061
38805.45300338189
37782.85738791302
36717.8124795123
35649.649500667576
35608.62748225134
34324.89380116427
33217.0366295789
32440.39820726737
32265.27646410384
31899.795762402904
31982.302604496894
32630.712867104863
32349.19163356597
Score: 9.666631469432152
Runtime: 623ms
336026.353494656
326621.3601977764
313677.1406773478
305790.64817046915
295812.1036203264
284065.01854998484
259279.6346434529
247568.98781022654
229911.2035128948
215327.3615346437
204416.19354027434
184282.94632495122
177147.15192061444
162196.75944759152
147541.68166617054
137141.81794810118
133146.35980292276
121387.2929769942
110384.15921947252
107474.83389485998
105462.15215352579
99830.92593447266
95007.7516398806
89319.32644967377
85988.07806952378
82122.04941340066
75313.34591436472
71984.42851041236
67677.0309329502
63714.39377225069
60433.293199007
58955.50412264058
55337.038957753844
53640.22303008803
52100.44537851284
50316.8258031255
48873.06058541395
48063.57361917996
46396.33720060735
44834.342717908214
44610.21010029776
42815.019873705496
41119.0711147338
39286.49732059812
38016.50264979039
35127.20326311176
34234.135629639146
33027.398219943985
33495.07271318234
32890.4233273101
29892.572752543594
29914.050648807715
29334.67597299003
29116.291039009466
29998.15872998513
29261.122690959302
27598.338087492142
28289.904513125126
28726.27996707522
28440.05942295163
28589.852432889664
28342.67151662288
27807.43061405973
28594.272014949078
27799.65313271718
26532.965517925226
Score: 9.508515402282612
Runtime: 623ms
336026.353494656
325239.65083007264
311080.76728616474
300710.5909905299
285728.60903107305
279462.8692811521
267493.7525216924
259064.07468539017
249570.82490389244
234632.76054623458
228168.7533097275
215319.40086561773
201575.29085314932
186923.35061829787
173887.44465869307
166403.88461916387
154968.712394568
146451.96645496893
139236.34054494687
128789.89002909385
124207.70588046807
115350.21096551427
106981.22152944459
101056.88001281595
95074.0320422803
91333.7503859756
84915.12025855416
82490.65295919863
81158.28601110089
78553.3599331047
73895.1156560752
71083.51172543972
68627.87870393344
68011.46643899016
66927.03574056778
65457.83554565704
63142.883519206356
61448.732921700226
58785.770432729274
57957.804008042265
55355.1928167413
53058.57411031189
51604.732206009394
48595.81422524754
47366.05839307297
44540.82069817194
42446.34600964064
40851.6412200225
40245.63669303561
38918.37715287369
37701.290391133676
36879.48134460117
36112.55611856995
35124.50982814689
33486.75395564054
33221.573281240126
33106.31030963311
32142.821567610255
32108.06212475746
30114.93539782259
30067.783543599606
29457.028175402043
29522.294683269763
29911.18577896942
29840.56222994738
29608.595424184547
Score: 9.610437315784385
Runtime: 597ms
336026.353494656
330600.59897908603
322868.64137353783
303883.45871190564
287660.53266670264
274011.74775785714
261675.1754748955
238792.39929733716
230044.28470184887
222146.69096132775
208733.40798226502
196591.48041513527
181367.28613000488
173858.6987410534
159413.93539791452
156417.00858020765
149777.19576929425
144433.5321311532
137239.31168077962
131219.88776560093
123954.00962894673
117859.74049361124
113502.50861292906
110424.23472601116
107937.9800965346
104974.14435424794
101715.94331840353
95697.07020968433
90074.75604951051
85033.63014392274
83017.61391350927
79342.94239205524
77566.57211104398
75177.10811128914
70612.31981678084
66526.95378770624
64731.09659883829
61214.52895370068
56884.883754470924
53027.3467619693
51060.6240695082
47428.26665381901
46071.33471649576
44261.88194243763
43282.124651424376
40880.45585318305
38967.19982838876
38400.53448619587
38185.17430294991
37650.89111429973
36474.78122560075
33875.87032792551
33447.48777936308
31940.993110449017
30674.563758894354
30320.762736511908
30613.007501245913
30377.13087733826
31576.368437171488
30785.668998124995
28905.618218028147
28699.707408306338
30029.72053837428
28671.366934672
27081.97921101497
26727.00578503874
Score: 9.43302200898175
Runtime: 618ms
336026.353494656
328347.73528481607
315832.6644395386
302706.21589777345
290430.7559197919
274199.79419641686
259380.55924999193
245588.47867303502
235837.4317033587
225224.919504937
217100.4602120342
208870.44716337015
194555.68803350386
187778.69087027456
175407.71476726554
166952.9754814599
161502.03641280942
150657.52921189196
138814.60459351624
134276.8248830859
127165.2490152211
121938.9953502399
111328.37871061804
111120.9426275109
107891.60732038673
99305.91577598026
92459.26437098125
88698.02535006462
87578.59392966746
84445.83155880212
77566.43930146389
71593.5789745988
70799.42142346059
67538.73644908065
64935.19976192097
63077.74530894845
60973.779116503065
59727.837212663035
57370.747248563726
54752.16839743785
52367.61629684972
50409.660668331424
48687.11593847614
46764.455872319086
43655.96463626131
42677.20440128599
40856.43988919282
40212.8006742064
37906.289101447626
37807.92131031508
37169.75137715886
36386.74416532148
36054.40136775618
37026.95914202056
36310.20660648125
34439.04647905215
33554.46022829695
34865.3506033666
33924.273801642055
32363.062598874396
32039.204630535096
32448.88451112921
31997.530626667987
31703.243550295112
31771.0184100822
30589.577454544087
Score: 9.3315090074151
Runtime: 663ms
336026.353494656
331609.15381060663
320711.3545038782
302065.1979135943
284535.17692912254
268752.52324503526
252051.57882122346
232212.35491127003
219706.23450924808
211125.1752254133
198047.90610203418
189530.43628792922
173699.0221265307
160768.30479802558
154014.50819067255
146040.46382577534
138778.3715106893
134045.74883883187
131421.8873808847
124745.23981091531
115718.10055345292
110468.4356536947
108087.2884855808
98882.08427977201
92240.22989324521
84648.6949902903
79768.89948464735
77687.89368283928
72483.801340204
70085.69969444012
65105.22308352444
60217.533845059035
57313.587974966824
54701.81634801966
52884.41502191765
52992.27112358371
51265.905469256235
50295.747454757264
49690.893742924716
46550.91496046009
44765.37340395552
43502.241885416675
42117.173687552226
41193.78516204789
40586.22709475876
40210.969909652
40087.757282064325
39618.32553629944
38927.31919937277
37985.933612454704
38658.14855839679
38517.995507388536
36591.08617968238
35190.20716277081
34185.71594835108
35130.473716800356
34891.62466983691
33860.91402413078
32699.154536335496
32809.542887495365
32631.49989726329
33120.13691747837
32289.45371377302
32538.24430670946
33332.19606456083
32676.124668524786
Score: 9.046491120803921
Runtime: 642ms
336026.353494656
332042.1313002649
320053.0396662802
307867.4438808226
293400.9682460053
277840.7493678403
264594.76545705396
245946.2842526201
229484.69809498612
217622.86292551897
204380.990292422
194155.94949710355
188400.20552330487
179482.32759304345
168170.10870564677
153785.24887302978
142118.23693043558
128586.00990966732
121347.56188025403
113121.26091491792
106605.17730042824
103431.13143670696
99666.40830769345
94105.52777579371
89576.02969374393
83709.13127302914
79230.76849382711
71989.25587243681
68186.18900879854
63341.55670596519
59985.25011115419
56480.22785514602
54487.7949229237
54818.01637607446
50901.28119981614
50159.9802830431
48780.45704064467
47154.10045604727
44084.76046056237
43478.3751507522
43946.295900808815
43659.808911824584
42660.512623473434
41029.89632278854
39610.16555477781
39422.43907166156
39266.572852558005
38714.784643267056
36852.56994578372
36264.33421849565
34803.44417133304
33912.47972292868
34129.83357361116
33549.31580300695
33043.37711951555
33266.91233558373
32105.517190839782
30811.583434812568
30998.434702630337
30424.89513205432
29776.220631039727
29655.078716957167
29205.64432269957
28226.056699302204
28334.50647605979
29087.471310137553
Score: 9.225848867321849
Runtime: 599ms
336026.353494656
322324.295325584
306512.9312851527
295301.3161164102
279829.2207405397
260384.3468691251
244356.9222671756
226851.7792481013
216932.30712876635
202576.17611162612
194491.5119870575
189124.2879334759
182387.79980178602
175693.18210435295
169767.9716916156
161787.05923743348
156455.36512011776
151702.24718603492
144676.61997256006
134768.0285078307
125876.1100980585
120589.59172103563
112843.07139463052
107103.42674029704
101197.31219052311
97093.58185470825
90942.2439203389
86555.67278070196
82682.93066712
77725.58661724058
70736.6114969941
66643.17565546789
61890.420028482666
60990.03424664589
60325.89945170359
57899.961610497565
55202.81276639539
53532.813465803774
49751.63414198027
47578.622911390165
46793.469321926015
45800.80529848335
45113.84309314408
42994.18004499458
41336.49393753505
40151.06653704983
39431.15195431804
37664.35412295118
36702.49450258312
36557.4863610233
35360.79346626438
34791.132382583935
34342.3777551857
33254.94271759303
33075.67276593989
32697.39361177916
32091.745784336425
32117.490267116656
31593.571304758192
31679.668383111944
31263.26429983323
30857.476373498957
30810.694203131938
30443.401268905487
29253.455733454706
30048.17427943823
Score: 9.478810563257348
Runtime: 585ms
336026.353494656
326954.08558983845
316786.33304572373
303944.43984629825
289701.2633218438
271740.46853336674
259517.4551732877
245168.9581629633
235045.49431616135
218645.7489657061
203823.88189352522
192611.19480365328
185248.48902932907
179967.0072532387
169862.78144770334
163291.60219351295
156500.1736614009
147912.491563723
141231.71911292928
130364.30716941127
122108.29276236163
116162.78430560952
110219.02179019664
104988.1251832438
104109.96389373532
100378.66723175427
96531.41947991298
95591.74589133375
90083.32705275454
86146.66415583114
81646.355387308
77152.1971858891
72546.1307520286
68545.63906712265
63571.62561494037
61437.62316141646
59892.534988591826
57378.89520251886
55090.43624487157
53479.156782504055
50466.246331211034
48892.226185140076
48332.780779817374
45684.247308627135
45477.694776924094
45271.25809281585
43946.92812387789
41795.59694537627
40074.9119959439
40173.29251481937
38552.16424623036
38535.638698383416
37791.23313685489
36936.916404707816
36407.30121297145
35833.64209269521
36000.045261475716
35292.65050979789
32916.2340923402
32687.18087317279
32622.482398929616
30472.07935914139
29644.053410020195
29745.570156982096
28855.620177140154
29402.699019408887
Score: 9.76140787452347
Runtime: 650ms
336026.353494656
327064.14406372304
310438.3321908691
299878.11624451814
281519.43481328106
267878.7625850914
258460.02957531647
239961.1076611315
224051.98156174063
208809.76341984217
190989.03064604205
174838.97128251492
164138.47627094697
151405.6081084315
146263.596126155
140975.42623592605
141772.6552117267
133995.52500093656
128740.98191698547
121645.17237369997
118142.94372204441
110530.02240482534
99707.28780029295
93253.93188875832
85679.82050945582
82720.61960361987
79585.49357986082
76003.34485033849
70551.97444767333
62619.69903212258
60729.472842967254
57264.087028628725
53665.56739689395
50848.58293125381
49572.40936075251
45391.30992646675
43852.70498721742
41343.71870276698
41733.13673640659
38558.024057927534
37099.96821317555
35844.823129234064
34637.09943677122
33924.81459784213
32968.1653268519
32371.58665471209
32281.10634058005
31567.65931632512
31382.375112106354
30742.633584925185
29574.40417338755
29901.508349957156
30576.15316147679
30190.078562311362
29943.12570241456
30704.97882579072
29407.972611282366
28611.649968951795
29003.4110461269
29095.341781548028
27543.409253977974
27538.405746515324
27595.481539472956
28330.557487425434
28814.434748597847
28499.92868658965
Score: 9.387153664958445
Runtime: 632ms
336026.353494656
330607.33733983355
317959.83451125876
304540.23191343603
289887.1566342145
277798.205166326
264268.7501790941
248080.51150843393
235902.89520173075
226668.2807560065
216971.29677757117
206265.54374725494
197310.46175332562
185370.156664818
174758.82129285883
166406.151778476
157473.51879476733
147046.09246870707
136364.75685252805
131365.85381820123
124914.28961480242
117208.44348789091
108786.26731969269
104776.9560816342
97307.93039852555
94712.30695548648
91246.90790937789
83950.31099254102
76542.11275438685
73995.510752347
71675.74680792862
66642.5340619251
63737.711903815754
61612.82679553775
54971.642431180444
51772.42668504933
49440.95529081645
47702.90045009252
46270.60495040158
44440.31757134178
42076.666827164794
40943.16977171223
40233.67810024248
39640.80550487794
39850.64398010494
36965.720535649896
35880.86472939338
36297.34297264741
34957.67498102372
35542.96284278403
33852.96530271072
32898.7441024424
32401.01914753998
31988.911047085123
30406.388130934683
30188.759957873775
29117.759193790298
29197.714703597925
29235.70589821696
29188.202560541995
29076.064683667162
28475.73514784417
29011.602150711944
27566.282887452566
27761.051936273238
27516.027010364924
Score: 9.61792250192363
Runtime: 592ms
336026.353494656
328000.75237196847
315048.719206621
302112.93541826436
292598.2410936278
274644.7531170283
263908.37781236676
254122.00096634662
236671.66727289933
220260.48706339588
206534.54171594692
189909.47087329434
181647.43922330745
172277.93871799266
156311.41823009594
151654.89392764485
136197.75367021674
129028.37346479682
120273.05566920381
114615.85317176858
110952.59757522741
106108.2876807967
98837.59499971104
89478.2013518859
87992.52159732865
82792.50014983454
77513.48076138583
75262.17766671162
75829.63707884056
74425.69544750685
73002.14982701425
69731.74655226275
69041.03511461949
68146.64823951371
65729.11372707151
63466.71879628447
60166.208879143895
59432.66761134768
57352.70873670866
55359.999475488075
55100.55713188058
52904.169785577535
50818.24279970841
49430.21611806601
47443.12042873007
45325.32133900748
45035.33011167396
44905.36954936533
43600.93074663702
42416.80205085439
42011.687700598195
40268.51127240934
38423.838050444865
39161.91975314807
38445.23894934249
37014.25528428451
36761.37491511377
35667.36035899185
35379.9493836735
35223.583521415036
35941.59019708355
34851.316536815044
35859.18892168454
35411.662665904776
34337.925229487264
33891.5477431248
Score: 8.464350473457879
Runtime: 611ms
336026.353494656
327055.68125664117
319007.99910232914
308349.3886136395
299153.6658836222
283385.18424186675
276900.9554389239
256775.72824770765
241180.20494811342
230057.95742972993
221762.90738117756
208166.85248326574
195680.01216236083
178759.54150451656
164141.92099385642
149818.59837882526
135281.86825416025
128278.17571126776
118220.99827662393
108296.79572388803
95607.2207718093
88124.90464604607
80521.28985105375
75138.00485899784
70721.81773463955
68246.71191422254
62743.48081661346
60088.19370025714
55588.45962584249
53040.125736960385
51441.02202664176
50071.09906199405
47948.68057875431
46605.497847043094
44287.57381528196
43376.65668373143
41654.446566985585
40993.8162665889
40932.71544891332
39885.67235965787
39419.07029272024
39932.62308133389
37347.048587939345
38095.614190860884
36632.8472426041
34382.955346784154
34907.19546493838
34847.40736649073
34767.21568247935
34307.534736166366
34307.99535259365
33861.65863045467
33933.13288852562
34233.36039773982
33860.50510355529
33251.59644828184
31741.659278124676
32741.89923126115
33005.7166767648
31889.494027116016
30651.006569991292
31406.801409234584
31598.837052117007
30866.671424660384
30654.552388623357
31001.759128891146
Score: 9.375665214994163
Runtime: 568ms
