336026.353494656
291852.58294665895
249093.7319101841
209225.3397572135
176531.72268379474
150545.14599715444
123213.69395339645
96915.84529850625
79258.2595172631
65973.16734469323
59333.544279800546
51741.59102584789
46633.90155173149
42884.80635952317
39027.06799443195
36002.23889420309
34886.69339100061
32603.820455325138
31449.53055021002
30329.082643874608
29642.45231617217
28820.74833415554
27958.19157949024
28153.88655309452
28267.463122999106
28717.712579586627
29606.53111335093
29414.675045305597
28753.94301130553
27954.2226338668
27804.119270789608
27504.379768741303
28156.819310466795
28430.529370423654
28284.32169482046
27963.55225341959
27471.87243188428
27227.74742599825
27557.64184082288
27988.158482282655
26413.799684979764
26735.061116323373
27345.67072739061
26162.12619882171
25198.516960063054
26025.109817687375
26296.79165691154
26261.453312516787
27031.196477535577
27235.630247653604
27014.709984256046
26032.648830067235
26135.157540478613
25582.922592657174
25646.036118848282
25525.05023580517
25977.619974316513
26139.95343544586
25528.9207993686
24166.18006924704
23268.12968369552
23405.797433777534
23912.38216691446
23963.95408883334
22969.355147613238
23813.26002074538
Score: 9.446444284256447
Runtime: 604ms
336026.353494656
298822.11977367185
255533.29694823068
221703.58391481478
170382.40729146363
129408.71649748117
106807.00546108771
89962.42550635066
79028.46608570192
72298.35835789438
65926.63609238269
58786.7120589272
52257.68226998236
47017.84048463592
44587.618255962676
40143.29478815106
36353.52783743706
34486.77828616427
32923.03778651771
32585.777990420156
31570.561095900404
30470.954030398327
29128.753187534676
28351.094171351666
28907.721166668416
28630.006425065774
28458.402866456272
27528.949851554
27103.907285565838
26702.18372556115
25962.000024640307
26602.501471041953
26988.396687845012
26381.027809379357
26859.543829631773
27989.698347852744
27086.066199798344
26575.236129512443
26618.54460877393
25919.822454352572
25659.769608928236
24907.197908817885
25166.92641939894
24617.985957867826
25982.94531138964
25766.11901692426
26832.808954756158
24769.669171567803
24833.53276525689
24598.28844266282
25330.94040249699
25554.35576640905
25289.005253988256
24286.04728170587
23395.1958105443
22943.43409336691
23154.126345101522
23165.16046648137
23173.12456668304
22200.639727583024
21881.896919956893
21819.604213192863
22574.00291729515
22059.233880362623
21385.716167532253
21905.661467283193
Score: 9.824138446283753
Runtime: 559ms
336026.353494656
289496.9500985863
249751.51809914614
213266.87598664523
183766.01260895596
155486.68420987873
125332.4319602441
99767.744028881
79797.49864973425
72632.82644717138
63721.76561884057
56174.853647430646
48919.07776457279
43825.42022642191
41625.445655854404
37939.06201342957
35490.20007982374
35196.33335248968
33016.40434428623
32994.16462375664
32890.424017281584
32277.00605004314
31838.280559413193
31454.31284767417
30312.66021310186
29591.04131123284
28985.70258607088
28277.123362395996
28073.97218721954
27630.377801103255
27878.30305671043
27570.76474873002
28027.742138129506
28149.25497984036
28892.022135842755
28475.855720828058
28090.39551597619
28155.35038506944
28131.561479443306
27002.516357436707
26497.162218075846
26998.76396588329
26157.719246945162
26229.914658307454
25847.072049330636
26206.3532161149
25974.854275916776
26359.97011966968
26200.921245298727
25169.2804144816
24532.146415294195
23925.037155962807
23746.410588257084
23180.11535505276
22783.55873849503
23136.796387063954
22874.0895274682
22664.341416850773
22382.748570982192
22572.00127543512
21592.28587204932
21340.079136205324
21923.76117851712
21684.52951280413
21590.307285888626
21051.299548577404
Score: 9.574303489873763
Runtime: 652ms
336026.353494656
289747.3000405204
245909.6716743604
209850.94350548054
164533.890787515
131362.68579792266
104272.14362971869
87369.89142818747
75280.95022350569
69005.84985377041
60165.294039406086
54434.17869406561
48700.813187946515
44963.99343407643
40030.02121951392
36404.481902639985
35250.92274717988
33683.67503521145
33489.56284203397
32861.02592004921
30666.075947588226
29185.81777415007
28614.707626959073
28375.004667761816
28585.508638031395
28763.30519846753
29269.83226952686
29451.01406681001
28166.02110100803
27956.456914005692
27919.15715035099
27275.209740799408
27067.7868352708
26612.580832886346
26568.716873750793
26698.08157430823
27657.93849462403
27501.5531605954
27199.54709334449
27283.92371714398
27742.860309132404
27549.837071007154
27544.455979232225
27981.243625517145
27826.99347740643
26829.079697207835
26999.896082130064
27024.782007796864
26437.545639852808
26466.255559940608
26528.864947664777
25942.687268577094
25540.46505777888
25460.682366103978
25723.660934056454
25353.783370869944
24289.76385174281
24211.02471262047
23747.234951036913
23947.95548479434
23905.78814481576
23196.0117366434
22583.58755032363
22704.921137935635
22113.917639394425
22088.7378583673
Score: 9.440608633442453
Runtime: 578ms
336026.353494656
293455.00555252674
241205.79886380708
202508.31342588193
171253.70263556205
136352.59268181998
112036.25397649403
94036.31250365851
75898.2866651554
65651.34698203622
56366.52946063977
47500.997247172214
43230.84921643701
38935.06627878066
34414.91487586616
33565.23134185868
32750.05562992682
31491.43360313039
30580.412488179536
30933.732695698796
30745.262224259855
30417.737005815212
30076.45180420148
29664.03041450726
28637.016138296647
28452.161482281466
27707.00683868508
27933.36354833209
28094.121458012178
27233.61204121103
27638.877938710935
26590.70514371126
27180.829681781026
26563.94749793682
26586.674498684482
26650.876546628915
26547.45369572687
27049.806218962847
26975.30666714787
27282.73328986891
27315.87303954328
26890.628716178995
26963.18281629917
26917.887108282404
26027.87495382848
25797.149523143424
25645.312970118313
25406.353778521858
25700.578557472814
26004.763651846006
25609.3964727768
26147.786335152883
26576.36049074238
26575.836390524546
25730.91056800595
26098.834832115517
25525.35921277524
26232.61706671803
25743.74780742587
24707.835445245397
24902.170589751637
24100.490132223116
23592.370704186815
23112.724663397214
23903.456559632752
23916.33799187691
Score: 9.55207939953135
Runtime: 598ms
336026.353494656
293267.1262794205
239717.05460392145
204099.43759584066
164482.08196573294
135678.0456535432
115500.48875099338
89716.60169631381
74275.41413367333
56187.22137735473
48555.54977648925
43192.16956180752
38819.159099922545
35366.469474964986
33304.83288596545
31697.649459091215
30292.90266371053
29626.652717422865
28955.59841042358
28411.665688605106
28405.809633031506
27806.608395895004
27236.1909469009
26709.132297935874
27162.289491556894
27766.19948191283
28909.3842935733
28615.70547640594
28777.166216143884
28700.419958341623
28896.56452359652
27718.516111472873
27413.015772077968
27021.401042345013
28443.38060783114
27842.088475524662
26968.529318027282
26588.81218001111
26435.966542108323
26491.64983648941
26202.089397128682
25857.138377538056
26747.645558826935
27027.546777708754
25905.957155368826
25861.529475844713
25168.37474785292
24755.536115130104
25284.50208779163
24579.093900031858
24356.877757426082
24716.40467294162
24235.09099760244
23811.38963465406
23254.051012608787
22901.665702846287
22538.485233303993
22692.765485895336
22839.966382270813
22876.338123103356
22271.98582824899
22229.56147278085
22147.52849335331
21862.63211599131
21366.585040816044
21749.539504367443
Score: 9.557969031914245
Runtime: 554ms
336026.353494656
295031.1196822152
237629.1206449482
188340.4011865405
154922.0351589663
131309.2432634744
111692.05806962271
95734.18386592237
80508.2227309977
70226.80350052686
59773.4452163567
56507.0842995247
48025.321396682564
43443.013033989504
37724.92348437327
36249.315036532724
35643.18969384683
34007.611958077156
32750.374870896572
33110.84939406041
31914.63613652686
31540.729051672508
30964.801711764972
29456.46859290342
28540.428127199204
28660.50731234474
27119.041350860007
27655.154342593563
27890.5915589055
27575.883866006847
27925.722026884654
27926.18260495285
29194.580311509242
28615.331138061498
28021.087110966808
27372.601908837067
28040.186204879858
28258.674726576304
26373.38621114737
27055.771215964305
27955.23081599861
27393.097582083607
27203.00183144182
27341.522537614364
27141.408236073155
26817.296628635835
26089.3817406644
26471.235941925053
26548.556917612597
27332.75130573059
27300.330309143555
26556.273995423366
25268.521097428544
25209.592253963045
25146.97825780398
24512.526663915043
24613.182096079887
24119.153957602695
23776.936426418713
24109.883593639268
23716.228489228368
23289.31970542959
22749.601056136627
22330.80067617092
22192.00613020519
22513.636367900315
Score: 9.42880756061785
Runtime: 660ms
336026.353494656
296792.7864344122
255533.6769041877
217106.22917145636
189904.20845212557
154162.5455673645
129740.67435796569
109412.95230291504
93738.70294967196
77161.82038667303
66037.41468452905
58514.74656975075
50981.620406419504
42702.249991833625
40155.58021877923
38622.85497932691
35456.84458103891
34339.810767874515
33570.30904227518
32554.117520091513
30980.2383462727
30827.07793576056
30436.299147620182
28849.222834986474
28291.628999313707
28135.351129413382
27567.69415847993
27300.400800202755
28135.675812378606
27704.423763671355
27540.46319211372
27413.098219632906
26834.387345144063
26449.643833658705
26681.37056018983
26619.056087103814
27053.50644435228
27216.730137453247
26078.06680316968
26535.367720834736
25956.97354633955
26185.505284223695
26126.901884987798
25893.08754978436
24767.93357553105
24997.623023357108
24588.270487538175
23855.910080031383
24467.76710332298
23721.205278998124
24097.633078562874
24922.75849861199
24357.92716381034
24043.01847215341
23926.989179850876
24582.49181267884
23272.887774768824
23332.94233348048
23511.27949463168
23314.348819211114
21902.30915186382
22487.724557165526
22065.180356895395
21349.93341281446
21686.022247705205
21258.95580039672
Score: 9.798151196597612
Runtime: 604ms
336026.353494656
290986.96382292284
233283.2810498375
192752.62143698163
161170.79585510996
135021.02192573456
116918.84459782469
103526.60900214678
85461.24229610067
70240.78423564018
62899.48717462858
48951.377798206675
44758.35786538071
41753.16426974272
38836.33172335092
34949.291070275016
33905.89191286333
32634.38312688209
31437.720005988725
30587.468499614937
29652.233111632017
29477.286417573192
28138.12953706555
28652.190199020726
28550.987322681245
29335.055772955267
28902.43774083213
28235.526502548553
27540.237127000913
27514.722571918508
25883.773095288518
26404.42818311111
27363.78717501191
27060.423208342378
27305.31049603596
27384.60380857255
27923.7855769667
27877.662325962105
28121.76942089466
28048.291866697018
27697.48129130026
27417.27777719753
26662.247141340617
25672.25431633632
25025.095515934816
25070.560359950825
24836.90309005896
25003.63896629054
24776.020646854508
24709.935477075865
24312.175510423396
23739.664656986977
24218.802957167285
24326.483735391364
23914.7082628028
24036.585341645863
23508.640267362818
23405.071001287874
22805.300451742092
23175.01639896285
22869.43315684641
23400.03312237417
23079.280611707534
22514.38485875649
21806.48634079066
21947.18654547269
Score: 9.634127332257945
Runtime: 639ms
336026.353494656
291188.80316836905
252773.93014901818
216891.80127709016
187015.8284406329
155647.640234769
127892.73564873016
111777.36562889478
99656.2168086249
86230.35050007855
75509.68750057033
63380.38893104277
54183.77977421485
47108.41592584784
43164.05482233729
38094.42281940329
36537.734054121145
34757.90908958082
33578.290828290774
32724.23968202565
32122.498259195392
31148.47592330248
29868.884174361323
29589.051364960775
28185.860613749253
27702.846103913824
27297.750877438004
28219.22344667669
27323.677706152528
27141.148757162224
28220.504437089225
27693.287505525743
26016.727132072097
26796.837387120046
26538.613458496304
26138.482475817345
26389.898340911615
25907.628695327996
25894.052977342217
26381.63579469568
26302.098603712286
26074.34000869317
26042.491079648174
26353.335957060062
26332.00208641839
26574.823252687933
25774.57527780059
26228.86572999992
25577.507017171894
24608.73799716126
24106.397493945413
23984.89765393811
24023.047662494442
24252.686888162883
23953.35910377966
22994.47418951895
22951.04467273138
22605.277494172085
23009.901211380078
23047.37805050935
22416.629349658906
22291.300436613354
22074.325066341637
21281.827254650845
21537.433669254926
20893.96746759254
Score: 9.717426289697176
Runtime: 598ms
336026.353494656
290038.24595457583
241185.6167104966
199249.21137418356
169125.78882461146
138501.31403726895
126908.71417178152
111658.89869528476
100015.26581794243
78565.61081407698
68367.31905262388
63278.28497628455
52858.33466967514
47851.58876276647
43915.38287236041
42749.21620339699
40321.48950591655
39292.45699718236
36039.319161343294
34377.95453767075
32951.54152055433
32309.72535466188
31642.17017048558
31275.62503151062
30714.36880623618
30603.432868445823
30562.3760281348
29736.284342842868
27476.708097651273
27181.11598883223
27074.054920475024
27732.978128677027
28632.19849889617
28630.78974733915
28514.597917834362
27741.20521400645
27499.690748860772
28312.190755593187
28170.873808760905
28494.91458189294
28288.87690771235
27765.2973135766
26778.92468482411
25605.73093616897
26322.064346856387
25687.078220526655
26460.781546690796
26910.57747115325
26998.51406850276
26173.36664805057
25585.03945729996
25123.22943484183
25236.005673608735
24470.944744934597
24318.416759071584
24770.98707798687
23856.258960446437
23834.179989234734
23399.453057084545
22733.38279771247
22690.159228973676
22901.83853057042
22097.05297637126
22406.664064892033
22207.141166062233
21762.61384474994
Score: 9.65908479386563
Runtime: 618ms
336026.353494656
293914.505126218
254601.54487749876
208674.3638705504
173762.07980860546
135843.1084417396
114616.50272051262
99179.59771541548
86117.08526427815
74939.16809724898
65280.619070999295
58342.231261637266
49157.49406821784
43360.607471794734
39777.53892206487
37805.10766709687
36163.25144476403
33960.36097882501
32405.788063756136
30901.1719673416
30614.763343830902
29542.837599337785
29278.10173019849
27870.37152705825
27815.56781940244
27846.891275745398
27572.184315543705
27332.861909871528
26656.19440346715
26941.995593594584
25955.621591967567
25101.024532257186
26727.223730113612
26892.670803078767
26765.200797604055
26285.13678895453
25850.625457593276
25609.180276139326
25569.035998791147
25678.265469479502
25747.160493792886
25676.089131492212
26115.253303681806
25847.196823435483
25589.64340367404
24938.593178034327
25784.577514297882
25182.53429222939
24628.32107294114
24450.1443950807
24875.370004768207
24085.102562823027
23431.728824956634
23040.265349238405
22793.780723478627
22429.892410391316
22271.316068542157
22769.295939558167
22933.480364360934
22488.151812622313
21723.372741156974
22825.401193790345
22791.251732816643
21967.637937794007
22457.58595991713
22463.45404780785
Score: 9.602036593147611
Runtime: 616ms
336026.353494656
297460.8294364717
256097.10223384082
223969.1155546018
188741.2065213021
153130.14249424767
127420.35732573803
103638.86197144489
83913.46789860023
76641.48858652945
64829.315859042064
55780.776098018025
48542.66539178759
44720.64810152161
42177.52886173599
38942.22623015742
36319.85728106144
34619.328405752756
32838.02206459528
31253.625315577596
30457.326830445738
30731.519443196983
30412.858184990775
30491.941916298423
29419.28700031376
28724.538679231653
28702.92799496881
28884.065442505696
28628.306526428332
29687.71941298379
30030.43992691798
30330.310568952194
29589.78223373571
28989.640478424742
29304.43697351288
28429.482214254553
28331.221263534786
27087.606752124684
27289.53346827804
26444.936560723876
26907.91854721572
27330.560230122075
26060.458009260925
26735.861741273085
26088.94111477253
26079.678972194484
26607.72722029185
25666.344262711573
25903.737341027194
25580.29695593424
25704.123867942493
25127.8063347734
24063.41759873908
24734.57545111068
24188.34910918853
24648.30162952989
24458.56372071958
24920.57533608809
24295.92871475526
24089.149330196262
23277.65760504899
23290.03467755895
22829.716773362015
22125.06664271865
21789.226786620988
21247.633219328123
Score: 9.576701781283568
Runtime: 617ms
336026.353494656
292075.1671335638
249992.27869567822
209519.26242820377
177463.19521567388
147487.5139525538
127302.85040858242
110424.86990313264
93197.43775242877
78567.93694768079
68065.33090731224
60227.590032105814
52973.857045562574
48005.36187948238
43111.02482651628
40850.687659999865
38465.519736318936
37375.30153062504
35140.40249932453
33872.06289145041
31205.88163004619
29763.437001524773
29311.081434379015
29974.41650926348
28492.163684351057
27985.686304831568
28589.233829109042
27216.02134566858
28240.47939828502
28087.00855752536
29073.52432230078
27963.24866533413
28448.966460649015
28703.7203170799
28409.66837254671
27191.890763187614
27638.45960648284
27639.836956037743
27090.95329684424
26957.48217080758
27034.506708303994
26448.99879302433
25764.1449158815
25976.761751963455
26108.1456903696
26112.305716171766
25935.7669753419
25840.050926767664
25253.034812107548
24863.164080605828
24486.312140797483
23840.891953477843
24105.105227030846
23769.90482078717
23609.797630533016
23253.813969796356
22530.840706072067
22164.160875610247
21820.014583101325
22107.757999156325
21987.857358852267
20859.6283252751
20717.683849565834
20669.228097503943
20275.561100380684
19601.289109108926
Score: 9.670485461160572
Runtime: 630ms
336026.353494656
300093.8969375552
254444.42311603675
213688.80349622265
178136.8427278495
143092.59321670985
125284.03818849445
105482.10637531674
88495.34104472658
78455.55907380067
66365.05440495252
58610.59320638652
54087.28990260636
48420.99136736854
43265.09908480892
40606.75431605313
37065.26193298979
35661.761445620345
33835.485840164176
32603.47961387414
31414.89817645058
31397.82919528703
30774.781956703977
30832.907672522022
29447.143280442884
29414.200367956753
29398.62881105981
29608.748609196755
29244.551665780724
29933.470464130805
29284.001226801924
28697.15675323366
27819.37720606756
28388.293530631072
27924.720723281895
26783.680127616044
27155.75672388535
27589.363491411517
28001.296606819396
27556.356686404615
27508.68089752309
27621.503707955624
28946.013931917118
28889.31733348134
28935.387590134786
28272.456734127583
27766.827740872126
26855.192593474436
26808.550026529025
26228.76195935797
25775.820129878757
25029.23158940934
25109.541829153713
25170.38948944134
24723.24407594574
23739.448482382704
24053.06515703508
23184.66830080231
23585.683734778628
24148.36783439923
23734.10299360005
22999.75490959462
24017.115321482703
22766.779183741182
23054.91528457529
21989.2295041873
Score: 9.468184734504874
Runtime: 640ms
336026.353494656
297146.59787342034
244879.77765168555
212905.06723903032
183803.03261048996
161395.34028818127
133289.7432356852
107761.56232206582
92811.70963874848
81242.5923530659
69703.89391563502
60982.39985945894
55332.814425155
51205.115766671726
47926.426261426815
44040.48788817105
43841.85007477003
40769.84667617365
38174.90705454547
34533.31443416124
32676.604377890922
31724.103712832824
30885.38160488608
28403.450163269186
27398.23743997888
27277.753983519196
27365.902240390355
27871.473872020248
27827.15104624169
27289.527241036958
26819.410601627387
26182.402552574316
26412.055626593
26342.196070674378
26058.322262274163
25613.803976422372
25693.578896566123
26356.789559419703
26757.428476356843
27698.055114738814
27591.18131747982
26024.43394148931
25865.540451607696
26687.101894146013
26775.621738393223
27065.05777655804
25188.818238596083
25214.03913343206
24553.326235288445
24165.958094776393
24840.442683642246
24704.046252960867
23822.807840665566
24193.41596722679
23349.213536165847
22797.601752462393
22009.57995454844
21274.566261734468
20934.384100750543
19824.984768175287
20157.02995043939
20361.357060894697
19895.923987021633
20346.21897137073
19629.792426417636
19977.56892304076
Score: 9.652451445275945
Runtime: 621ms
336026.353494656
296876.1795808574
256491.58487319754
217496.2751793202
176717.09586199885
144399.80048540837
118690.81841957626
99226.55128368051
78958.36585277155
70202.01984735763
62288.19675705808
53451.735517328045
47736.7942412805
42431.84909806345
38722.304145141155
35031.87884470158
33901.10199010554
32487.74298029201
32308.00975820501
30238.711613541705
30104.30576838802
30131.274467820935
30732.940281428455
30620.167641731496
29614.686176055176
28892.622044772543
28145.33511761961
27882.821473580963
28305.79996598392
28325.107180999858
28311.938072959143
27856.615482033725
27242.371786213967
26953.084029916754
26880.361107784265
26502.320094140025
26481.42662209574
26878.02101238993
28385.34577685465
27520.294465277548
27010.60330006506
27755.92258029368
27512.147574508825
27333.36743299205
27404.1061177049
26986.43953849316
27908.553271513818
27482.65377011781
26360.21885751347
26465.4339042828
25733.102900557322
25365.027606720174
25447.70729777991
24866.541803332468
23696.295207213032
23555.030152279232
22937.255925448313
22623.93139853467
23393.40221013454
22995.472491582106
23263.062427145862
23328.771055009423
23021.777359431206
23789.644942871448
24181.23587774102
23382.247549497966
Score: 9.484314352139778
Runtime: 621ms
336026.353494656
295095.3843650208
250757.6706043401
213315.4385616669
178843.06692149618
158732.93687474926
130257.02679157979
103835.85219594912
86792.88473552218
76662.08472831109
69321.49380274712
61734.43381482967
55423.363339252835
51463.24575325376
47941.85877002586
43393.610806661236
40714.68076220975
39213.56016273452
35821.54076390946
34358.96846302261
32601.780013290536
31784.965940927177
30964.60298852765
30947.38499783191
29088.884033825805
28353.430098744957
27797.927529506305
28336.616836582307
29023.717568221826
28605.661383681923
27862.51129794733
28341.849947392548
27558.872707513143
26694.827969555055
27810.48983240857
27794.508330116412
28844.455050655448
29063.705475806473
28919.934544375046
28479.740499952713
27845.410909302762
27464.98593148867
27771.73007722527
27342.622008324186
27068.827265246822
27614.61623220073
27091.710851889417
26628.091341161376
27209.71472746613
26207.201223639684
25678.37475745052
25583.617043019163
25910.659092859638
25568.476888220102
25499.430666601438
25619.05857329404
25494.88272465057
25426.23764599003
25084.093701426966
25520.36696680647
25033.32390248569
25191.725097092483
24392.08371158893
24395.778636574523
25005.908921452527
25153.333913032435
Score: 9.106780327930275
Runtime: 622ms
336026.353494656
296332.83112361433
260467.89786917611
210735.00023010653
172657.1422976434
139023.4118079303
122271.46272725853
109681.93199391347
99077.31904644168
84270.24326211699
75690.24398889217
65095.80682997106
59619.25782572102
52917.375580333086
48776.81533815016
44992.60565500802
40635.83841333676
38448.290785264995
35602.066336973825
34790.238978143076
33473.43372207627
31546.971556976376
30103.204838126596
29890.376730339667
30137.499845810205
29734.538425272945
29271.260431546027
28812.807325462956
28230.40994802739
28235.258986960438
28451.86567579034
28240.251161774395
28766.804493517564
28992.230590076008
29228.55570536123
29077.043846771565
27628.05946897364
27863.023493223667
28332.18655291566
28284.227043463714
28042.34793446869
26703.129638532777
26547.909535932293
26034.183197472266
26753.202301864727
26630.501138347994
25525.309050336582
26037.814342009147
25812.066297397814
25994.196935101376
25848.066065503815
25350.28335027496
25072.654431277195
26010.153571618837
24895.919141851286
25387.722972384447
24236.432491549338
24552.539768075105
24277.746916777112
24358.417493607885
23413.110666010827
22967.270994345756
23716.747087307802
23220.704608723347
23485.931753788023
23178.011724733213
Score: 9.411248221385994
Runtime: 606ms
336026.353494656
294389.8615212681
250248.84483358316
212395.84091593698
182345.1568535062
146191.60713552288
124939.76075232183
104708.56478493032
85737.96675914367
72991.93270776983
64410.833948887106
58328.902806613696
49856.25212670532
46364.46520276944
43472.32643209727
39207.60511771635
36418.05057910184
33501.90537706926
33439.70798046651
31966.06903722551
31203.371601041996
30943.53536397802
30171.498012130356
30527.198876898976
30214.876359227525
31221.3119157902
30267.494097591676
29724.220182717443
28052.13854370042
27917.986334839494
27674.289190286658
27322.346936216934
27739.11787982753
27883.051539687396
28283.22653238403
28562.197049340703
28440.462921381488
28334.293490291566
28135.434860640296
28833.287559313707
28360.571006636637
28315.84063837632
28127.757231669235
27843.830910883327
27867.737803424647
27818.97451020313
26718.13179161835
27063.271951098384
26364.446960260968
26494.397157827065
26802.295282076608
26581.086827914103
26503.456418425776
26453.299991513533
26620.79875624941
26692.29832736146
26089.22273053478
26168.299856157675
24994.657929543086
24813.430823253675
23950.956687526388
24204.94631758683
23724.978720536343
23660.766121588218
24320.462820749533
23751.410508286095
Score: 9.266997976890831
Runtime: 588ms
336026.353494656
292157.6769415833
241080.52474431507
205453.93373996843
161451.58591412607
130788.05437934441
117008.1411730635
104512.81768292494
80515.67592526761
72477.71025417607
66258.38748543889
61914.55863545239
56824.56034969975
49187.597651274424
44512.15691010032
41367.29808304556
40274.23719131635
37761.09461821559
35877.09035968209
33868.22091633003
33180.726401838765
33215.004339776904
31573.600108289043
31524.132615463477
31527.04663412972
30694.618308495934
29538.212889424667
29442.504828195717
29098.51631643279
28045.528790318433
28055.161675501156
28881.58066720015
28781.446784675845
27708.257108177328
26907.675130873806
27320.85788125233
27435.321229081514
27367.62777676368
27586.497834758757
28072.68320007108
27646.30207413282
27536.885673153272
26543.22333047363
26736.407744674547
26384.024954229426
26437.91702413581
25969.13679473363
25239.47382085584
24813.675872445994
25352.560665067787
25595.64229964208
25020.58442901304
24707.654964607696
24249.885800328182
23728.37201127606
23862.159114098726
23521.718793316133
23469.96180449183
23226.538004681464
22827.135492330377
23132.06819082815
22194.289601926826
21977.011426083674
21992.06365420555
21367.51950095142
21543.313865012376
Score: 9.436124108908476
Runtime: 598ms
336026.353494656
299901.3712662891
250674.77840799227
196536.63478597184
154193.38790429474
115368.17842671549
95473.96156073535
80159.192671093
68527.7345662913
55967.4910574859
49000.99584875163
45126.300159508
40713.908369142504
37601.28209513252
34495.93567644381
33226.0824984922
31144.496262353787
29919.758599766104
29475.219924826997
28058.275850503527
28077.090503076302
28338.16221653646
27008.81966798933
27599.24703793003
28550.298259414223
28304.80686965748
27938.416161061406
28308.38174231824
29381.599494788665
29788.94658726539
29425.06189644198
29223.628599788473
29039.81086753448
28787.529245238173
28088.395129232315
28044.169891291072
27465.546894410018
26244.66193910028
26502.721845547912
26999.273198492483
27195.74065398992
27661.28214051872
27060.723061036486
26974.370828076037
26579.080141159608
26346.68106092674
26154.26356964174
27104.961948764427
27488.44530739159
26503.717442288213
25474.665672296855
25274.788178235984
24754.02798321284
24454.344261329657
24275.6329155211
24137.780775350177
24269.659966287774
24032.80730994018
24601.36244372059
22987.03962429133
21858.59067189073
22088.821233662005
22402.11821190022
21748.205325294388
21607.256786291182
21706.80086079462
Score: 9.578832595946318
Runtime: 577ms
336026.353494656
287953.2416709321
241504.15169087864
208503.76740043375
173095.45692159267
145600.38489736913
120255.59535876794
106609.3320378607
92093.65892842223
78610.26186117019
72133.34493298517
64813.3204328729
60183.55292707954
55347.989237204245
52362.15400023374
46680.593882674286
41049.68225745587
37099.678785286625
35351.07902913523
33103.161351984236
31939.750911176186
30374.118188527296
31307.641581614982
29994.72060908117
29944.332946021877
28822.286974106948
28175.266372232803
28709.87165363269
28222.087900317365
28349.860603081026
28260.424086275194
28252.128134257222
27137.999511104594
27151.413528414458
27665.25464660127
26699.244453130646
26708.388268647996
25978.274631127428
26807.389090716188
26462.360237987825
27282.8835553587
27868.2437227463
27852.92153019896
28299.52783672525
28691.58612559182
28506.387390786706
27244.6669150647
27375.52245182199
27335.014719412105
26612.949148905696
26451.66990248848
26198.283427021124
26357.82589616368
25609.8571237514
25969.782557469403
25598.3081055867
25436.804250106958
25030.689006185286
25047.1132050548
24950.85292720287
24352.341703486072
24876.811994636435
24389.691723484313
23958.176338823927
23384.977965773767
23303.24379958993
Score: 9.457216869781476
Runtime: 624ms
336026.353494656
300231.51483417314
250036.78983609157
210927.764833703
168221.61429636914
128382.27972531828
115499.88790161339
99284.93445371909
85054.96560262899
75491.22877034689
69539.64394752805
61026.440409634575
53163.88412898514
47838.81588346897
43295.5178954675
39964.7098053848
38472.688867019904
36640.12654172498
35357.32778644516
34910.56100931923
33774.92495907724
33064.2701226648
32522.942875502686
31495.160878995848
31285.84905752321
30354.13939338935
30617.09883258238
30363.88706339015
29918.135538497376
28508.61182137446
28696.836344727115
28865.05455719788
29138.22281648518
28658.26532428464
28313.38151012945
27646.662003891237
27671.27169050421
28063.472562957366
27736.872709545853
27773.52619980953
28035.661591021366
27476.614051359666
27402.647494151708
27138.03413053304
26764.832085002487
27178.08565318432
26691.601606969416
25864.10494523237
25824.03896158048
26246.898387934656
24650.223351587054
24061.537634944714
24316.698810301496
24462.84851185787
23704.442897134304
24408.663443943777
24275.877066450284
24386.738617445782
24170.11862537935
24173.455540151066
23341.966903869878
22894.02757711281
22086.6612177605
22453.93348239104
22001.627456247636
22326.39964729936
Score: 9.80383142321244
Runtime: 597ms
336026.353494656
297000.4478671477
257229.13537454736
219681.12965511886
183065.88139631017
157212.01873273388
130507.27838377176
106512.9455065772
95193.02704303383
80739.7143248129
69257.81441694146
61585.62725533277
54695.06620174856
49203.93210795461
43895.53144687667
40320.19142116777
38553.612303254355
36423.24151715656
35415.56861675254
33982.83414194176
32776.321761978455
32355.94587328877
31542.968802519186
30477.09140710821
29941.271126662654
29993.651910296114
29937.196742090713
29735.40394300742
29321.993014374686
28842.90471752301
28248.738353064808
28730.36949444401
28920.10016439529
29549.744260643845
29094.9477341996
28602.277408355356
28218.54814216909
27165.628915017114
26387.931361906918
26169.783712599656
26128.476202709167
26172.275369457842
26687.015857452287
26658.05966420271
27343.958179168767
27728.709372679146
27911.525302492013
28039.108534826006
27761.978649307304
27897.840348363046
28254.477574362307
28538.705001994673
27500.680089562386
26807.591216120327
26782.407282519674
26041.821160155872
25243.57382959001
25815.75061332726
25107.52339398406
24491.117591123897
23855.744844671
23307.610729791086
23047.518657497054
23011.012346729265
22140.765228482458
22439.479787797784
Score: 9.459898051587226
Runtime: 588ms
336026.353494656
298233.7111218044
253004.13842564222
208380.7078787349
177620.43364512638
150022.33072306216
128185.78557124606
105197.2702849638
90621.7426433148
80285.14713312723
69176.27736229612
64243.051403699435
57047.611486888905
50530.57206723216
44872.3883331284
39429.80599126392
36283.86880956163
35012.22251876316
33865.43964693504
31517.116459896246
30879.197240980975
31647.71655897186
30035.100835666144
30165.131371953157
29138.67755196236
28811.547470882986
27536.557693519382
27392.64829434519
27235.867368270883
26868.959515614104
26298.506231428
26119.960041824066
26606.039067995058
26688.163746964423
26274.843281467758
26076.975491111865
26584.292251523177
26777.658843799174
26155.01388113137
25577.147030624867
25383.76144716547
25191.077657228714
25147.565956924045
26220.409359951806
25377.906209993136
25901.192792262835
25495.330235665595
25097.839348315076
25086.633790753815
23957.83960572514
22359.9579344204
22286.754594031052
22216.583151894065
22709.830557000336
22946.813862178467
22312.316402236076
21943.616165853768
21396.52716016002
21004.265442658714
20948.96526683916
21526.2920233509
21392.26940673736
20940.403023769442
20832.3071524783
20975.73608364174
20859.505306319614
Score: 9.659078428668446
Runtime: 621ms
336026.353494656
298602.6689130226
259701.00644247502
211423.77916146436
169456.67305738412
140415.88137196773
120463.7271935688
108987.2006803406
92754.00790134889
80317.97569609071
72826.99751798036
65312.256314436956
56884.727073186434
50383.65121539148
47585.09969918208
44341.8433413479
39773.81839484245
36904.053894742705
34689.51782340485
32991.25189139681
30915.153308678513
29797.303423751287
28547.107642717212
28360.59434357553
28072.45502871896
27890.171884591477
27961.653546148627
28016.117749921574
28347.488095357523
27875.86122019462
27348.973055236762
27170.523462815618
27112.888839892872
26960.821382129652
27674.121479712034
27550.69319793885
26908.35345793802
27831.282603900163
28655.704478686628
28659.645053364395
28917.314818471026
28639.588636135864
28288.311555327033
28080.05542496975
27731.463840825178
27146.93231493332
26422.90072824352
26790.639194666925
26382.241273499876
25722.79301648361
25148.87637959214
25390.106481464798
25903.74933234074
25742.968230819442
25782.740217192615
25284.760101540294
25917.65118983977
25170.692834981015
25211.75890706089
24310.5722956226
24150.064990527233
23479.61705547965
24107.097437257256
23335.27585545884
22839.159585245576
22614.91502609345
Score: 9.539690279338437
Runtime: 650ms
336026.353494656
295725.6708491571
253787.1963614911
219129.38795368792
178322.8422015544
145135.54440103393
126108.44588736439
106265.8863285461
88221.29226517052
79371.44654572647
66081.82754213198
59142.14161556296
51391.01923381769
44127.293564944055
40423.595025989336
36562.16714687118
34854.05510156514
32318.433774874415
31347.968892775694
30405.848472452104
29537.012846654245
29630.99087233468
29086.494697164475
28927.400218948533
29447.810983120387
27842.30253805192
27782.471487871662
27622.32232537187
27996.571935015723
28210.251034037887
28205.70596762472
28322.134595163065
28541.239316138617
29500.091043747732
29585.783182885712
28784.500017201313
29616.53237445754
29437.320284878548
28843.92682486325
28881.5923320209
28091.670217113766
27688.45913220726
27788.924151894484
27328.9150026024
26929.422152408304
26609.79149343845
26986.135413817192
26878.594510648803
26502.384373220677
26489.43566932159
26785.033496522723
26496.41579280496
26573.20924892014
26814.28142131727
26432.841074780637
25332.60536065896
24492.41903552694
23441.92915875862
23010.83819207286
23052.770911684434
23064.535431213335
22890.600766423097
22738.51485073176
21946.710324265154
21346.737613055335
21588.300987553615
Score: 9.521086142076015
Runtime: 623ms
336026.353494656
297273.5685199184
252963.436518942
206641.95692859922
167111.25847778437
138575.16655003894
120512.39147992653
100978.71537493271
89170.35458295755
75677.25670587935
67424.06424477226
58744.89758906345
50852.91048631193
46714.19671364892
41681.954182089634
39172.97676240882
37352.233303472
35786.79234507568
34305.051701559816
32321.002025841706
31403.532877942704
28948.65859177643
28422.12132470877
27673.753297335148
26636.31019981909
27457.908326062967
27842.591266413667
27517.48549681372
27977.919421431365
28288.92746309492
28737.2191115901
28754.23151730361
27855.032880538267
27644.646524162094
27711.89921949604
27960.028237780345
28255.311003111034
27743.999684105172
28290.973704726006
27628.71664072485
26763.354788341883
26541.998031278476
26695.81077493739
26285.35559852024
25882.571453886467
25603.977097437477
24972.095217146594
26363.695611759944
26145.288101853337
25821.15679359212
26106.776567007328
26662.439588550722
26568.13011496882
26114.414113220915
26431.501457352388
25736.433858559794
24821.944021812535
24543.624016992788
24126.16520158089
23518.862979416142
22617.278094940302
22154.77651926768
22221.13089441383
22959.105698673808
22739.856116556406
22326.93046268228
Score: 9.481188414978527
Runtime: 606ms
336026.353494656
300038.9330580928
254468.30494664275
210992.95800172316
169610.55772837988
136598.7054302649
110019.17565935878
98897.24301196786
80618.94606201247
66274.04119409852
60225.89870383974
53483.46194400677
47810.518653845465
42032.3594271523
40125.222805319725
36538.139575365734
35001.6621468388
34223.04111460988
32245.52679159485
30228.453457338754
29642.496173586966
29127.624372984938
28407.881592306043
28054.697617820562
27351.617473636434
27978.969931074225
29415.232656800956
30016.646327172904
29897.673498689353
28755.312198303178
29645.260144788735
28117.10471458329
28126.37657681846
27126.709454428903
27287.962547611503
26970.883710340047
27402.34609972574
27066.804806966717
27150.44312227372
27906.593039496154
27716.070023522283
27540.571083308947
26643.958253269087
26823.48173384224
25869.925730451298
27048.99974213317
26347.596358435694
26804.29276325122
26168.61292507416
26111.472108677764
26469.77557884924
25455.246944137245
25284.693051157214
25652.73521267795
24822.436134803535
24917.709759816036
24091.53344386713
24113.757439672783
24158.646033653593
23923.24960045559
24313.847052715533
23070.886285282228
22712.606316578243
22602.521383827858
22469.94174497299
22352.073521873343
Score: 9.716576129790745
Runtime: 590ms
