336026.353494656
329069.59033427073
317127.1150648332
305574.48451436823
280670.66487997374
262567.8189310797
251440.41024414124
240578.498781716
232967.48482659314
222964.46592510687
215866.19581367148
207037.08003862126
199817.22322321293
182949.4856274973
180444.94786199016
171350.1129808651
172782.14386415144
166958.16198390024
156721.29216207247
150122.09643863986
148476.08892998844
146707.7759705547
140191.2944440829
124556.93822412261
127007.09544274028
120825.65322409171
109493.96083279088
106985.22133401777
107765.32501476796
106235.14304191137
106909.75355177438
101365.81607529492
99928.20090385091
100620.6628505613
100286.79935341785
94254.4839420885
93115.96328537333
88010.67215168045
94385.35616729718
88286.15250746613
84551.96954610979
83305.25261216264
81757.09343666294
81218.91962447298
73729.6515481994
77896.53331177392
79430.06415236011
77907.94552130738
72262.56029558303
75907.53415605778
75940.39331209994
78403.04095583278
74342.00424871565
75327.50096645928
75344.14254591947
68626.99991788135
66072.32317919019
66694.50452559539
67751.952983761
60676.54876636364
62781.933559490164
60198.80886794978
53659.58177616667
53477.177472276686
47682.050626754004
52923.949212176674
Score: 7.802815042640089
Runtime: 626ms
336026.353494656
323119.5274462037
313067.1605312583
301946.6599919663
292646.82710326934
276373.613459105
260024.0080466051
246811.78024925716
244302.65766939268
242289.65489537394
234777.9832968868
219907.1742392852
216557.01277026118
204817.8442397897
192501.53693212598
184473.71104522553
178668.63850743283
179515.15415377787
172702.44829575068
166645.52961337636
165482.64486907085
160870.05573681125
150508.92249919038
145819.6193597035
138472.92001718242
138536.7911490707
129879.52370637962
120181.83871095585
110506.58892267953
107879.29247907877
105835.87732170394
108312.16834361455
110309.6782715438
105749.33335374507
93240.31472141435
95607.22638718865
92872.1619572236
82744.17342101716
76022.27272370047
77134.17631477855
75099.55127231676
72329.40115239183
75862.80960015846
74441.36227253586
72831.534660969
71982.18803658104
65504.37665047112
60233.02448746082
60708.36553579052
61411.263739192655
61035.55174131893
63609.40564742005
56702.406320832204
55836.03927144909
56782.079591063964
49402.054378777764
47927.2419219412
43166.091479874995
42189.35579789015
50255.88945714759
56675.35254518244
46374.757446458825
43941.701947728085
39812.09054115833
43866.12600411787
45498.097384068955
Score: 9.078540696717969
Runtime: 649ms
336026.353494656
324001.98947321164
310796.6623906218
299784.4915739328
284378.8513437898
267809.5061542733
261382.84920136325
248936.37450806145
243122.7363624018
238198.25040385377
228523.2378577517
228751.15265161984
221607.39731412436
216820.6080011859
220105.03796736273
210173.38190973102
200311.92779830945
195598.0956216284
184956.14312532425
180494.0169004527
177239.25177332765
163704.09294615022
159239.26984915193
158466.18709621308
151179.44861905012
149230.24774370738
149719.54908803382
145041.49377907766
128774.64144413058
125816.93197440915
121231.3645113671
121633.34718624337
115844.95934352385
104632.99549563696
103631.49280489283
106034.41896539714
103628.06238527758
96103.03539599544
96151.65168554195
89354.97689468919
88315.98951562014
87362.92268500468
81771.78493179035
79851.22588024517
77575.82919000128
73729.1066220505
79344.8663621633
73610.30068065667
77585.7722600599
74763.33193697376
77676.08674264638
69182.55819624697
66905.06095934713
67332.97472276539
66835.46516094875
66344.30617032647
62088.44626980432
61172.66397255678
54242.38904908309
57815.77437694958
56117.24207067644
61342.65035357583
63821.412312805274
54130.30062496919
53944.95203130672
56396.97944419538
Score: 7.399129205798138
Runtime: 659ms
336026.353494656
325331.1109914213
311664.2687034098
300630.5974867619
288424.5104870518
278114.56818059075
266175.9651506099
256415.94409279255
237376.54466907593
226259.6499551991
218561.97006239265
206800.72553914558
189836.60597578713
176743.88843573065
170939.91954293379
170611.9458145413
160904.10614458495
153317.4193353393
152793.70214229546
152863.12031619612
146707.90807701598
142187.1921761596
138750.01333990655
131351.23032105088
124564.26615261128
122302.00700300124
120384.03093010352
116978.53624526894
114898.29548320304
114417.02330828499
106460.02066803016
105284.0312008425
102916.3652368485
99988.36857304066
95416.48196912238
88114.92818190702
85274.14482777147
87711.41587271112
84092.03591136544
84476.7231873058
74213.07013582918
74468.41952138899
67234.56719164211
62678.6465524192
60103.46769355857
59628.30949218081
57469.93741095635
51791.276044959865
53600.85822679456
49047.28412845596
49648.461438816754
47835.30762641697
45292.29706842034
39475.37201235301
34006.7686940438
27711.81838317572
25631.88774137907
32148.07368684553
41605.98905186913
31417.417136651547
33794.60481995457
25773.42538015832
26801.902092032553
27373.968695988824
29809.259162894257
32600.107519527177
Score: 8.14709459177154
Runtime: 573ms
336026.353494656
327292.26651192986
315011.3421619387
298038.9118178979
283293.95742516965
270797.3802781952
262082.78893377006
253889.21478397434
246077.6441630467
233911.2345095892
220915.3896182483
206051.59748977562
194509.86446708385
186354.13792575043
176008.28691123455
167016.28730305377
160726.14085097652
151907.64979662266
146315.00719677884
144827.72548818105
143027.37985212656
141983.47197616336
133419.20069614588
128630.12984814322
130190.58923038175
126962.54833923788
125122.91867479942
123599.02727571814
116183.59770595659
118514.6736615103
114922.52689678571
109111.52105007338
105779.58965349363
102813.5932088647
99216.11791804817
99678.66074791935
98328.1477574415
89909.313650395
91902.27129210976
98759.72115677183
97421.81863178301
85253.71196192714
77804.81641736577
77667.15362693933
74655.35397676245
70313.04742024989
68967.49173046435
67075.68879141318
68303.99979763622
66951.96771865989
66685.90726532022
70178.62724398336
63935.6013504105
59719.277585239644
62219.12214846566
63388.6187843547
58442.351105187336
63787.33881700476
52893.04225280334
56711.98090747478
54968.26582528972
56407.43125749821
56983.96995984668
49110.004622982946
54538.25519499071
44831.726976459315
Score: 8.396359978088107
Runtime: 621ms
336026.353494656
326629.50935884356
303016.53019800934
286884.6298720561
266096.0421709824
250856.6541418272
240183.4704814671
225114.1602702427
216219.98749364325
206372.03691674504
201460.97757217896
196871.9084502409
185569.41279630986
181680.42179195702
176505.17503893765
174426.26601605653
171699.91012888742
176419.95437454025
166125.30488964025
171150.80722035302
162640.92467692826
160072.4457232568
153046.65739332687
151143.83184220354
148256.9489040721
143759.70338176703
136715.13432610573
133829.0799642168
130472.25981391018
125132.73949106933
119951.58166458737
116898.0559688579
113672.89920440172
104831.81333307533
105949.94984614594
99488.37967842419
98155.98185986254
91937.47526037024
95075.55025577077
98311.75089136187
98134.60338590022
94132.60944753716
96907.48165832463
91691.65911680483
92426.220321236
91055.58700454648
84231.28181454027
73309.21723911156
73737.97812116765
64967.56821699761
69421.79035515717
56483.87484993652
59145.329311127425
60327.442623609095
61155.55127696676
56426.10174596916
52731.39054366262
54187.66731898416
58486.240404448654
55059.350040873454
50907.94498217643
50353.45705886946
54546.99598119078
51156.07004027176
42337.67150667773
46523.05909373281
Score: 7.354640480772678
Runtime: 594ms
336026.353494656
327621.80709669477
316276.3000412988
306701.57848859293
288245.99492271326
276001.788615917
259815.33844184084
249479.4742047139
238031.44967053065
229198.19894905065
227416.20917715522
219215.5652691924
208499.93632981105
200682.6638834778
189643.55052164107
180637.46532718113
171581.74884694256
169851.340539102
166897.5921013506
164317.42238249446
154308.41592755553
151606.80791949248
142816.2808478534
136776.25563667694
138564.48667791617
130791.38243495447
129259.36205714238
124714.42060880193
118017.66211377358
113841.64895704541
102362.03499803672
98220.1871775532
98225.11593489781
98267.40890498347
101793.09988711079
97813.63857961672
99146.01692742981
89624.95923388762
82960.57050887104
80208.98739664469
81379.38893332804
73222.17962394295
77046.94360207726
80624.708349148
78844.29801556517
74958.038744926
71732.54750371384
73204.3144228716
64682.87030157419
75383.91456570763
70896.31561290042
69811.80302087255
64545.614161592996
67116.26058877731
61750.35483079547
60420.049552030796
61399.549361773206
62554.42643260758
66200.88850813307
66264.75655657057
61706.28516817048
61585.35340188373
54732.86147293929
59008.2837400657
54308.77348006613
53804.14857911296
Score: 7.2646091697078985
Runtime: 565ms
336026.353494656
322576.683985206
312306.7122576154
295388.1118891573
277639.47454039456
262289.82746474247
251557.07893348174
241445.19301733669
229178.88129219515
216135.9330771995
203832.17899846987
191510.42793175453
187065.20667958583
167734.1478455031
166815.78391377322
157919.29818460112
152585.39840853945
146748.16944933662
145803.48553584664
138381.4017035152
137492.67052210047
131624.91161973926
132989.9950532232
128444.93100004148
127696.02020696878
126747.0973229664
127923.3019617329
124914.93682174917
123662.36934682402
124622.14555253708
114976.62466695183
114929.14562149142
111933.10401371348
110531.21352021939
107923.51169969334
101516.42432343127
96480.39894770022
88510.63107500588
80405.83488056557
82289.59635282305
81173.86785964888
72960.27554202797
70562.86266395566
68583.80917519574
66045.0253990472
61869.44409748275
62665.771817556386
60513.956249708455
61444.39538338247
63318.97205414842
62994.52133719974
58753.53854022632
55817.45648426581
55421.07959432977
57577.50312251818
51804.54319322616
50781.12940721562
44078.539654365464
46645.83814026027
43080.50504422093
41813.75955659313
46041.322669259585
53207.6672524037
50416.59974584662
43617.547075689
43032.86599005072
Score: 8.797790661895323
Runtime: 603ms
336026.353494656
328528.2176279381
312156.5224955353
302044.77881276107
287841.97304886556
272655.8976648581
262881.0196470771
250578.9561492625
244414.98059487934
239318.54932287947
231461.7323156902
219886.2903145611
205900.80874413907
196901.77612383815
185107.36816461882
177313.06148837527
176588.10085506176
172462.99351469215
160336.41108052447
153117.28129867744
152500.54278555248
145149.4916857936
143753.7118282209
141123.89792503326
133776.87283057373
129527.5278001857
126512.36666161085
125372.27552825649
121909.1110922377
125014.97086356094
121641.32962195456
117822.59079505478
115390.2926424806
106219.81300468906
102704.20489002744
105275.56677616961
96022.33127172105
92936.94474188409
89418.55295263453
95269.37502620045
94805.13457558173
103237.03507554713
97808.01473106815
98933.89378146538
86032.56464793118
79291.09635019931
84369.22982952939
85305.32451691384
80162.68643508441
75676.3031608992
69703.76086181699
63734.231955152136
58957.37154169467
59418.34182491292
53674.25901463586
59175.617163540715
46347.27468412582
52349.89183975789
57244.128282744285
52451.33134960528
52877.84214482157
48504.86309318075
45946.9757783159
47668.48067204055
53908.254110525886
50647.793187996846
Score: 8.470776360720848
Runtime: 575ms
336026.353494656
324235.6144774127
319707.1882187147
299402.1645025423
286413.910202512
279184.28013630916
265698.15494975774
247312.1712578238
238770.09296061168
230852.971211156
224452.46530327844
218728.87376713136
211862.82586512127
192037.82261871407
183272.63098912546
183192.31247324363
176168.40179940948
167964.2302223392
162056.9168520516
158180.89934880612
150869.06253898752
141979.68339170286
139939.16381688762
135239.41970279475
134046.7554029302
126020.17030210672
121284.16846877386
118569.3247379466
122738.27091447642
118341.38261057802
114456.80932602043
108146.9433821576
109183.50668316157
103805.6065865659
97027.03689190863
95116.10888625472
91063.29604216602
84692.57804231092
85161.74336244632
88514.24920362706
83328.88362481957
82630.21592795149
77444.9658597768
85289.11903780683
73149.2371897732
69982.13849103311
68052.83556334215
69920.91237457441
68897.58053864162
63019.48315581426
60336.04566784311
54733.73940700827
48846.9755690607
48414.804213631556
50546.00563125225
44028.96896037712
41978.63034913975
42753.322832764505
42521.45436929373
44173.2374375906
45849.36842581318
37173.461099493805
39137.1183842278
35532.8649277829
38007.1095880114
41647.20388177082
Score: 8.390572713906352
Runtime: 599ms
336026.353494656
320503.7168623839
308744.1680994223
290748.56957102334
278643.8752994274
269020.0288029413
261435.12636933685
247588.0356463509
240101.1803060252
231824.2773730718
223694.57562261363
212480.44267826554
204598.62312249327
196978.36910350216
197127.280316582
189610.74801409454
182902.59765657166
180258.72187462362
171538.14970167453
162739.1973399719
163727.7581554685
159899.916300968
155687.52091518888
147898.08376038316
138877.03499845878
135312.91480721714
130572.92494834814
127696.96984796059
119179.94639048392
118627.63304824912
115974.01039990297
119021.25734950305
113708.24352379699
110818.7680927901
106283.13009015445
97859.93333008158
100879.63655717233
101907.91044029461
99780.21949115166
89879.26368114578
90931.5953435977
91616.82880199308
91131.3307466372
85134.53137578187
76736.51449956762
80846.26762704583
80083.5153143156
74919.47541212848
72980.15091557281
70902.69115987938
76233.3728966191
82805.90567844704
75511.78396849819
76674.93053956286
76302.9322173697
75686.9873098781
70762.99853878256
65943.3791824708
69306.52801490822
68636.82322257948
68965.40794355076
66718.90627130655
64450.832070941826
60937.118879758986
54451.91606746152
51518.45178347787
Score: 7.347242512125222
Runtime: 594ms
336026.353494656
328574.00023877947
318105.4062030055
299644.9363597011
285913.2983886243
266087.09625998855
253093.09452626685
238197.51339027856
225073.17134750154
216662.82647757707
206471.30756523996
198407.68414672057
191929.69420722668
185227.93883312336
175397.89200242457
167349.65244279316
157517.22188829075
151263.13734504668
139204.8606089956
127208.88696115206
121951.62047736056
127483.17004693818
123207.89726385353
120011.384592381
113729.2016037533
111354.48060545982
107941.28889651415
100084.24340770865
92742.46731940238
96028.55139282122
88926.55604234622
89951.20776028096
86096.69556377405
90105.46570259456
85141.90625457687
88537.85114092809
79675.95779519057
75126.95914372714
72423.8810274986
75072.66519211164
71422.99279832435
68687.70176595947
72957.53118106812
62389.46125267373
57913.17914086052
59726.6913985835
61101.00557755636
59592.74671483294
55414.80637187763
61300.1287814578
59960.13523337614
48125.36587446666
48872.886867441746
56132.0033638163
54715.41832011704
56327.765234613886
52328.17914197408
45924.573164916685
46438.59664397443
47993.558465878945
48378.925659026965
49653.09550528845
51762.81341178785
44884.63699879701
48428.478801298355
47120.46573113997
Score: 7.576846062525696
Runtime: 597ms
336026.353494656
328035.8267096624
315383.5993147864
303320.6941958756
291144.65081384336
278845.2381169229
265676.8541735258
258458.73200025552
247362.32182031387
234418.22691294426
222103.5719795783
213322.58237552393
199267.8680819265
188356.8848485702
187869.460052246
184356.94955754053
173964.60207231372
161411.50209326568
157096.60660095693
151380.03760850735
143124.96729451747
141090.95447191736
136436.9642032651
134176.2239400708
132752.67057127014
129311.34766814437
122113.33721206116
114245.88046195824
107303.98356155645
105784.41956191087
105020.10444165555
100760.01755572615
100774.05917667682
99825.16643819606
100410.98204985532
93066.65504662244
87663.87508636605
86615.4621938132
88944.02878763234
88382.4960824193
82684.43822284498
77592.30631861302
78084.89414202051
75788.59118064126
73380.10913004553
65330.78569366817
66145.57729808977
65530.3553477144
61886.35684767739
64757.79297745266
66882.38796109479
66822.09884192614
56976.18523988396
57131.74648719581
58640.437487652394
53950.60318880208
49411.517434295005
56963.51227364653
47770.88592980387
49459.282240881
49999.48693802343
53394.04333862117
48786.31993497986
39627.20293039248
40160.17586097878
38087.32728083721
Score: 7.628652733114455
Runtime: 576ms
336026.353494656
329592.1328980636
312395.91614084184
302513.3477494666
292706.70302465867
284787.66357272904
271054.7978343813
257222.3021374229
247906.83408575063
241803.40370856546
225624.5849897549
216100.4139197533
210597.40606889443
206365.51578946054
200479.5773327768
195767.19374735723
185168.367225634
175283.4222285582
169745.26285182984
162090.28702932174
160027.06789626117
155888.64763713133
146291.5239931333
142322.5556164551
139079.97083497123
128727.76227385261
123137.57892097802
124615.24489485509
117532.59392452652
117114.92467934832
110841.34616442269
103591.31428549852
95195.06382394386
89304.53267972883
91301.33586739007
91937.10396201839
88942.79089407367
82320.65576829009
82131.54213966156
79748.99045834679
80139.79296894293
85518.09680722898
75077.45751207696
72924.33349499785
72988.09181194473
72264.95022190016
61856.05580565166
64365.22004905972
61177.505598836266
65503.168431969316
62247.65112549548
62463.93772198542
53302.22151860404
46261.855009554
43373.10964965341
41925.33887878824
45821.143593738954
46105.98247084045
43838.788621938314
44024.984059157585
46283.26473646024
42731.88872166213
39011.738258218145
33882.25765249083
35218.323495320205
37113.91649845467
Score: 8.909849290260244
Runtime: 601ms
336026.353494656
328955.5013796328
321823.5691851331
311433.8859610209
305292.2495033197
291616.0993482018
285403.47692067845
276216.76872527105
275007.01621612126
264323.6997132344
249892.29295547897
236881.97768143582
230969.9593305117
211130.15521896264
203619.05558839062
193917.69679497738
177567.97284948968
171022.77540417534
161798.21979884437
161653.74194811666
155655.17629543034
150373.05810315488
153976.5195130081
145127.61485761462
141726.5096060247
134471.67211897176
132801.95353549477
133502.3763921028
130011.46860832308
122255.15038478124
117701.84637474676
119972.63989069546
114560.78808410608
106497.35579312708
110742.45672419244
107616.00415519548
105709.73493587908
113302.57196467534
102438.4286063059
94140.23235785167
89843.63499315042
89042.50097598648
83016.18649834993
79031.58742882888
76310.8151630644
72199.90664321683
74410.60971865949
71686.94392387714
77061.31927764976
79803.0210247526
67511.2041933776
57607.46026621835
68757.48037943974
65930.00488450473
64988.0010671685
67091.8753660635
57938.39007459215
57408.930399592544
53197.419144852465
50495.70174039004
59123.45623639758
57475.91544595306
55368.34019725533
59039.44713696145
58666.5186529256
56746.37695685483
Score: 6.908464063514233
Runtime: 591ms
336026.353494656
322341.28860733274
309996.2128692487
291990.8878833291
280798.992292401
270391.44789344154
261256.411188497
248118.48666257976
239143.76267998226
224919.97988594417
214125.80165867583
201369.90090050816
193702.9859032902
185862.06461885685
175298.69070831398
172317.31149496487
167079.98415001648
158713.82278463218
154118.6992833086
144777.7787334302
140244.9052272527
140440.76368322838
133886.53151712427
129761.73906668038
123899.64583712316
124677.97144744566
118122.6067025446
113748.68580446477
106209.75607339556
108187.79238733696
102038.81546961455
93003.61018582879
92438.89461653143
86557.99746547056
85274.7411724976
87350.1324033279
80898.34935319256
74382.75261977011
72193.31450065436
76896.64989958586
71708.09375336555
73014.62445317458
67485.52026247016
68325.31395465219
63161.83686819802
61862.34574748008
59215.396742427336
64971.19286333215
57797.48128861909
54119.838942956834
53001.79750788153
51161.076670172464
57148.70500137821
55148.89901151554
47848.59788932195
46614.26682254348
41239.487052667566
40366.67421533884
46356.13330117981
42157.12764165826
38894.37930880947
41120.4246950027
38701.718322964945
44926.51022020675
40068.71520906222
46160.94444141321
Score: 8.79877124407988
Runtime: 581ms
336026.353494656
327746.7493406995
318209.66520609823
306106.2934606891
299635.1700126323
289719.8716091111
278991.7214861023
269869.5739495567
258438.78686838667
249182.95491107713
242908.97032799546
239645.65804460287
234086.51039492572
225457.4529771444
212118.57082376367
206602.0034073213
192499.9868566546
184261.0348515582
175696.99992795577
172754.22458941184
172781.99411683826
170913.85400345142
167822.33267476052
164008.14740863378
163066.00486148454
163591.73874938468
155358.4922750867
153735.1530929693
144939.36054516188
137461.66239609342
132299.8557044197
130567.11433198258
129199.51506955022
127135.00860019268
125186.83170594739
119266.38049225886
114833.33440145665
107580.23452900836
105189.58626609805
106876.69861892058
100530.91322537477
97131.93293158438
97465.88937718885
87706.19605313365
89045.44363705936
92211.2126834291
84601.49289660648
79622.60257147482
77299.80547288826
72467.12852936982
68488.64665022648
66590.01367543043
71332.42455604176
64158.9961447474
60793.07519435326
60344.31750972721
59029.92515049785
60570.61400202987
54273.97160476748
55209.179170243704
54864.178465254074
67773.76440611901
51325.33825501956
48242.83383362033
51800.00382737077
47669.59030239853
Score: 8.25807077232884
Runtime: 571ms
336026.353494656
326687.30301817233
317892.7876339195
308231.8500597405
291306.147697997
286203.760475875
273179.7411146358
267264.9145183593
259875.29227991667
244404.50719056098
232396.78443063432
226039.92988652547
212205.76492753785
204054.67878946743
196707.32145134354
182664.80017225645
175756.09903145922
174767.19847492618
166098.3178913371
163172.42167244002
152982.6575038373
150034.62643614566
145047.21957656596
142219.12566588502
139015.6968927462
138516.64231875632
129839.55032453332
123784.31305179161
117246.64707006539
117239.87880041012
113330.12141834553
107060.78473954907
113057.01112749444
109781.73334566715
103300.48390488757
96632.73624332319
92113.47262433222
91451.44831567467
83189.2724150691
83989.93641276674
86375.7229690676
86047.44723230843
81349.64519974682
78580.97417533114
71402.0884152848
72911.59090137956
69297.42853853901
69937.19560578144
66150.93582908758
66485.54308404172
65146.031638163295
60867.17312612198
62329.111305790895
63904.941270587966
59665.9304621863
52081.15829015582
55932.80855069413
50481.85041114662
46384.89761475105
48026.10079630942
42344.59563006112
44650.930936071476
43782.35214787095
41007.780014221746
44063.01335590611
51231.97029584396
Score: 7.379443521674314
Runtime: 635ms
336026.353494656
325700.18463411357
319093.8425499534
308949.4670104701
294176.474568524
281629.9316919354
268810.8235439567
246589.69363454738
242097.47669487968
225616.7151221701
216612.68109165196
206804.12545388404
192783.21758806988
184547.14004239213
181068.69167219463
169532.31606942063
160324.62794611766
151465.3650010939
149497.5512706694
146755.0953421002
139993.98214025592
136904.32579672584
133792.89624580834
126683.08039351691
123645.51843577433
119749.88383219179
115308.1514244119
109652.37818201078
107042.15576068297
102219.87424857465
99960.49284217287
93304.34519162572
88938.41139010838
92940.82534925168
92618.07710740324
86970.25668478501
82289.4694804341
73271.26472416754
75760.98936647706
74513.64494478225
74291.90546368544
69689.16635341593
61497.7427411186
63014.54207241196
59793.08300983697
51983.71509297423
48415.51833946148
48562.97804728136
43248.916672268664
37102.93874491408
44276.09535748406
44065.56804991464
42623.83607140068
44157.2832239228
43660.53287635279
46830.08097509477
44890.37182556675
45048.11208484239
42354.260658218715
48917.71151980101
36907.53942997673
46977.191921466896
43979.87342354467
48908.39244589873
42785.57514166463
41488.49045606671
Score: 8.936148368028542
Runtime: 605ms
336026.353494656
327059.3404343206
312029.0185241702
296801.33150320087
285863.4955112333
277515.12713431584
268196.2509748581
260829.0135383995
252637.34554689674
234869.36275932682
228174.76154899632
216156.96940960083
201724.40833673027
188416.33234634716
181588.9081236781
174439.76724980667
161002.57048266535
162067.0634007919
160368.0119548754
153762.1755438687
150416.8743372605
141774.7853764647
135032.57434014053
132745.10126716908
126868.99406523023
119957.00380185242
116230.99127852594
111862.76409459085
112485.92925739218
115696.70394393009
116192.48378089064
117099.50905110348
111017.01701728592
100890.95065898355
102124.2349233892
105060.37632624732
100941.80063099328
102498.26150432334
100961.77148633942
98172.22743116377
93431.52607499738
94939.763470823
84550.00209610016
83392.39220609827
82762.98439101031
77363.20235236819
77475.5573489132
81058.67775695847
77417.76590634514
70626.12787330298
72994.7866639855
69682.33318431501
60268.270831564754
61796.469292542584
57302.87078942994
51415.62469944178
54679.08788299818
53216.64001639462
55245.80376664731
63423.09974426715
57887.010361580295
55772.81356242214
52878.16867268832
49665.127274025115
45398.52990098077
43419.24411159822
Score: 8.484127871005917
Runtime: 587ms
336026.353494656
327859.9815623933
319287.5454583206
307010.2346429728
293376.7288346142
284303.04579037236
271999.35006148746
259501.44744945815
254336.50294900427
240758.93542727592
228072.1385582259
218248.5219122788
199651.8305160054
195489.92482476364
187867.8827984553
181024.00294833328
175957.20202866668
165668.42725642567
157846.89235663917
153576.93034903094
147102.23359753288
141551.54755467788
134940.17715578614
132729.56458079885
124519.53157337412
113925.21486856644
110211.97115458225
111716.65454238345
110422.4710683564
107638.65688784604
108722.7596662841
106614.02744194935
112735.44463840566
100732.69238196821
99315.31935497244
92100.91675643023
93066.77219936583
83831.29098923388
86175.75414142017
83272.60803518796
79683.74957205041
91006.6380258056
84221.99121839453
82320.88021700822
74085.17694493878
80677.49357886332
70206.17129119663
60206.917919960026
59054.5594124966
57736.154940037886
57539.13866731747
57512.37121437644
58054.26864984663
52152.79894795854
50710.48458340199
50935.36918952604
51448.23645143031
50848.014927519274
49638.7667073739
43281.566786910764
46458.14190229778
50683.11639827672
49817.393193810996
46310.33330123816
42335.71778712204
43602.680091924005
Score: 8.834070783145739
Runtime: 573ms
336026.353494656
325781.8912371392
312169.269223432
300029.1350193403
288348.33489256405
274860.883119567
262063.06327948405
255782.7086083144
242014.09736615734
231287.30190859223
216493.7707086747
211452.47243126982
200597.97788310802
198135.5839371905
185936.47983626352
179691.03657929844
180270.01207065862
171452.43865120644
168218.43687086322
164459.45440717984
154609.30345586507
149504.5788422357
145496.8610031324
142926.80233789422
142508.3540076384
142277.73106195702
129282.4525746979
125970.90687174848
123670.20093416359
122537.34877245946
118237.7355006277
109870.46876339105
103049.1124085977
97100.43424411428
96576.04339102509
95508.59145114983
94651.30443725306
93203.84888094822
81958.9746850307
85977.59808502914
85012.39406780609
83805.12561720672
78562.85554742659
76170.0103735306
66110.4245739825
63135.28639492893
64374.25044388889
64249.13997191426
60422.78254329076
59993.93387481586
56050.583194093975
61954.79495258404
69451.74806121417
65712.49272054751
60342.80279198698
52427.001110209625
52953.02014747989
56990.23648456069
54965.17483679429
55621.648835935805
58142.242728793775
50985.45151195709
47626.65420646124
44015.371484489486
44315.900374634155
48900.70387998178
Score: 8.536404877145129
Runtime: 588ms
336026.353494656
325091.795559733
313037.60455269815
299049.15441988123
285820.24512270594
275921.1424230428
262931.50012144406
253714.2150925754
240347.85637294472
232615.8947684875
219634.76720887865
214308.84033923084
203201.844742188
194363.47100089927
191240.29287911922
180282.8479221238
165942.37710321211
155849.25299922322
155034.01285336737
146461.15764857476
134601.10651781582
129445.9981439745
133817.62835436405
122546.24848954522
112321.79804021509
113414.05440774657
105274.78676798118
104752.9648764328
104480.88583684279
104118.87271056189
99340.09207209996
96181.7339848896
91752.35493527008
88832.9977340735
87520.41073425802
95753.53032425081
97964.26943801128
89732.8302744707
86023.15377862769
84755.81609703117
81034.07633810179
83820.09565274895
82517.14321027989
81598.45323419933
76860.38193880023
78906.67258891699
68381.4171755982
71658.24509313259
77863.40493039203
74475.6860382225
70612.28450100514
65765.75196480757
69945.34444732392
73599.47381393702
68476.07532774482
66698.89376008969
64252.674763707284
69677.75069868471
65604.0470694573
66860.73100364213
73750.63758861834
76880.62829315267
65057.28543029224
65919.33862809575
64539.60174806
56625.710042117484
Score: 7.724765370383141
Runtime: 630ms
336026.353494656
324779.5904271189
310949.8606478144
304575.28399257123
292055.6843715196
274782.2630094788
257558.66989549433
244241.36144054137
231650.97906801978
222021.19409970188
218679.4132820713
204332.748779581
194860.18029483178
184631.6034798096
183020.07750449472
172159.31436283907
166471.15284506668
159859.60066200307
152184.52363796983
155320.85758867013
148349.36641669236
142038.9032642502
139267.28186123917
135443.39471982856
136821.13705435008
128848.34418370371
129079.2381674253
125026.98298606936
127048.87244831074
121207.26405335541
114932.36016249891
105683.80966062272
97382.09310484878
94379.66811358594
91667.15605010746
89597.53341515493
84331.14393449409
79347.01941366788
74054.45830044345
73602.89310434899
74617.3436434956
75594.93125253914
73167.49951959634
61589.59710982006
57293.14050441799
53818.422728907106
53819.827059172916
53944.45677970627
54637.992134807275
58808.46889578195
58557.45441786585
59704.113924513564
51945.08299566224
41677.07078380392
40836.38712551388
46887.711328568614
49760.889663049566
48038.85242890942
38546.45134949205
44439.74468556045
47397.95260545823
44016.364180590856
45790.36840843924
49835.57166927496
46942.22307591357
40572.65965978376
Score: 8.281523152698862
Runtime: 626ms
336026.353494656
329352.5507148394
314263.5391485115
297690.23198423017
290618.1866967541
272649.65138085256
263304.10776930867
251380.8878688563
241795.83738563702
232028.50123114474
223588.65150762492
207849.2353308656
195748.3731595377
187063.29046468812
186522.26611422675
184421.51267482675
176463.6152925994
169443.96531622732
164526.31405570114
160552.37612179853
158869.06393085502
155631.79061036816
152889.4251349055
152283.55717349474
151130.0806407053
141693.76357844076
137415.34083373117
132711.187135364
125333.2047907521
127177.21888129755
124276.04858077933
119433.65110418
123099.31617131244
124528.68719116718
122756.61311416158
120874.73411966088
115288.91582081735
110163.20024424065
106748.22594566167
102479.87198282263
108841.15372764925
100247.27385841527
86350.94643721949
85063.48891271766
84471.74131971084
84218.85687936252
85951.32402057953
80729.96239130532
78556.31121240134
79830.75517297459
73467.95012918867
62709.18186042467
62425.8270720151
64447.95680681534
57706.85277263352
62216.28193659008
60749.51936123906
57216.55835093882
59692.502049045375
56259.871421973105
55256.31416918601
51563.208055494026
56332.2026552039
56311.86781217073
53623.14532412221
51254.01137460149
Score: 7.794029331826523
Runtime: 622ms
336026.353494656
324428.17482691805
313636.10152664117
301264.51263373496
287161.28486776253
275897.78143903706
257739.31047856837
244829.0847315964
237682.3383728113
223535.36501263466
209858.4818817105
196337.41610330722
186728.43699610553
184109.47910713183
178504.3715734389
165975.1890410637
159191.86540688193
153879.5909965382
147929.98938084196
140828.63295407823
137789.26561900054
135292.79105743422
126703.5625092927
126389.46948270626
124481.03668236292
124701.2636681044
122366.20026191264
115987.94316251385
109816.06024967323
105415.45945533663
103821.89971612033
101318.12182119992
104505.09454990507
93483.99203544631
93980.30521150024
91228.25263856548
87307.4418763455
85593.1281891101
80977.77599982684
78278.67776388502
73741.34064157918
70888.84552828889
70492.49131518547
70077.43241088238
69168.7059774726
70527.7983278229
69612.65241893838
70093.85622954142
72726.9383019764
70509.67351352163
72558.1002763951
65742.2833702422
75229.42288435822
70917.33497317968
71438.49048326437
68409.48228737783
60291.02027579135
61578.765204519266
60187.76396230229
59523.15946584325
60795.66101459199
56318.71950346759
55666.214671625705
52032.44797528577
52153.276235166966
55376.35440459215
Score: 8.612316926303599
Runtime: 566ms
336026.353494656
330720.45508280257
315294.96553166886
301285.7061647546
293485.75543868635
282517.9678806565
271092.19613659993
264189.5102116088
248726.8617811389
240441.66135989444
226122.63376570132
213533.28722061988
208152.1694133362
202452.66873007716
198376.84611623068
187463.1016804866
186419.48256637662
186042.67601205278
178687.5363826933
169198.33297543664
159525.49090045216
164634.05171748545
161051.88032993537
156335.48619911383
153812.97435942403
157373.06246949444
149451.92677016486
143174.29753008438
133367.80642826104
133286.79176956043
127040.01255055006
118674.98254516665
114591.31845866419
114450.17655242789
117782.21790227029
111690.00426625903
110607.2507080224
108956.4490839413
106845.09557592357
104710.5206184361
100300.6232251347
96393.29333088624
95949.2643567467
87565.80377457532
85227.01990847019
79139.89191977697
78971.80492607175
77199.12348010397
75103.95000786203
75222.68653881841
68503.10196047444
67861.32360377851
64240.13088575956
69646.06990765783
67291.03873918188
62522.105063946874
58529.94049785916
57528.25219972738
54812.166902914745
56968.76166681405
52168.400492156485
58715.03041710709
52223.385633177226
45662.19190510904
51119.61961220871
49326.77399436215
Score: 8.094212964427793
Runtime: 598ms
336026.353494656
328787.4964613852
313664.8222457005
299784.2921403872
291559.2244631419
282615.592129685
267338.0911014373
255525.29455439618
245501.40280550098
233328.86286460602
226686.2887638078
217969.8748965642
208109.3106999032
196458.48520517812
190663.68390184012
178790.47435094905
171090.42458094846
168885.4137791037
162899.04371680305
147673.2620104924
149975.36710516352
142681.76927790666
139795.3411459999
128334.36041670071
130440.44558274905
124009.10000752952
123556.38996403209
113743.03783870838
109729.5461694042
113151.46908444988
121262.00891026139
110926.53431678982
105705.91363193077
96906.97153895223
100081.96565318991
93029.58636966292
85802.28934385945
86302.54433600906
82810.99425642511
85921.34772144519
91549.12412499826
76250.14535668303
75580.78392461051
75738.51279294287
76729.70443492928
74868.89531458469
75304.29874971416
62527.63024049703
60700.95247109095
59596.98283413601
48697.82727673724
51928.20604080609
52426.24640203969
48837.39866261577
52762.3869595216
50977.05037928956
47560.74095225828
41383.24072552281
45561.8866797308
41484.28421382598
43764.61278913694
51590.117977946
46900.01929897141
43592.54159740302
37228.103366421055
38992.95697569731
Score: 7.955373160279901
Runtime: 595ms
336026.353494656
324851.7940763682
306770.06718197727
294552.971144325
282461.0848141405
282437.12573592906
264945.03708261985
253897.02390519757
247724.09873104547
231837.54336865636
219487.33797372665
214798.7835145721
199009.59253017302
190305.30677261128
182836.57591606447
178863.6529525013
167741.4017645154
160128.72623334543
150486.40264002298
147612.6906742783
133407.8172964801
127719.41490307346
126028.95883015223
119972.94928852507
122481.79317151864
113908.32840098627
114418.96740308042
106184.98432919354
105432.49007012654
96483.68553087788
92593.00027820062
88762.5181238279
82172.15196928298
74716.41557013703
67524.60791784123
69783.0223933197
69505.56296365331
60419.43236842299
53262.15980792189
51235.297064256076
48460.54310044997
40378.15978383309
47426.25859446597
47098.50896882671
39966.25012610343
39714.743994888726
43759.520909424806
39712.171634654835
32486.348767564206
31256.87095749278
34491.574788998296
42884.254228850405
32385.628663418403
24242.06155205605
30059.468622231678
31006.09148706414
29043.85429513575
34187.31337807665
33553.30431912188
34415.964993053116
41940.51041952029
42926.895946050885
43859.333749677724
41485.42683526373
43132.24831424513
34709.35724459246
Score: 9.233231729206334
Runtime: 542ms
336026.353494656
327199.8442663972
319600.5544942344
308545.4712038098
289770.33350555465
278840.16334532585
265687.5935843684
256396.14634062166
249093.00215749705
235145.31510083753
227790.96275168937
220078.57242302882
211058.13398854522
197072.79845195278
193277.85062773988
179894.99382096506
169910.13461224583
166504.6673236528
161363.53831481904
154352.1031942164
152429.49941039665
156630.79224869653
150685.60195153588
142359.23988118014
135531.05104904232
132448.09843260812
133158.16338205777
119303.1391674981
120072.19797416862
113689.99059209003
105501.10775322073
100834.33334891163
97997.53852963242
98201.97547713715
91007.63481014021
88687.56426333707
82816.4992132122
82093.60751435194
77697.32233847072
80106.5999454829
65110.38912275397
64860.46879993512
62754.614937586826
66653.35923578498
60516.216565839415
68578.92325292443
57591.536117608084
67345.23436616198
60404.09107216893
56322.89624536259
52869.7964910263
52279.47038584908
56926.385393880206
60530.70046727048
51474.22230854895
57052.30719373076
53018.56041017
48033.93500679929
46063.52018332673
42988.339822592454
46788.587417135044
49177.1895429406
48025.64768676519
42786.47331590383
41889.2563277755
44192.90592675562
Score: 8.812558813430636
Runtime: 614ms
