336026.353494656
287682.85088328377
244254.0230714192
207285.33050175544
174696.4635680578
147033.35300784634
123114.55558112553
105156.21184573969
92244.56339341064
77826.61238250716
67190.92050585152
56750.261063947255
52296.46321620023
49469.323719405606
48748.519285081726
44115.906875947956
39186.391078823624
36974.623745609046
36434.08052833545
35481.03677884637
32911.44016274539
31493.116858125573
30769.655488622844
29909.175536443403
29122.451207758422
28871.84988351368
29102.38503143724
28605.657869523715
28712.83873695443
26776.55192570247
27584.812230992553
28002.410954422023
27758.69516413155
27519.287180453903
27276.549404579997
27523.72392261484
27649.377461617038
27644.810803466033
28115.784984895767
28222.871750655235
26997.15366419784
26284.869224060058
26286.419575994165
25562.14770531851
25555.22982125114
25458.087977624004
25688.445943186725
26342.546970680312
25231.120035541524
25277.582759074732
24320.69731500684
24893.22878860705
23942.230739227773
23025.682738907813
22983.170028383727
23160.697621210922
22951.001069694394
22493.955968087612
22230.751866399525
22761.774166598974
21918.690644914306
22195.43125594553
22402.05487777011
21388.994345311592
22173.253543683084
22350.398341519507
Score: 9.656883583056072
Runtime: 593ms
336026.353494656
297604.2415425022
252243.37396053114
214662.9939968722
176304.3706701709
134635.08205261218
116231.73327760873
100355.5261811439
82667.34170535968
71778.47828014546
61909.4193273577
53368.64230509649
47658.79463572144
43159.97991275495
41649.13553501441
38246.23506533747
37743.358312760996
36968.59510133133
35563.63078659684
33733.23948910474
32911.14841558137
31417.477195649517
31084.59526679395
31997.74271334233
30841.671111551892
30483.1930207712
30519.19519264718
30015.442980681004
29100.40641733184
28893.69586137811
29247.160619508253
28912.12353871178
28411.79829041845
27552.149418277557
26925.089348206395
27184.659077702123
28271.71735855701
29225.327508783244
29030.585357131946
29267.56079116101
28700.531344181407
29113.955539490496
29504.95464089403
29399.500997650593
28823.417209255746
28175.25161872849
28320.67287364821
28602.093584956667
27857.673793107057
27860.500935791486
26375.549796317744
26895.334485630377
26566.44522310337
26159.888744145712
26165.74454436705
26442.52168528373
25925.134271720235
26078.48032099067
24691.014800868146
25039.020254005478
25173.717575232728
24386.35140017664
24708.638583885047
23932.317028603906
24132.947187663158
23608.280611451428
Score: 9.49915024777987
Runtime: 596ms
336026.353494656
298036.6595808012
255486.0488857772
212839.00675372593
167792.51958175746
143753.53190766208
119117.39362684163
100728.57360907007
87456.70801826578
77341.90983610034
66308.75084919595
57544.42844520083
51582.016178484286
45495.23909516407
42863.81655396227
39430.706424015116
37895.17533364596
35455.42424547109
33305.00599263057
32109.012098232266
31098.958283165983
30002.473618634518
28705.6078018579
28589.441935356186
27821.1326602879
27130.751220592916
28070.273927322498
27362.534322731273
28055.185982292438
27674.66226327287
28993.546593764524
27788.75145842299
27207.917364268975
27840.318358627355
27803.982509268375
27227.308043159836
26422.94051430495
27033.597208442327
25968.32165518316
25325.649368723476
24651.82876919288
24876.196022763976
24186.44333469443
24199.190951135533
24842.95824266304
23838.200845613293
22675.984993418384
23284.3036765055
22704.14447251546
22331.84556635623
22130.119367628355
21854.84160959333
22576.811811467946
23390.361806248333
23864.508945188987
22849.3434119962
22368.423823782377
21391.685097983096
21310.772390923776
21533.101372052508
21628.43183504633
21820.65262239819
22491.264936496773
22267.367830843
20624.63592027721
20197.394671675866
Score: 9.701038347121237
Runtime: 646ms
336026.353494656
297123.05529287143
248067.2352598313
214226.54264538994
177201.58485544787
141834.748126938
111533.91961543045
97250.62005472195
83436.85197022966
74642.33571820955
65092.768808497625
57111.07782571605
48634.63601775288
45550.08437006603
42382.7677440168
39495.057598426676
36651.206041048725
35366.08803944506
33207.274429803525
32388.211865137495
30592.276791900502
30277.353743296015
30393.620387762196
29374.133499072104
29000.891955904423
28348.899455485724
28343.249161302032
28362.323456228183
27631.547489763598
27761.524043391248
27881.21560021329
28353.504291681154
26946.836894716493
27393.415048210692
25959.19435056298
27012.866443020874
26994.47091704432
27871.757281513685
28494.23058078219
27864.771322968376
28432.587443926168
28403.705539792583
27615.49683441396
28297.213586622984
28128.638398200488
28868.566316154313
29274.95946467584
28001.762416146128
28131.512116608043
26723.453160624988
26020.748310323317
25972.542488853716
25416.030336713746
25593.230427024493
24821.92314623563
25029.615205212252
24932.778231800035
25396.350785170667
24739.736875082726
24357.522087851285
23751.43083359544
24513.24884358107
24458.403598292854
24313.570849113556
24416.387324862168
24217.248642653
Score: 9.44419117222228
Runtime: 642ms
336026.353494656
297970.83877835225
256968.46066666138
213731.89137381976
167725.91395309032
133860.5353769503
113729.0282998604
87001.15874628963
78502.1554782888
64897.59510118717
56082.41107662075
49022.576776737944
40419.37916136269
38850.4329980365
34436.5869274659
33688.296598608176
31170.08677491789
30691.85506675805
30322.663056271085
30130.406554876503
30612.08646412103
31679.46790703242
30799.07896804173
30989.51227323864
30688.44697063726
29870.620761526414
28510.093007499476
29196.796590592236
29824.068870489413
28278.39026912323
27826.611037779687
29159.308797881167
28196.905344955856
28009.078597699438
27841.41549186189
28697.87042615018
28300.038162660538
27384.85105911071
26928.78189889364
26196.830113532855
26020.919604034312
26163.184239842005
26756.519709490593
26206.230994037913
25963.246417564304
25990.678017472426
24557.770783000968
24076.921120438892
23426.164436794515
22951.9342537286
22339.809157561434
23068.43240070978
22526.47954621641
22064.331026489668
22338.181080707163
22291.913987375076
22150.369455726057
22005.14497210849
22280.320035344594
21420.255133156952
21243.888853443048
21257.81507508517
20278.76698648661
20680.18820942334
20632.14473121678
21598.638496488733
Score: 9.564494573122502
Runtime: 655ms
336026.353494656
299643.41871523956
262395.26473881846
229921.03883470726
194218.08333760293
161968.72876968517
134450.96097969046
113819.1361307669
93060.9621424296
78129.6797487612
68450.18837644007
59434.340573448564
52506.165982491824
49542.10479274158
43544.02923199866
40447.1153867048
37915.61771619163
37635.48655721746
37018.323047434846
35009.65632493381
33306.72215413134
31956.940725850603
31337.666589121356
31004.555831684713
30927.048967349703
30999.335807052932
29289.850811259297
27820.90124931672
27408.92830261498
27047.269222112453
26699.360071043557
25450.09372929601
26230.090943643718
26375.995320781276
26813.89349374203
27005.61317245967
27460.459719300972
26970.765113902376
28067.25074970171
28184.380433674673
26666.254578531545
26182.339390720284
25550.497078631455
26471.79463820502
27062.319166734742
27758.618067860854
27275.064308299072
26346.424715088175
26623.797716173773
26568.767070031983
25909.650147221957
25784.806001578687
26140.668730926776
25527.155868907597
25434.764287124955
25171.860643072527
24898.40713389334
23337.678760450846
22850.13208218598
22617.031576833193
23172.929298395975
21908.598081487788
21550.93525666824
21040.192949921373
21530.18492103775
21456.259302147693
Score: 9.329726213920623
Runtime: 599ms
336026.353494656
300566.2854740224
251410.76653981343
190703.19875059585
157945.80319171105
128331.9269583576
105721.52090585865
83913.73312990913
71326.50396676225
63985.01756837582
53858.63333563111
48505.35023930399
44536.10220412432
41746.316126447935
39071.28108116279
36009.42021191455
34727.65664515257
32364.220792174543
31797.23132888211
32142.501111652135
30100.84061933701
29613.46915754485
29340.232100252495
28825.27595830774
28621.597981156843
28736.246728902235
28097.004777127713
28738.84705572504
29207.20834772602
29138.712449996634
29114.856490774804
28930.37573838025
28311.34740159501
28102.087737262766
27056.967772086016
27137.25587793178
27340.937010580168
26561.495740515486
26659.15846493815
27475.222706908025
26820.972260596885
26688.21975088208
26739.524088541722
26271.37228976583
25116.421019570484
24496.142032126325
24729.45113118185
23993.728330845774
23753.867916152
23432.665504526936
22051.153888418747
22451.143767088277
22374.96081480217
22358.634435300468
21906.121682211702
22423.765835135866
21288.3994222475
21428.055548947134
21233.32619594783
21284.42675199129
21565.40141746261
20600.45109654818
19824.678783613996
20018.863995752126
19864.57415149024
20055.911863938378
Score: 9.772376858981819
Runtime: 623ms
336026.353494656
301509.06493907695
265713.33764460095
222217.6574263467
182137.90262568512
143677.70447128537
118560.19070909898
98063.05272565142
79375.00791562545
68190.29473785561
58032.178467194084
51802.058234245706
48366.70599732999
44520.82290455173
40846.550660253226
38538.18266428015
35475.79222382782
34726.075188340525
34518.44848868236
32276.766388576183
32070.562544616863
31487.896167036906
30945.211349983012
30494.002031853102
30333.35371161011
29469.41700488249
28732.28999674659
28785.22354834919
27834.50684684674
26963.68813238602
27033.646905685495
26735.349431565035
25989.748500503672
26695.526004112868
27282.591453625726
28503.317258841646
27919.71282557879
27298.539938135636
27189.54729065044
27277.55079427949
27648.943344823052
28243.992107178223
27799.814285631255
26819.671124434408
27288.848632467172
26783.704896668656
26687.383742470804
25383.568685486687
25869.51133484405
25269.703783613935
25075.46284754892
25204.608207834684
25530.944993636214
25642.918231193653
25203.12528410642
25661.527956502443
25760.682166759663
26130.6937974593
26132.261778018557
25437.328785172165
24961.23483949353
23411.439823173485
23495.122520614892
22424.02137953025
22487.77289908081
22534.000099593362
Score: 9.511555717638663
Runtime: 636ms
336026.353494656
297865.4107533508
251832.28140685734
214386.02819746482
179761.93100368985
145802.8231574423
127814.04346856667
116334.03609155677
97382.8902937517
83922.8943216947
70125.47119712787
64437.985844249655
54300.161852959485
49397.25876449943
45339.937430030666
38835.61948374455
34685.97151491646
34089.812136516535
31237.536828140153
30127.518865096452
28918.81120975221
27262.604150442938
27925.104649778623
28220.364092834276
27835.14333064518
27276.792260015718
28150.986115175954
28206.544042869264
28694.906266053047
28852.34817390673
28137.049531458655
27547.71137965433
27693.978376665375
27497.4843625541
26507.331012242143
26765.104809654946
26739.073470671283
27480.09767775297
26772.750457869875
25939.267693502636
26388.650436126733
26629.987080124276
25917.422017171626
25314.380558867877
24933.207419761828
24273.139973350757
24470.897550466827
25100.800397777948
24599.128277912103
24790.6802968442
24356.328327592764
24928.644524015628
24847.07986295479
25136.811538611448
24062.590993350925
24069.994917670345
23565.974907031363
23455.440627767806
23548.56655370483
23778.560200162283
23155.36179989538
22499.63204247891
22446.699293487793
22660.91476044073
22366.580882297196
22050.910722823235
Score: 9.606480284873006
Runtime: 604ms
336026.353494656
296107.1896390852
251981.93875188593
210721.47499911534
167153.85756650992
148573.7894279662
122953.0280327213
101089.32468725508
86008.65047054869
75227.04764939233
67087.07325287753
59827.76167950734
55518.59419779777
51368.19534057939
48318.737439086646
44957.8617251589
41710.7397105477
38823.22655983381
36376.91169602136
34866.206753690174
33749.17191766094
31832.023889729942
30965.30324252728
30242.605490711958
30228.53200624644
30581.85487482353
32078.822336502035
31988.237019802706
31492.740564375228
29953.53253835052
30067.53666091335
29615.981123441987
28904.54791057105
29550.90151418375
29513.929818500816
29340.755689919442
29006.587193203835
28509.808240732797
28693.065875685883
27526.52607974006
26403.018728501243
26631.543480040327
25568.18494761741
26078.70714735982
25989.28035468304
25387.613337736926
25268.685679172504
24860.713600503306
24732.485895778358
24611.11262282532
24439.45361118452
24968.28125893187
24313.636418647337
24785.50508727576
24323.813690187828
25129.466401637055
24025.351445562635
23936.079333484155
24219.861995188963
23610.22233887753
24307.60630519007
23370.973073865523
23344.107228575678
22635.888688156592
22483.56857438387
22296.90458783777
Score: 9.636883481795751
Runtime: 669ms
336026.353494656
300930.4522746318
251036.6334531433
201810.23739833702
157870.09050178275
124049.12154472111
106641.3263057341
93056.3722146798
82567.4143628137
68853.69368388793
63950.99925228111
57924.57033212904
54633.89223465916
52245.203231828156
48073.9466201596
46042.21077720482
44550.472639452055
41371.29786372081
37983.71637196269
34907.13512394078
34793.13186214487
33441.350646304854
32434.49969518617
31559.37091018082
31019.60418848862
30672.625449386764
29838.263436148532
28318.706159462312
28316.94814122313
27445.011600975286
27423.15180439222
27073.376700324745
27561.327688757712
27492.45534687109
28632.974678305658
28856.102891303733
28549.354793835446
28058.901583258386
27125.620997582508
27024.798885995122
26685.748122727968
26244.526225030815
25776.66252998783
25452.796728718364
25838.17756064598
25583.71911460485
24374.027611327132
24208.532302374064
23572.159102181962
24107.925574985376
23275.39536098929
23406.35604640263
23453.748766126988
23793.259989830887
22544.822915417582
22562.129691406037
22712.67296678918
22519.07914692254
23330.246633129707
21335.69543381049
20966.24810374389
20889.356608633097
19878.630573553968
20186.68140491192
20682.58886692485
20952.207569314374
Score: 9.647062162897107
Runtime: 632ms
336026.353494656
297334.8877142867
247862.7897365762
225162.04989539756
191789.5003970533
156869.31770226694
137386.77869370833
112050.77876393517
97331.83877564615
80625.21026683197
76921.42958239387
66518.27641283878
57708.42575999037
51347.93097134547
46956.03907837118
42432.489961508276
38145.13615336217
35847.371726099955
34788.79982523784
33219.51244539889
32659.67684722775
30690.578304863466
30235.93532809155
29233.358289524607
28834.647678833284
28358.611869330383
27927.822244291176
27423.38436794792
27494.956496826933
27542.818171973668
27165.77686376253
27038.203606546005
27052.398837072797
27395.51150295654
27384.316902308216
26899.468862499965
27654.094457362855
28496.574248134
28791.27817620828
28210.25642164595
27307.59953295269
26927.398297304393
26628.589399979173
26402.56332227505
26043.687446775923
26701.59380727948
28135.113669276492
28271.69504191467
27971.276235117424
27380.71183126409
27882.935318792464
28270.58955206408
28054.295195387767
27599.020557612548
27760.48049571748
26770.925649587334
26136.116865757882
25228.23747252822
25252.203563851126
25185.716721845543
24919.22074008532
24837.94091792604
24429.279830025836
24056.78040109374
23590.122537063387
23640.805479706327
Score: 9.252236540748878
Runtime: 592ms
336026.353494656
295028.2662259791
252785.85460794257
217439.09576683477
182648.04638598827
149976.0683466401
124720.45624750094
104157.79482729263
82636.34359285251
73304.753133649
66707.15371284528
58180.908821784564
54093.048745151274
50088.33194223659
44819.24306002183
42883.49082910343
37295.08722943539
35672.26038331843
34036.93306592753
31486.51699963938
30419.003451697565
30097.266700167685
28366.661628365782
27432.91371276625
27303.95496741264
27593.618324725787
28028.823922389864
28829.620649611188
28169.72209527353
28943.086028865637
29016.938541457588
29665.869785694125
30046.297001003706
28484.55993828054
28356.89662460665
27901.98177865867
26946.822381028225
27341.518506391625
27516.32747750236
28215.129890414602
27855.57170607892
26812.968005107618
26197.30863025327
26449.5506797025
26169.852885560373
25218.057988462086
25302.382850423874
25586.127132139405
26020.533086406827
25715.302850747164
25416.13905185191
24361.595980735485
24979.0764887757
24814.02475134142
25137.970824771193
24342.895597292398
23932.08699921293
23119.14491907344
23669.21167711555
23720.094981509024
23602.47857494079
22356.08885038943
22496.891741020157
22366.951996533877
22166.434524398774
22041.764125799004
Score: 9.539213157983777
Runtime: 635ms
336026.353494656
289594.53933014907
248778.8587422319
213886.3381293997
177378.7508734821
144991.64118190788
121302.3378079318
106336.82228883386
91358.1287980267
75054.76279687749
63185.9095771111
59009.77411063639
53921.9283861481
47862.422890122085
43321.85390774185
40508.03772235788
37761.127755034606
35443.66722070285
34673.25308980757
35460.100882267485
33863.10429468491
33085.064755880616
32674.479708037907
31644.84480433188
30445.261877786656
29705.69446550855
28986.67512652102
29222.166229800583
29804.80280780013
28885.435423966766
28306.352438555357
27214.458072774632
27542.705661175612
27683.92125525341
27061.198089466332
27346.92437661601
26571.985636532612
25359.127163520614
25499.119624966654
25618.46013882162
25473.85788494986
24840.737354318157
23794.982333277192
24913.3931253075
24369.9788014206
23788.84611800696
23850.34890266692
23404.71439555434
23375.861544911128
23423.985744835765
23691.12733424239
23496.78005495478
22405.252789111662
22130.66316871535
21651.121628494602
22130.55127647883
22309.753278175856
21202.48258552153
22047.40704503425
21687.18829546233
20984.070390015648
21285.5510740047
20306.480101124886
20254.09439388646
19744.296405409557
20231.531404173944
Score: 9.717322426881307
Runtime: 606ms
336026.353494656
297532.8482428171
259089.76842035708
216195.59395912825
175839.77964716376
155703.09696223246
119909.07450770699
105414.22904754264
85582.6402177506
70861.63089339233
62344.00614028408
55593.86315602813
52185.56932107697
48433.329063803954
45769.75011268116
41430.95963653266
38809.746503072
37750.62067073309
36240.56385223149
34341.23887135467
32460.898860576373
31729.873255126946
30144.980283107227
29404.38030834437
29011.1088203699
28441.55296153232
28377.23285801892
28691.38758178296
29012.967212830827
28560.112221940162
27441.204039761247
27429.448405989413
27564.697329233968
27823.938320054767
28327.167260878214
27778.06752020481
28081.69009634414
27423.649565812862
27676.187063731893
27865.4882085968
28197.395425401937
28000.699800640774
27970.176836306357
28131.19034990903
27215.901581422266
27051.797958686766
28050.605482931354
26172.404324060193
25711.31681899709
26156.93570945696
25820.420340342964
26506.963803377374
26091.556683503426
25261.328906589766
26023.710025187025
26632.24130250324
25315.805611974836
25019.778122449472
23870.645053825254
23765.31053878566
23138.769570143646
23134.70547150255
21367.53844550996
22631.44594351548
22510.564216412957
22012.500500459282
Score: 9.521622523864638
Runtime: 612ms
336026.353494656
293343.62814652844
250377.01790235826
206707.1891815596
171669.02067884375
137943.3172417398
115586.28037403953
98850.37922655499
90790.83907316628
84132.67474772161
73998.8240854867
67280.38596255706
55111.761818425315
46581.02190854412
41730.55032485246
37997.68429189029
37824.5962191332
36602.97264114907
34772.03093436365
34007.50677290329
32676.084102806515
30580.433399936057
29797.220627339124
29114.142373401646
28911.735246759654
29537.00521997533
28004.18782567148
27910.384707204877
27721.179322985652
27692.565211136854
27707.748340623315
28450.7309083768
28763.753361613337
28800.86998462709
29231.31139178798
29002.75507101999
29004.00041487547
28079.199723720474
28803.929226135653
28032.26248715365
27662.650312531772
27792.06685095152
27769.175325503846
27601.48071743151
27424.473915889026
27823.42679849194
27136.785136080445
26989.720045527265
26832.69593159011
27270.53058721228
27125.01769339884
26828.59731965646
26513.798927693137
25616.12828777877
25530.967370749673
25261.163785194298
25326.810179023985
24783.394574514838
24563.450586832096
24551.617646005867
23985.75946633588
23016.35278873174
22699.374235369247
23073.70686858698
22691.406616761957
21401.22834408119
Score: 9.421155423441478
Runtime: 600ms
336026.353494656
293814.4778021551
254213.4596383306
213338.47842010894
179742.08656304944
149522.43442515616
123916.39439918996
99184.65702613753
83420.42453424851
72318.35785545575
62071.463828158594
54543.02790146576
48733.80252986504
42182.353590391
37487.987410873284
35167.865202077446
34033.92358587765
33431.04021047406
33405.0489833023
32189.955977744976
31054.479394980048
30345.844435168918
29949.837119405383
29455.831366998293
28963.095446626998
27457.641573584973
26884.84160379471
28030.305724259797
27967.073796801076
27137.119529130945
27534.071748439248
27787.150826510344
27515.777154006548
26708.77431718719
26460.8441360445
26619.59450113118
25675.207818279825
25706.79322507343
25994.947926282617
26123.79677054641
25699.08640825029
26116.163360624883
25672.077946799498
25087.41734343799
25566.784492349383
25034.456364147703
25350.575098839683
23823.04306267116
23621.37837929626
23682.411177839003
22438.325653203996
22754.71837407435
22696.842924793968
22247.883972426807
21886.437885346295
21559.657304937173
21882.214560496486
21701.096266317803
21561.77036105283
21246.79510973658
21497.606837950956
20925.94775536631
21084.273108386275
20854.213268839358
20650.89678931044
21056.70230903879
Score: 9.76026685420016
Runtime: 634ms
336026.353494656
287558.8397952584
246435.20948144657
202065.4385469586
162748.28926282964
132749.27057421772
110266.81492932946
88706.33975700302
71896.34209104523
61027.28197700839
51689.29220179602
48708.5719518785
44658.66739700559
39717.59592443353
38351.4350819
35329.36294143289
33545.80750002401
32641.82140489634
31375.310829621525
31314.591565392755
30591.187883891325
29093.595648450773
29049.31161041519
28372.790509077735
28736.691761477257
29129.72363535427
28681.46377467873
28708.388248654646
28655.146652824584
28463.898638065744
27980.59174069402
27416.165196998034
27409.31233389256
27798.131171458263
26904.347576244218
27280.186264893127
27134.33137539623
27164.35528822336
27433.32845984454
26896.882326515635
27577.83799189093
26906.369637590717
26895.84142377984
26435.797229245654
26734.492048370124
26190.015169336035
25642.806309746615
24912.714340570976
25435.84637505391
25970.12839774791
25596.308753337515
25058.05809614894
24435.375773078013
24534.320064016865
23694.346292339924
23915.928053052172
23981.746832473
23306.152970772728
22696.920088629893
22938.465523418283
21808.473053278136
22247.853526983126
22034.920133216972
21389.41107343435
21766.072588276074
21451.922646598312
Score: 9.816143636600058
Runtime: 633ms
336026.353494656
295914.79268878605
253707.91606414542
222081.29337387072
189230.73119113073
160160.0472567992
129612.02359960541
106499.80170522301
94327.88992241587
78684.7999250302
67042.01572545807
63804.77969453797
57913.484639099916
53545.155182011025
47840.911243848845
45428.92455518151
41557.11890083934
37968.596710450875
35406.09207478553
34279.44056641506
33274.87835559388
31737.299301277082
31505.736719787055
30036.76895233527
29721.115378225433
30033.37940287141
30252.323888715488
29743.629812454772
29505.67538380089
30413.195389918223
30123.7484214549
29679.575854242925
30248.091629461913
29377.441829392068
28989.272474433936
28808.98949977817
27435.60198678031
27314.281073780177
27542.546983674038
26771.389549934815
26872.89503219344
27301.91463490641
27034.066050437974
26447.415584139882
26948.622797328153
26990.398711122893
26936.93449391465
25699.303693467114
25835.986475590777
25695.578289247092
25658.136346627805
25656.997479188594
25153.040964985732
24524.330554407017
25611.70905600313
25457.387800337045
24141.9770859462
23679.777955593894
23446.480944086547
23203.26989138946
24065.790432380767
23368.163522010647
23019.87153929376
23308.410766215806
22648.627141315632
21992.209035988577
Score: 9.772889315973114
Runtime: 648ms
336026.353494656
296360.1550273273
252245.4727326073
208281.24871991848
173027.5891552768
134560.03933017008
114207.1759372092
99061.29661055944
86113.96397710373
72434.77896343237
61498.60214253686
56566.67921087313
50849.256577026514
47822.24137991247
44391.29637875319
42095.58707119292
40429.29394316398
37403.72970497348
34586.76391120767
33176.2226038264
32102.11910862801
30830.93137852155
29833.059260678117
29898.885791697187
29503.09570356305
28857.128232450363
27188.54953066687
27261.76328272194
26400.437781677174
26256.7249136584
26581.654576635643
26682.813240575477
27267.187110124796
27368.51209540444
28771.316288116454
28654.871767157383
29597.876420725137
29834.15687885654
28546.120799563232
27836.798026761135
28286.83803232207
28534.936434539133
28754.226069484615
28295.3091524736
27643.07658160418
27132.745357789525
27717.29675744236
26666.63731488788
26658.109413201935
26325.309100167146
25677.7774150289
26010.584977631483
24939.965745223126
25245.606253424216
24748.728667492862
24585.629600236305
25091.617771218313
24566.68771153821
23507.132625111906
23767.999895907542
23448.247222390826
23009.91450685354
22640.584111035496
22527.199442962592
23526.220768148443
23494.961575708156
Score: 9.45100456415005
Runtime: 628ms
336026.353494656
296740.8778677158
258617.68256010785
211403.2666616677
182203.1611495475
143100.90066728904
118462.01898947709
100940.2426042869
89431.42389010431
74964.70705991393
64856.71702355734
56384.76443726312
52209.447533309685
46754.53143407267
41964.42931352753
36340.3507454364
34131.520059295675
32543.01490043636
32135.74706055216
32369.99755673916
31843.668237063743
31491.233992232483
30415.110791675786
30839.449131026835
29450.297638638647
29184.182854604995
29252.0087068597
28569.44924422882
28775.7849257349
27955.868764895695
28837.43194113829
28348.113789828618
27498.04851193086
28174.035048520665
28086.344265232692
27239.67103158473
27000.656124437945
26497.377633664248
26707.19918238141
26347.562477526397
25875.88271702449
25773.002802742878
25794.840866808558
26466.352643467093
24851.53140717192
26033.935734464074
26680.697308541705
26371.662631091094
26297.00028007208
26128.99704520706
25101.38761109917
24541.14801323986
24562.082959324947
23647.447842675334
23236.157469224963
22544.186659787832
22244.329686327597
22385.832478924774
22306.658198047277
21381.724542599994
21461.486816167846
21161.70030669913
20991.115950746454
20841.03876312721
20395.083212724796
20525.32093861814
Score: 9.691197817514524
Runtime: 586ms
336026.353494656
295706.6481155061
245531.87689913678
207987.5386390546
174402.8284193281
146897.70498134175
125313.38832531273
104207.10050635342
89126.44832817421
79348.9820334502
70770.74143768204
61276.46514062517
54377.47590529144
49957.26247139151
45293.873013962235
41772.21064964391
38469.94828776655
35887.54120421629
33651.76946866122
32194.340900587547
30746.420761984584
30474.228637086704
29819.350163460716
28771.97095667135
27882.109914923563
27803.259814400735
27551.581735676653
27909.529490188932
27652.33404368738
26428.721408630692
25918.17367872611
26812.659023904456
26426.701496088586
26876.904132147592
27370.570460813207
26848.04764579566
26221.319318395883
25892.495554646695
26301.988767245923
26559.867659489184
25696.159176849764
25100.520683858518
25726.975339183853
24976.3271120956
24811.59838236311
25221.027836478188
24630.60903952054
23520.36019947044
23457.85942626968
23606.964427750972
23315.55003427987
22777.280148576672
22699.595984467385
22660.024564428186
23075.573652163872
22305.698249829748
22106.27119573893
21593.711379693308
21521.328094198103
21484.34790835671
21420.653473246337
21651.936191927536
20754.782386774605
20766.925936663512
20922.73745875774
21422.594999399782
Score: 9.588742405174152
Runtime: 597ms
336026.353494656
300019.96064552484
257408.23126803918
212745.52306234004
178459.5846075782
150621.25047825463
126600.52839767169
100877.35122259283
85941.53874861247
74794.9252353795
66434.97788835327
60254.767743887496
54299.23402478204
49780.62818386951
47012.366652290446
41484.226793733396
37740.19029940737
34847.07907090437
34418.76618882064
33084.34827165935
31831.67644892074
30861.67307242664
30312.71479368736
28924.74599796375
29151.46864648778
29250.18831267755
29128.3287676265
28968.427048834597
27915.53741016187
27441.95708987509
27091.577551411694
26667.712757314705
27282.68341677698
27453.69147030608
28346.99086063349
28750.3812327429
28691.315883411622
28742.928573710815
28929.227733551503
28498.815069793385
28615.87508943375
28459.92127503095
28483.33294646033
27896.124260108485
27615.16420997687
26914.239835961474
26790.171139929113
26216.418318847936
26160.513020913495
26207.299561722823
25804.8655471224
25032.795497019386
24649.781487395005
25195.052018418537
24033.70781154548
23534.716792345156
23124.42731165722
22675.458469627054
22072.82527381076
22503.36137334683
22228.62631943972
22497.940339073848
22760.784322772044
22092.198727627736
22116.67917917458
21794.46707632207
Score: 9.547398808919134
Runtime: 642ms
336026.353494656
290134.95304614014
235497.12007674435
189157.4581330048
159771.971011157
129450.88095197685
113153.68671354307
95508.08354413805
84864.12198632247
70806.79254340795
61444.09403539703
53676.75509874015
50179.6464899774
46142.6364357298
41214.30383618808
38778.704284535735
36060.12392853856
33960.22881988923
33865.83018324267
33633.33916365641
33739.297800581226
33139.12388417997
33418.805819008434
32882.577435212275
31916.079165871673
31418.83960519518
31260.04450583297
30324.05446233575
31149.396715811676
30889.334892327166
31152.125860886885
29929.503013693728
29577.27611732175
29598.79492765767
28968.900779264983
28858.77837332411
27658.68546044139
27635.66054454104
26817.543801422715
27795.877207685604
28102.690999231454
27714.626602079537
27951.142898167374
26355.22340023345
26721.114276085147
27235.425542462002
27163.06972098693
26146.74476425393
25978.765852995068
26795.945334601045
27801.32909077196
26892.224521772823
26780.988340520213
25907.087160029572
25366.634845804514
24670.435944059784
24434.46032047824
24502.750777193178
23605.11785615572
23348.824246300894
23465.670800934717
24050.684458510088
23017.60124228966
23219.709949741584
22864.85369005121
23501.93877354489
Score: 9.481611674846567
Runtime: 601ms
336026.353494656
295119.65363797656
249260.38328004087
204978.23881480878
165358.32942241314
145926.31412886438
119435.78940581284
97692.35727449712
83537.01239528215
71047.01718518222
65733.58099349058
60918.620606663004
50493.334639343346
45876.145270942725
41332.242873567535
37614.47776258853
35030.55393992727
33760.983975378076
31770.78831647651
29494.07621960887
28749.89939771653
28090.542390891864
28221.187151902286
27671.812128892958
28060.223217524213
27053.134083733854
27193.89384499581
26845.473259406288
26958.4627248533
26909.843160187436
26676.442295139594
27075.451803400007
26809.664088723166
27171.065420064355
27893.837125541013
27996.88515320074
27822.74755272883
26879.230147216713
26403.639956824656
26279.25252756788
26548.251615066
26883.15497561414
26606.13780119832
27348.21625153747
27220.27096076685
27522.513251919947
26584.436488831238
26928.782967437994
26687.584292169347
25713.993006766665
24704.627468909337
24468.04449351779
24581.092674845666
24282.119318191606
23929.834794473587
24298.59617485821
23264.883371289332
23376.588699649277
22874.268978762495
21977.268083389914
21749.331565174194
20811.31594118766
20755.366897629352
20766.95961467978
20459.543656034053
20396.99679861915
Score: 9.569177488748874
Runtime: 619ms
336026.353494656
295319.73044052895
252680.30954778023
204975.857106165
171717.20290808813
137791.29423014447
117185.49186893385
102198.77042224148
85868.09198490046
73787.84982053455
62648.591488097605
56345.51935742881
49834.49284168649
44818.83641534079
42693.850979972434
40210.335179808266
37481.671041874164
35627.290252503764
34108.6036914628
32553.19213272731
30647.740814567114
30857.53004391506
30369.299546597755
28801.158359770976
27348.605664259336
27677.19790610372
28124.586092423924
28348.050859773575
27679.789784376404
27855.857241468417
28214.968388349345
28354.942655244515
28597.904005131626
28197.76856909731
27715.13964804612
27524.06138851293
26710.07990903037
26164.961291853822
26221.533071352656
26474.084084188962
26548.288186298145
26434.490560274295
26690.180218162513
26528.84160893137
25630.050754527147
25202.942469067235
25429.380573429695
24829.36026336681
24463.983276723397
24138.46232928216
24216.605952446258
24724.394368739868
24209.584562039538
23096.176224165494
23046.194977780233
23161.793629906795
22881.44841224496
22651.249953104525
22340.09046415903
22194.175066549164
21428.6203068411
21974.65986482936
21790.590758899834
21329.995863812335
21522.274559198617
20721.968499797596
Score: 9.661965388423154
Runtime: 597ms
336026.353494656
285030.3575591266
245519.93455115048
210879.5240679068
172741.67920170934
140706.88957800585
116808.84284604336
102554.4647429915
81188.25302349271
69946.97246628067
60678.60083442423
53346.38737963003
45309.2053676444
43716.09821421181
40047.5287857755
36191.44036421494
33755.11471510431
32528.067774755367
32009.347489187247
30663.00873100722
30443.760325915606
28847.60628618398
27160.04150179405
27277.355532252644
26676.11415596245
27387.31302119127
27395.575363562715
27730.49894185054
29098.980317747402
28552.79218277806
29726.198065166962
30289.919912698973
29133.802974414186
29281.603113617515
29690.60139636779
29049.775925190617
28158.941379825257
28987.16454805552
27868.10804736809
28482.48579528263
28258.28747194279
28140.10847647317
27364.890563514695
26996.62039272602
27488.00505880012
27532.224615646945
26423.98885942365
26318.123110305427
26364.65612737401
25676.782506152755
26146.61000328239
25470.050361708672
25437.011123648233
25098.578363864344
24138.758296441734
24897.5842615492
24206.563881971557
23418.780257557108
23541.809940228766
24019.42258646409
23717.312041220328
23009.50957548638
22302.307746745217
22680.847829167622
22232.587863163397
22359.38038476023
Score: 9.762046639722875
Runtime: 660ms
336026.353494656
290963.6015326704
246825.7000128529
216221.3598097126
185390.13672996507
151841.71805093164
127790.03957031257
103461.32760036377
85086.7152373622
73504.7585700281
65661.04571108834
55718.39862913817
51583.67903751609
45547.233331748226
41253.308637892995
38161.449913553944
36154.70483286073
33740.56983954261
31971.36534982145
30660.115848730118
30352.134678297214
30892.139406262926
30845.447885875787
29712.340130525565
29331.51700522318
29377.81136907557
29708.53107936994
29961.40259840282
29042.74754171735
29150.74047259475
29311.278105334768
30774.330544255667
29835.96385173973
29738.927579040108
29638.237527901612
28421.163316717313
27967.499646531065
27983.2750046763
27098.381509487688
26260.935185991388
25174.83013925193
25643.259871283983
25479.702811029365
26964.94230302279
26177.837062673538
26147.540771985005
25748.841291486875
25557.52891278234
24952.851542118133
24479.511928198674
24571.976698924766
23798.571838305645
23154.018126700408
22997.011480375353
22541.318906635286
22766.744908024495
22845.674125217167
22700.506859933314
22008.41475327671
21933.103173436593
21012.455797084553
20708.228926126376
20498.005206284673
20589.617774256545
20569.01277038157
20833.760161446593
Score: 9.68273235999484
Runtime: 613ms
336026.353494656
298190.2932533515
251386.49970386864
212750.01225812064
174952.62739373205
132657.19996746388
111045.12839203079
99260.31782488983
88447.39597221342
81005.78657410794
69097.08134344372
62474.01924037883
57650.29125107279
53327.24254618982
49854.537414991384
44264.979710085645
40185.15411991234
37144.00735254685
35920.03904197796
34351.36326056039
33447.941432601736
34574.07882046098
33448.456457148735
31830.457784458016
31462.849372438828
31231.958677286206
30019.27964274398
30598.8832752532
29470.467621573927
28336.1476436173
28981.102591848947
30271.28310904784
29900.541111462182
29353.894123664704
27928.643235571108
27801.482724671103
27649.820729578114
27228.70886193702
26920.611064111366
26461.81960376873
27165.690988215738
27068.63426095366
27330.185136772667
26045.13277843442
25913.46788982612
25145.711833556703
25052.33920965948
25489.405739616766
25707.394868722426
25264.322563234888
25237.105791431215
25776.437225876103
25342.27602493991
25343.68501906434
26004.91691594331
25540.605546464347
25740.26059819422
25117.609893980727
25808.752647364603
24652.363289008263
23740.730344034426
23773.017106414583
23493.479332057464
22795.088576637438
21802.806892544595
21997.044439174464
Score: 9.556366010694914
Runtime: 590ms
336026.353494656
299931.75211940217
261489.126431101
216556.7393151991
172994.25019609442
146020.24115915992
112055.90369785331
86934.1766084498
68938.29541085796
62037.63055803818
55681.76384004572
47394.72065191535
41742.95206246474
36904.53153903924
34959.62363109958
33522.60765185588
32155.76570457409
31610.324551670445
32154.486845642114
31586.796932090547
30781.64793411599
29759.091694907187
28628.344044622638
28322.876999265718
28074.051076669126
28660.073503049927
28725.880799534876
28520.13357782404
27978.08314126757
27873.45104889392
28160.089567157873
27918.045185761304
27784.225483439102
28082.882950296975
29025.883088080336
28994.37646066706
28985.618896702847
28288.85240307927
27684.259697888854
27707.15599377758
27523.49076755501
27442.363319154163
27502.931601346812
27031.079686432924
27170.622559612144
25891.692580068895
25897.836201797487
26472.147944069482
26111.11727009797
25419.046768685763
25263.090385782263
24978.855612377516
24009.660742572025
23316.569182293944
23703.892918792495
23197.07217785666
23373.77046483147
23548.12466112159
23713.44603965553
23105.91018724206
23125.301616334596
23080.448165316477
22831.53816699201
21875.349452890405
22166.403069650838
22061.353798683544
Score: 9.62845184758078
Runtime: 629ms
