336026.353494656
317175.8706777016
295595.27308645117
260310.20866488208
250366.04996713385
223891.1579707359
207531.38128635404
186836.96058915486
171045.8138551141
153232.91884793245
145466.9982144512
135434.61497611133
126534.1894590293
109636.40365743381
99837.53690925831
92406.71416435648
83444.63910038918
77437.76580641621
74657.69573416527
66929.25162598545
61606.784348989786
59353.01518451643
51848.83991849161
48976.52127768853
46478.219903480174
44414.68598669821
43643.35346120743
42707.20432915167
42311.442673519436
40109.65880573172
40427.86244941016
38166.3128972498
36933.90250812122
37728.11246178031
36119.05458950991
35420.67305977544
32819.83869654479
33767.06440223693
34730.862549939564
33844.760147069384
32268.03519375056
31973.663688057164
33417.33447704078
32870.35215672742
31250.921075583537
30357.271901913165
29685.292729996196
30081.4524810522
28081.585784756568
27408.86851594247
26421.774501277523
25259.294549470033
26294.197053150878
26094.07421729386
25944.876417125077
25315.0883539975
25420.13410160773
24167.150716057455
24522.88826723828
24574.121161119343
25052.75536734669
23673.52865001819
24780.336563962206
25026.030779439487
24612.93214574984
25403.84933062997
Score: 9.61205050813578
Runtime: 641ms
336026.353494656
315303.11904642044
291737.5555286965
248787.55194867443
218892.81926920378
182178.7124413854
167045.40430109028
144512.9811125962
128690.75972808906
108780.49356514732
91087.10239294734
82559.65637536164
78892.05785301943
71900.08322800018
61182.11442047801
56792.29749747062
50659.945648596586
45131.39922578807
42204.7296520425
41930.99049126459
42925.813042278634
41908.76706554383
42715.94183004722
38956.40240922551
38777.78641139971
38460.09127832985
34946.400327514406
35458.121594159566
36087.94151864004
35122.20516112114
34630.319489564106
35290.56025647664
36763.47929710827
34411.86270007755
34134.70309150254
32208.813671664397
31164.596144680734
31306.440889701535
31298.187985086774
30702.539838193363
30187.51530633973
30626.077735973453
29121.480937733337
29232.181753486275
28388.19359129909
28567.0882093999
27252.829148537305
26086.173786700703
26369.280255358277
26303.9137136383
26298.183468510757
25658.659235275594
24813.98696530444
24894.449554785326
23899.629557359232
23541.076022243313
23338.958076793257
23739.50625502382
24330.682477415245
24302.53273931298
23613.114055477763
23866.332522629396
23469.671988361846
24984.814324611245
24496.635334907085
23357.93282834186
Score: 9.505951919296397
Runtime: 570ms
336026.353494656
327231.37301858916
297993.53188847995
276613.0590836699
260844.37999977331
219949.4269274331
198059.46590616036
170434.62564241962
153462.558653486
135519.35047779506
114261.14258868288
102914.95985572618
84400.16490404394
77078.703954618
72075.0246484021
65130.43473891966
62595.087751857856
56437.99983273778
53397.35460840961
49135.93966530916
48222.138856527126
45252.82232086182
42639.754389886766
41193.60075973889
40991.790692573224
39204.99508775909
37318.58382106669
37346.17128552596
36716.16518896535
35133.14806742409
35821.333471959275
34405.6859137876
34221.1517115133
34052.80339763084
33494.84826707502
32562.491724392148
33463.00151948723
33445.612669106085
33014.39906091022
32865.545401261705
31942.133389499442
30206.69107431135
30558.580276362416
28760.987945425753
29181.721287884564
28650.840036724912
27735.046062225694
26420.666227195412
26252.905927687985
24950.03942098667
25670.78884318609
25381.44260594788
26471.58446704954
25374.24944879187
25463.652007149823
24516.924154132124
24582.49295617077
24572.52229615004
24085.642354751282
24489.093827731595
24625.42589948681
24799.122085879913
24746.73210091372
24977.42016342337
25060.133713132233
24026.88676847081
Score: 9.587713601223232
Runtime: 620ms
336026.353494656
300329.8089621262
266039.2088737195
241559.28117591815
224487.25082062333
209569.84246133303
178193.13346855514
156085.85388219156
141647.25773115986
125025.079448133
120978.24631585625
109484.65434389707
92616.94721779207
80172.64383247588
68445.2757080477
58725.649265963766
53473.33828526582
46704.402238170944
43703.87764207982
40716.2810281573
37094.78453884447
36356.93598170393
35353.59400864837
35876.91482139111
35651.78568307344
34742.09338297297
32783.18610424015
33171.14404014771
31703.010784513615
31883.8913287259
30567.660332014286
30142.20647506342
30709.183352807795
31177.618918387216
30492.572921452993
30170.185886041356
32049.476629429555
31324.694386658866
30592.716250817033
30237.420112723463
28895.776784025842
29059.204657870323
28038.832165879387
26302.442881356368
25972.766632277595
25661.46244408982
25314.562166143423
24624.340617328504
25673.932837773635
25199.899670202063
25472.17974662577
24874.78470124383
25960.105669337758
25654.109255012136
24822.078736314423
24586.02831472286
24524.494099286698
23881.556144141938
24099.452861394795
24828.767398888493
24103.967187930026
24395.67065400085
24683.238732750455
24591.977025113727
24075.210265815494
22991.77462394398
Score: 9.487963670732228
Runtime: 633ms
336026.353494656
322248.6984838172
303273.73155548354
270544.990025562
247508.4559714619
206805.07283470643
187192.27621173437
169753.7846552044
151787.81312983469
129531.96056849262
118141.85957636221
112240.53398597176
107807.14333350946
97437.2600741063
92086.58264314443
80468.45321769014
70839.33310786504
65789.37702551711
57407.520464719695
49507.02778594765
44243.651373481
44116.34669508683
45031.760454706746
45402.41150356046
44330.32798603482
42242.48259182835
43043.649708510595
43356.439759544926
41815.16372415273
39055.112261186856
41175.67536217504
39372.228014933
39431.66673652696
39562.98637703392
40014.9564097724
41117.831545183355
38809.50335281663
38748.39804223751
38075.309071863376
38121.399212863354
38409.23295431617
39975.67524880472
38161.464896793266
36440.415095348544
34334.29735369032
31091.42204911646
30868.90208838828
30344.406424967347
30727.517996934213
29093.730910503593
28868.6533578509
28288.07815309866
27433.352873918742
28432.515598816266
28479.461251962613
26733.818352236518
26672.696635690296
24772.663186240734
25411.07599326735
25606.96118568602
24729.26279983065
23466.37259965352
24011.064840289644
24042.990682724132
24427.160487031644
23737.62146102083
Score: 9.511948488721917
Runtime: 592ms
336026.353494656
315080.85572905996
301001.78893978073
289493.8737473941
259661.48107505593
234116.70887990526
211652.04229558053
179995.60715942673
159114.57057737547
145205.7923774149
135701.45988830779
124430.23556923214
115267.91562362906
99513.72300733511
88764.90446499684
81340.64943474399
75280.19820333441
65346.83093784939
55970.142797511966
49567.216594865495
50171.3067375729
46728.923363298185
47475.24603237685
45419.27234474578
43002.86352483926
41981.044112623546
39132.01339335705
39572.598951868014
38550.58352264798
39054.24488012072
37620.579180992296
36538.2259117825
36862.85598220927
36393.987611618206
35358.68894355938
34415.89656844086
31906.687997888224
30628.830484755304
31788.183331111813
30506.35480991933
30654.613165255294
29577.165314484508
29862.637542915214
29523.693278208473
29805.968365564953
29727.288724454647
29639.656059886624
30338.538799116726
29243.21293320423
30795.18317711809
30352.013965321563
27837.32008912665
27772.263458097736
28307.967561153997
27741.48855107377
27666.870372761976
27399.926935489995
27910.67793573629
27084.510108611776
25640.519439218464
26323.123435433114
26381.51765130604
26688.566076169325
26847.236643321077
26368.99522304761
26292.62800105754
Score: 9.686922309562954
Runtime: 589ms
336026.353494656
305662.4768857427
279923.43427741167
253866.86923800723
231155.14249002386
211770.0010944136
190657.3152914043
169159.47541795025
140040.91251337077
116432.17497742058
95039.52210614462
79091.6194179745
71597.50464212148
63145.706777248415
61223.076294583436
55144.2473832415
48355.41455670672
46587.41123063234
47325.034586671114
45374.37154086602
45725.58445319731
43519.08369056625
39500.967355930596
40985.6616378016
39983.51070052778
40435.388271303294
37223.58278528251
36440.69791327331
38417.43539242338
38086.35605933486
35896.31473370861
35691.606973371876
33703.11189055589
34665.2466225891
34542.1530277128
34952.013685533646
34773.714373950555
33769.009464215625
33344.27838255579
34497.18207583005
35661.75910426135
34466.86113975228
33904.77806793229
33312.255661200616
32580.720086191603
33209.318017964615
33162.01571615387
31258.72046125484
31309.184675287943
30872.0679327241
29217.230630527803
28466.48867774534
27675.64746378902
28576.428985449584
28172.620969437492
28881.643446168513
27311.344267038752
27517.252051861004
26967.952403439434
26108.344431188136
25455.9381884433
24152.53255101451
24731.33675650456
24534.18762829623
25542.447575758008
25283.273419170844
Score: 9.421042391379054
Runtime: 585ms
336026.353494656
298731.15099561814
282097.5809673193
244552.06765745295
212089.9985735123
189832.34101444497
176083.33510816263
164339.52365110724
151288.06951397145
136180.7737794428
123694.48119123504
112220.49198486957
107683.76637100097
105347.07162393343
90316.99776363875
87229.63498497709
79664.0014034383
70837.36603334207
69335.04889242354
63627.830001195936
65170.12814866225
60122.11610375094
55118.87722560976
50514.970210976455
47494.83515639789
44736.08859293321
41864.08985060678
38680.683507311165
38230.85504228415
37668.29611155559
38445.63139714999
35585.02585944107
35819.90884586974
34701.06388872739
35611.37293152863
36016.18263381744
35519.3055693798
34293.972172649366
33750.41804742115
32855.67902433667
32263.830447979853
31967.21776261595
30153.305856616284
29253.665335898288
27772.147345712754
27529.916774841564
27801.72639406717
27465.383792673856
26826.96312080981
26110.05011361842
24610.326479600375
25016.02575274262
24392.413656467106
25164.78769288922
24769.7812599436
24424.860712850914
25433.54935043578
24127.58600076827
23764.04500015121
23582.048902493756
24155.711010773513
23790.861382857704
23499.736148523476
23137.459478969813
23306.53169923946
23175.30571468003
Score: 9.609417708664466
Runtime: 623ms
336026.353494656
306346.4743172175
286634.22353031894
248545.4885509599
226618.0495065276
195604.02536610563
174330.05458387072
159196.94863912108
142549.9660682497
119341.83165076404
107416.83534174526
98535.73411026377
83106.28994657205
72975.60495721182
68884.1562315976
63286.030052496106
54897.37941013029
49291.46978565686
46463.24298931456
41135.48778872175
38703.47804016359
38156.62732005687
39075.57195884653
35855.93663566705
33847.099966419235
34414.02814137059
35688.072466391925
36573.742200349305
37195.33692450792
34906.219862517486
35245.91999158856
34508.71174153468
34370.54082434316
33667.33232955766
34605.64763032827
33601.06844384127
32933.91577780053
32933.731062823965
32716.629917809958
32118.349857727226
30989.95143624237
31535.53857665529
31299.21749579376
31555.487504404522
30232.55092146609
29419.174385543985
29856.325954081785
28609.049418485247
29820.095000512436
28406.08288049206
27819.88907702924
28535.21463861018
27897.32969122652
27884.34685739098
27565.22442708998
27703.424674618804
26824.10033328297
27337.273712569106
27858.26413917752
27269.78461389326
27771.366376841266
26962.81605084131
27013.647681516213
26759.82307262977
26371.68924774166
25885.593448625397
Score: 9.346504030721674
Runtime: 680ms
336026.353494656
319223.19520524767
295565.0525621697
250915.46198818015
229740.17196657663
201434.4965116406
183248.27179705762
170388.18400432833
159442.33500507617
139933.5080473661
124242.38316257377
101585.8134495146
95924.18490119038
85621.6643996894
82269.55499865481
73480.48817285709
70626.6053527062
65533.07881580456
63296.701925846064
57404.17537333594
56338.01622877222
54161.08009916073
52482.14924239671
47773.10280527598
45767.927614079636
41456.24614647795
40516.51000824847
38731.64181824512
34008.79684204255
33763.67924631578
32475.750787717454
31496.100727935023
30601.021804176104
31901.979456028686
31140.11383709083
32288.943049899415
31084.499356391483
29991.084649327193
30055.971251425515
29566.480856419934
29628.713948694378
30023.54087233763
29072.280940442153
27862.7293475295
27305.55565333368
26618.840827405034
26578.17128896751
26743.79375639074
27024.07301204024
27290.85607294017
27294.20635626482
26516.184299757024
27091.806515571858
27924.35269134945
28325.047222928675
27960.357797449
25994.160181505635
25968.51899462505
24865.89157836
24968.51980590428
25867.1801470927
25566.62969415654
25573.811645004236
25105.357490589413
24151.459288675316
23570.994917798405
Score: 9.653094942611734
Runtime: 566ms
336026.353494656
323443.27578340104
290023.75240686856
246936.5668971191
220440.8504402989
205544.86322500344
184537.97872536528
173038.04894280763
150665.21008697833
141848.26903935173
130934.18364284873
108811.63153479359
96340.1000643189
88075.50644349806
77122.93927270775
68691.91046575618
70287.9061547782
64948.76364385888
61612.47972438598
58787.92668626375
59934.97110668526
55837.99836300284
50917.35875042674
48438.8022117421
42143.177325793156
40813.01690176562
43623.98960741499
43235.24728300115
43106.85349577554
41766.81684485827
39489.12517641809
39705.42024220378
37497.85707408364
38028.762295014356
36937.94312935163
36387.86125563669
34339.11400339048
32944.47389753952
33114.083423045435
33848.027165859756
35359.763022599596
33422.54555783044
34505.88380186425
33666.11133054915
33645.076018861306
33389.56562754472
32557.662547498432
33629.82875148634
32861.050526329345
33301.147623985926
32843.766453603355
32022.658065283624
30683.769273314898
31089.635297998877
30757.59702525035
30079.127719161537
29615.630454842365
27534.432543373077
27819.81608891353
26772.393292099798
26150.85484352898
26444.11551633642
25132.801903154843
25515.14513569204
24875.050646995693
24351.862749047694
Score: 9.576845536685735
Runtime: 583ms
336026.353494656
314264.3307037299
302825.74440187775
276275.18664113287
232080.43518342095
204902.71939034367
187053.72112939288
170941.25328227057
138665.11802176267
130676.44346785365
120066.71866735334
105335.55248723498
88638.88808828303
81876.98466936556
77269.65011114306
71736.15149712289
61357.72139879569
54034.515353293085
51970.48473598295
49089.69269804317
45851.92704658747
44338.04231813198
42342.518007996194
39772.044685186745
37273.79840349036
36312.749209649235
34559.12075612794
31367.899400460636
32800.85882761355
31240.927128430245
32753.767645727956
31872.342581650926
32852.03802083527
33963.737198362316
32570.744183603754
33771.869648251086
33074.53613885173
33015.52037918757
31720.88437230837
31166.36550421616
30767.703175752384
31636.53888539049
29472.343151062098
29570.437178816588
28970.1088798751
28258.174955703766
29802.744219187414
28198.770432944366
27947.491735094267
27077.665268451252
26394.462137288352
26468.041990248927
25675.990157831875
25746.58700194399
25658.252159589174
26666.512194345418
25824.376734753336
25990.45550821699
25366.120252883153
24466.156375516413
24309.34260232749
24981.675960818895
24072.26291786182
23955.800724287274
23015.048562450134
23631.517041860236
Score: 9.751663469729714
Runtime: 617ms
336026.353494656
305901.85127274145
266185.2759226135
240024.72627514115
216456.57159848648
196269.514492919
177938.71290447272
167894.39514191044
158365.20596184995
151939.9432734071
127297.13050876904
105937.20128059883
90239.56776185574
78153.82911488494
71487.66866197581
64046.01363500422
61472.445826590054
57657.866113706936
52399.72953215018
47917.43787263482
46561.1147081576
46167.951732668356
41184.74494426613
36833.191454020285
37281.46817744617
38319.966940483195
36354.88284931255
37204.34490289283
35681.675948954864
36127.97739633198
35929.40395479498
33605.274023581245
32392.134141388877
34507.28580100014
33884.97657427036
33696.38431920425
31367.03245496154
29970.781693385117
30037.921555936016
30287.105430842144
29806.368732829418
29667.301817997683
29499.712191134604
28094.40907516631
27794.754221541698
28391.946968922966
28022.311968864546
27430.348425351796
28060.477817948948
27263.848793922654
26987.815915878116
25426.752432942485
25742.64554996194
25203.933335537604
24768.83011449097
25264.032716449863
25307.978052799433
24916.62623125991
25665.85639844192
25628.850573329037
23826.31625248092
22911.575850581372
23480.015551541648
23062.73511422337
23210.17751865746
24294.82359023654
Score: 9.771874641987912
Runtime: 643ms
336026.353494656
304119.4094784177
288550.3725003963
272918.2761053871
231555.0259734607
199955.8589174318
189384.7914868367
163808.87588704357
145670.22792982624
115695.290233577
104917.26363278016
89387.13153784358
77787.07236005878
69226.94683470055
59371.40043779271
49189.22937723673
47725.902205126826
44724.088036467125
40358.54732283793
36633.31300075688
37129.398937350335
38316.534187162615
35603.472601388465
35956.4972222793
35358.072497100155
34434.404175575895
34376.647718311375
35208.62442847392
35499.67149619274
34659.16384744696
33653.27913050491
33033.58882513578
30943.662352120493
30827.081775179704
30441.172356865398
30569.44976864092
30951.625795266013
29981.257920708256
30311.0244052701
30549.781219529184
29479.988177121573
29919.486792832544
29661.66134481732
30563.786222475053
29302.02865883885
28765.871457786667
28579.566018996233
27910.67611371431
26597.184599543703
25529.35072491184
25846.65952150454
26280.966482393094
24909.585423737943
25785.78624383121
26728.29001961232
25565.177759536815
24450.128246063417
26209.71767828165
25095.89286348878
25564.35633160055
25515.161529052148
24387.684806116235
23765.23840522741
23820.047268960236
23799.748971196965
24234.917937859398
Score: 9.529239188386736
Runtime: 600ms
336026.353494656
313221.88698440033
268459.0989242926
245533.84477837643
218283.81818845452
196786.03921417252
170216.518699959
151195.73514469696
128227.34836161292
107391.17622188282
101564.84428773243
92288.87643878492
83420.9825886309
74325.03176355573
67332.87631903877
62249.02681178759
57993.55078794613
56150.22630034316
54051.87520886494
51679.87102335229
49452.66058903908
47939.56369428529
43223.85589914274
39561.38768865249
38395.74607132373
36006.806779279534
34529.61464809276
33307.220965772234
33936.348920411576
34662.671726848406
32327.289881877437
32147.74084234653
32354.050802463556
31751.770770303683
31581.199337024747
31843.221251537503
33851.68607729142
32261.528911165005
32892.93203885741
30544.04766701771
29767.41561977492
30595.72775657417
30759.979235380724
31679.56481408575
30132.858327854818
29993.54949413016
29729.15197054857
28975.45646984156
29278.831573040046
28601.329003264498
29161.408315395267
27502.960248687847
26020.37722330253
25113.93730957308
24803.974761423768
24633.033593770524
24725.81959948463
24196.200256914974
23057.14405993435
23111.132653984903
24704.648821301354
24441.859507407295
23875.771829889145
25020.602621191425
22744.13482045715
23130.668970650604
Score: 9.565961377783871
Runtime: 618ms
336026.353494656
318517.1475389262
293049.39773238567
258941.5369783663
234055.18159254387
207460.6081437846
177512.4759310877
174855.6738219854
155865.21009621603
138578.26422126644
110183.9080806014
100793.15112861164
91996.39052040718
86295.93120916658
76895.59529097784
64973.721427809825
58990.547390295476
53910.06541658696
47659.25675431638
46153.2838948106
44817.23544215955
43608.287356020635
40963.8821746031
40098.607798968755
38425.972906216295
35716.798990411604
34769.83790120255
33981.612113837866
31267.69850092489
31102.26072972872
29814.013757846365
30756.19257438069
30164.84752175839
30124.874281357916
29827.86265785412
28570.082812026925
29895.77636142791
29343.75139791539
28888.33356766411
29891.69803412424
29232.17059322692
28574.34614214637
28758.800894421292
27396.79822783053
27816.984704358052
27471.782816250554
27773.154844328405
27586.680930121944
25164.80682440849
25301.85278201564
25422.729973386166
26322.73597719678
27068.069731073843
26928.634074931055
25605.82042793474
25606.12290926809
25166.43732234341
24991.974795322978
24996.711780427828
24118.70904547182
23620.7899262283
24256.00053704183
23405.238730058263
24523.76304759926
24625.53562466659
24367.04085698057
Score: 9.453665000715922
Runtime: 585ms
336026.353494656
288853.4998848987
260860.61614828353
242867.07404120735
218561.30637600686
199454.90728260516
189502.37390259132
158321.59782052002
133631.58909923988
113590.04005424464
108234.88799785197
89209.80272111158
83981.69678896178
73881.93329010623
60259.963528197244
53822.34052482254
51758.15449710933
52849.68726503972
49204.497544221216
49177.43617655336
45077.60751724808
42209.212296495156
40624.684900971704
38479.07519611218
39273.740922232915
39291.78209136701
38336.089875457554
37358.508099705694
37844.16544984351
36689.800373029204
34897.335374080154
34157.5853572409
34254.12448312916
35402.8592978841
33172.35464726481
33767.4493143771
34422.26465474276
34881.46487453024
33085.04134878885
32137.06325673629
32051.495462386745
31442.161170281383
31597.748030467777
31223.66028221533
29817.421910470177
27490.463867342394
27672.60460438273
26628.39600551494
25661.21448410116
25926.49929160508
26426.75728242704
25326.862062223936
26401.539190720083
26363.22805766584
25958.504370249037
25302.775235331676
25756.151180418306
25985.511076910003
25666.67158619578
26265.32850177686
26550.933171459248
25420.527627689033
25364.581347959313
25515.260620388213
24618.26139737642
24857.775504977853
Score: 9.394092444139652
Runtime: 618ms
336026.353494656
314293.01795374544
289473.88123636466
255858.9243582163
220342.11470454177
182384.77310638418
165460.80211430835
145838.91841831262
122323.82735182809
102357.05793322613
91631.34624921661
81186.00802123355
69140.0536707952
62138.31130198704
55289.875505728945
53297.91778647966
52841.9716474921
49739.45339147158
45890.01923590854
46143.14984283637
45303.258770331486
43191.670403420816
44537.08279957418
43447.50637332716
42449.271913099976
42556.27234743018
41146.365902113466
40962.05081831105
38865.491225949896
37792.15042491914
37297.99745187622
36773.482946913806
34417.78239450739
33856.315016944536
34523.494836081416
34189.34008965418
33565.27007257114
32029.75283135702
28680.7721514953
28473.10775015774
28354.432924368277
28773.872427994917
28633.40670124421
27060.686020820158
27129.24494443158
27158.96858587251
25877.290785181158
25864.93765859162
25600.41068644045
24385.37438247458
23846.481000217733
24056.673691513202
23493.37444341783
23581.549955481696
22869.797471154558
22944.67010030611
23323.715739382176
23590.20176427575
22536.568288233324
23048.604976684528
23321.6454177151
22336.795226628306
22218.97019561883
21771.589891984375
21390.09433528343
20999.790739183503
Score: 9.600730963204144
Runtime: 622ms
336026.353494656
314421.6796808386
285808.33970380825
265935.5747115092
231841.39732892514
197134.7278333555
182505.96210459727
157522.640114435
142578.88197855977
113318.97213812669
100221.41283949073
82322.94229687899
74470.68802184527
65173.186246129844
60215.739308071985
46651.91393877707
42605.10740883503
39571.2549296738
38876.47139201426
36703.55962848117
37480.840256459254
38908.39878888607
39748.501142938716
40582.89554318981
38276.24724098841
35365.847991639326
33892.853417871615
33992.437281861305
33533.561751770576
31779.89831860895
32154.62130149381
32850.41192891982
32900.73053434261
32933.36544587663
33110.29638532177
33322.6760255876
35388.869427351536
34557.4328928083
34807.2028651929
33656.504458291216
33925.472501908516
33606.34461718104
33658.42275131721
31071.536029293275
31242.973618597505
29662.479240062017
28719.934491456366
29296.145192372045
28764.052354150783
27936.58902952108
28684.3972743195
28476.622605756682
25700.218916507572
25767.20504170799
25719.86882078956
25334.357972580405
25249.855833828966
24869.616579777066
24683.399279514248
25371.792510058836
25782.481923243373
24135.839110635927
25544.36953085
25183.618165175667
24798.26369048616
25278.631110512473
Score: 9.682123594401942
Runtime: 580ms
336026.353494656
310980.3873457028
288687.3724024742
253720.7481438836
221817.2971004421
201635.7720221332
171063.63980406185
153282.77959825026
142746.84653185817
136003.07109039027
123989.93866467543
115235.06992719292
106519.36023516084
97703.32085123644
86503.3222419271
79403.286631249
72112.64880749978
63852.40168744965
59499.68055715063
54596.876656048866
55901.61903492057
55017.4065288414
56351.41826786236
50331.886357728894
46942.15018639789
45430.63962150711
45730.96579483426
41879.56558315148
40518.085155625464
40171.508006874225
38318.777792909874
37772.45346905908
36978.87583936155
34986.77840906316
34247.85486925785
32629.41950492517
32015.01270791802
33768.16415924396
32293.31054532534
31779.837736180238
30368.57839015837
30185.35968797222
29633.74511407306
30328.83102406638
30291.90095113983
29659.429575485454
28706.095504109075
28544.27851354559
27467.72636233731
27281.238555718486
27208.292068803632
26352.481388311993
25489.374255316874
25672.665874415405
25108.478487862816
25256.34605243022
25122.924908256104
24329.49295427088
23978.999231572965
23678.10420276543
25355.178296303628
24957.172595718326
25732.789712497804
25386.848933385703
23251.947821830112
24167.86002384114
Score: 9.580256968921098
Runtime: 589ms
336026.353494656
305200.8096619655
269279.4210558364
236293.35071588785
218848.17947569376
185711.67050834507
161186.3749740581
132561.70431696263
122180.88854688447
110465.52270787171
107251.6722932625
101739.81430182153
90063.19513350051
83003.04948045583
78580.45222923567
70641.17430359815
63869.828207429986
64086.23827707738
63480.441331364214
61674.843130656474
56337.65613362287
55510.78066572264
55051.86789044571
53652.24031728942
53625.67430356931
52405.70648677894
49681.43274606228
47598.65248186699
46789.84162423664
44505.870974922276
43487.589647296445
43335.75946181322
42558.146748966305
38423.21866003336
36349.55321460977
35947.10509991867
33900.79030754736
34130.790755054746
32566.02002704127
33639.81794316771
34160.319075067906
34147.78442131113
32839.460637338416
33101.915629726216
33441.56947681422
32634.306462076787
30639.14763945067
28612.054235746273
28546.473501277316
27689.31444630901
27473.884329296103
28086.0851529074
29095.681507126297
27898.796958023242
27995.24839763298
27091.243511789966
27357.523258846617
26430.207552388234
25164.37534249939
25611.177014926656
25755.475561609965
27102.33079341952
26090.374317550613
26158.396350200353
26235.90165436604
25042.022799560917
Score: 9.739177549866296
Runtime: 643ms
336026.353494656
305715.47083163436
270820.1188180564
247616.71815457082
214145.78434253766
184185.8317402358
168336.83517524877
146377.14464671124
136111.42746113116
126160.90260929352
114099.77983055891
110304.02209538735
106956.31690977489
101904.22676354788
98055.5706496087
96547.12652784669
96737.39527371225
92476.88315148416
91285.74597345002
91302.2132468545
84942.8256114149
77378.1419305283
68671.9522760419
61174.18893873433
58003.31099201046
59621.108300198925
55185.50460974886
50231.9030817371
47462.09483338957
45630.548310220634
43288.38842177789
41042.12167825284
39266.51315900019
37103.17929394797
36378.282173583204
36193.1052907073
35902.4841984176
32708.204234462322
31372.72574077968
30147.886601728627
30173.455323056765
29907.503358257803
30363.49109220076
29466.425195290318
29385.14226890236
28826.431024135796
29227.19298251712
29499.761074642352
27448.336873265307
28510.58308451192
27190.48508620032
26933.6367010527
26811.57208827502
27081.381537069134
25846.61132949858
26276.730486796372
26308.074273108887
25394.18360449606
25540.980213028834
25932.03115363044
26973.97604562646
26301.78937825654
26162.927614220513
26248.27857427332
25115.635066455634
25396.194000031082
Score: 9.631563668822235
Runtime: 585ms
336026.353494656
301982.69035344146
287446.6717755696
242877.6823379413
208812.22172264883
180851.96593312928
162793.82533284088
140505.459325558
134270.94499368884
120343.33563486084
109558.31672650742
96308.71581515492
88430.6940410372
73041.06713923844
69177.93590138035
64874.729189134516
61146.93500282765
55945.004215610716
52038.182823652045
50917.31610051774
47608.61735921445
45714.47280545997
42595.0306954062
38864.53326723959
38726.04708217905
38531.11300613121
37927.2222214913
38277.35733135934
37516.6346925151
38925.91116948146
38639.38273907438
37049.68921866215
36349.6339169879
34836.50654341367
35295.0474681303
36921.69628415118
33930.46281420929
34209.56406677546
32459.876598722985
31751.13062753902
32083.53999040115
31406.032303089258
30834.49506603937
31497.774347069568
29799.014103985133
30357.14611444828
30244.62151806935
30662.628453870806
32193.360933335283
29690.50314610296
28841.564016563025
28632.743668757397
28729.568652227445
28946.611672306062
28457.74185942842
27210.550465419652
26945.38955716141
25104.004091076542
25051.306615149195
25264.237553709154
25486.982310269712
24236.52466317519
24762.452845201395
24582.775169549062
26445.45557598148
26035.477218374046
Score: 9.544814043098567
Runtime: 637ms
336026.353494656
300870.6923605002
263067.0979885657
238450.6659964416
218401.07662939638
195347.34001657902
160311.01684052756
150600.44446722307
136859.3276474119
116012.17852610708
103220.02235158216
94570.1502846514
86348.17017041179
84914.9028857317
71680.07844416477
66543.97639311072
62879.00305100879
62790.553239229215
60183.963091883124
58851.33216579896
54696.784409999644
52292.92436775207
50355.79214364269
49078.6581066509
42396.024119823654
39489.963659087894
37993.17125140304
39288.19694404555
39442.23581720728
39153.399666185214
38570.72643239994
37300.84841718803
36281.0059196444
34827.86867442275
32627.914870141685
33668.85390930049
33208.99925868179
32819.791258142184
32515.42742785812
31714.811678612623
31466.013304886816
30757.65193827575
29697.689936315954
29576.654561034036
30513.149453263377
29141.17359931165
29238.09371112132
28341.65416782607
27218.98609241964
27549.757353992354
28865.201081641197
27750.080948525796
27727.088227053864
26412.100215429593
26211.198687711018
26167.344225069006
26760.708061826783
25765.61286341279
26297.149192140972
24698.534250379947
24742.373014197055
24057.779890716138
22993.23008074592
23733.289967870645
22849.81295513786
23263.471726854226
Score: 9.483531231097096
Runtime: 600ms
336026.353494656
290368.3778490464
265784.58215929964
235524.59873585484
207031.12820778452
166169.21099169677
140594.0841218744
125878.75119702503
116425.40880689515
105515.7112569613
92802.45785868453
83312.08789757456
75594.75808389098
64855.019262013026
62356.42712879722
58355.490666298414
56305.941518131505
51526.99039380688
47527.57241511031
44011.33481611877
44108.514454296695
40480.14913988026
38479.703009805584
41059.170660781136
40188.03529552365
37895.830384437686
38809.7207408317
39403.87462402976
38108.81044143399
37947.23403804087
36782.699285092865
35387.357305517115
33531.537436287275
34992.09835553361
34690.004399265985
33060.46543084094
30778.26663203591
29346.76943499442
29373.05712071334
29388.31300090169
28319.693519431603
27739.84767618196
27199.980704719557
26856.044682088435
26951.81906603518
26428.49466361281
26752.683589629152
27211.332389884712
26478.647089620914
25313.128242957413
25649.36113124993
25316.748454884935
25648.212963511374
24180.247991800446
24442.214564487425
25073.103906585497
24376.569740627936
23629.459176427466
23925.316313175157
23989.760249203824
24179.813871941096
23009.038280552984
23278.292813385735
23700.540733120262
22022.890675711922
22581.416854707502
Score: 9.62342737859019
Runtime: 635ms
336026.353494656
312253.9321805771
281855.751045564
245210.87922696042
207083.28804830482
202010.67123559894
187475.07403826533
170367.84957573374
157733.71325033088
149472.15891710858
139413.04037384596
119145.93410219696
106607.95835506052
97642.6210001087
82619.07338644903
80953.57129272769
78018.81627359582
71489.18823009064
64218.3222115665
61607.52061273648
54529.77970719406
49583.53794579696
46676.72297276898
44133.697794041436
42204.19617482754
41411.81502901514
39918.076021955334
36616.5329721997
38890.145563549326
39578.46924324976
38407.91709567889
35975.64932288028
33818.50544475765
33018.146630475145
34156.698873363996
32902.85245506717
31832.291076829784
30804.92924459166
29237.600892431274
28697.024864777482
28281.57620034968
27998.46972381285
29462.975064199014
30415.149937773014
30153.20157206141
30051.517416173483
31134.349472630223
30140.585239361262
29144.3490208727
29998.61508772799
28175.40343548502
26736.060785767808
26583.301117358737
26598.18857312959
26816.870900710706
25864.13408079528
26262.39540378582
25697.39954751648
25739.229980447257
25826.76465431354
24677.694889294922
25347.953776568742
25135.371217940246
24414.772262568076
23317.647330616655
23586.450225130997
Score: 9.592347143591661
Runtime: 593ms
336026.353494656
299470.9649924307
254100.4564599717
244105.90268578415
220994.1495635129
203073.04959764794
177041.6304164874
162805.1661563515
144557.26658084194
130849.29259784184
116381.97524070575
102927.70988454114
88373.88571973084
82805.27791113465
75842.95949066155
69542.72832289181
67268.91150259129
60776.61316705902
56311.43872193522
54308.69844978069
53184.015978278
50958.80443257545
46113.9998035615
44369.09576750514
41331.193195436324
39378.30388261387
38960.71939361381
36280.76392098893
34845.83108206966
34114.30498694677
33526.344659075075
33222.70687164462
33751.83599202074
33016.59116492845
31568.4469934933
30692.513391601846
30373.45566078763
30183.129856125975
30514.616324994684
29098.09280721718
28131.265699335
28555.798615996784
28164.955115793047
28059.143754238947
27338.59314190592
27560.677879230578
27816.91222279861
27402.809820874096
25857.7647150503
26558.25189761629
27234.22732529501
26125.094709791312
25297.648084360524
26506.333213732723
26648.572324253408
25654.41939015545
24688.19959157603
24638.160286781826
23886.88076749174
24166.502575861137
23749.076950827468
24313.68695355438
23802.61798097613
24544.4973227371
24021.647520722934
23541.340294081816
Score: 9.349794848379657
Runtime: 574ms
336026.353494656
323386.7772800018
311262.1385696915
288899.0950557922
268817.3209851817
247097.41640204817
236821.035783458
221047.32219785955
188287.07371161395
154035.5084671894
132983.3541546137
111425.80000875962
106757.7804913672
88817.9376071837
84632.29877805623
82854.44369166227
82127.00566463049
73055.34451733684
62410.733492380525
64031.925019365764
57948.70016232107
58395.751660997616
51297.89272712366
50042.23853560176
45170.325613069515
43825.634075063834
43307.43274165679
42581.59060188131
42595.852332895156
41394.01713659013
41730.803757171285
40940.119432865504
41178.15419046916
39749.51789974869
40210.61823867005
38613.123481776005
37990.54848159041
37895.31236751487
37457.06496816469
37670.97205346928
36534.80462263794
36421.74153515354
37730.4957290842
35062.58525435381
32079.16047496518
30808.069362921087
29868.149963594442
30032.911692935766
30010.723342145517
29540.225670832362
28414.895544900686
28191.98318307048
26877.572929911017
25866.38923882465
26575.743794087393
25973.860332024757
27338.034125455004
25849.597850307786
25198.765140225514
25292.57832475953
26188.385698599064
25609.038083866482
24403.160217130033
23859.603851143052
24042.567355808165
23818.87488309474
Score: 9.615711394024187
Runtime: 626ms
336026.353494656
303338.0341985272
283779.4237238195
261155.44463007303
243946.80016442732
220721.81063512072
207099.60317987582
178202.6486976312
149663.66413377848
123878.11113393739
111954.84253913646
96470.60668971155
87378.31593159199
74948.67341211962
67373.01538260921
66940.18412232424
62633.15651367216
57639.2714688803
54739.903741199174
52737.51444249961
49138.84544928175
47702.01479422953
45891.72506531693
42809.369432295774
44073.53491537101
40918.656466161134
39653.12687194673
39029.16205432457
38266.898865347626
36215.04026367994
35125.07838180339
32997.68983630636
33034.437661416894
33304.78625900375
34692.50273414134
36408.52306909323
35530.06998209743
35344.70191929263
33962.71133238747
33645.46526835237
32745.615779163796
33277.278431595296
32764.82238898795
31958.3009627865
31187.532937471304
29756.300430436924
29994.170617317395
28810.76970069196
29400.271102005463
29275.00639964669
27865.105806372798
26241.508968533803
26166.009393273027
26471.40326180783
25921.815014835785
24657.562972564203
25909.568332094786
25125.594215199722
25432.207199983874
24076.916638526247
23072.74139412106
23036.124427902643
23498.71068245507
23710.60748821032
24440.406139673825
24195.182108408833
Score: 9.621262490446963
Runtime: 607ms
336026.353494656
321559.6820020985
287517.63973138685
243289.35160774484
213578.76122700443
181596.45746895127
158860.99211477087
129722.29960892248
115023.23445112292
100309.69387984487
91249.20424503738
87201.05976356237
74219.57529540852
66285.32064179634
59355.89317582473
56686.054961554255
50079.828664780405
49787.59451413955
46512.48397906116
47245.040424286286
43150.81356148627
41958.382728787
39533.38186403715
39689.02897974129
40113.176692538655
38376.75854550929
36651.782336314114
37884.93912463243
36239.08541922862
36344.065022291754
35795.496613402196
33466.57616618723
33352.968506819394
31910.56080940213
31688.458700894167
30797.696431844885
28969.327927431863
30049.824601158343
30586.966104471543
29639.416681913463
28826.232807390053
28863.267585049245
29070.321033371307
28080.47450914231
26734.34338607369
27079.443404345333
27416.895076155884
27849.1243827271
29025.196778116388
28164.082926867184
27670.239650244443
27348.388555385696
27941.21105521786
27489.601018181587
26276.109923519292
26021.30198965294
27252.91618849313
25827.525238087193
25522.057915947862
25438.2085304962
25044.986886075574
24182.78549722862
24336.73119982617
24237.77042921859
24090.3158229666
23275.79388244045
Score: 9.559442411152721
Runtime: 605ms
