336026.353494656
308591.97477100766
276945.6001473389
258442.61665317003
236265.82937197256
222416.41939954692
216908.76014152917
194240.2317811717
178592.7037679406
163653.93858733133
148931.57588721678
145933.70963526564
138850.15493217862
134242.99690028102
118877.11189883227
104338.74989339168
98393.3420814834
91102.24879008917
81494.44452609611
79642.03574193083
74934.69312276818
65131.22105275393
62751.03709064096
59551.61555721582
57293.29427416027
54736.69349071604
54380.23032396906
58811.13793554768
57013.92538493701
57998.61843173449
51238.27692673568
48465.07533807165
43957.78861368918
54036.97802626173
46723.56578576735
50436.40020944335
44711.755587043954
48982.36607919126
47605.850871434784
42750.42487633925
45288.524055826856
42898.886667231964
42385.48186281045
32543.02594672378
30429.158292807795
36530.75108721813
38192.85648215977
46613.923918072825
41082.71559833679
40925.99938610836
46329.00548542628
38927.88530469292
46978.08940885109
44228.17177808264
35674.242706712525
37330.529517600546
29272.534776636367
29216.01388082529
32060.718802787163
31473.444054345862
33371.26899780413
32039.846461161644
30197.26683548653
34913.1039549922
32128.213787877954
35091.612762112854
Score: 8.776935716316112
Runtime: 701ms
336026.353494656
328679.11021007795
286871.3057810188
270287.5188870482
251405.90339448312
241673.34447591743
215412.5113865731
205378.14214102694
192564.98945398233
174356.86903254426
161729.9176899588
149188.47769603768
141775.98904326904
131416.3443745643
131291.34143195013
121823.9163114699
111277.84102670295
106068.75581928372
103693.65095628245
95280.40634120256
96611.48440143664
96644.28091935761
82877.06289456824
76733.56895449862
82681.19796950517
73175.68047856883
76926.6518031776
75051.43429273453
74021.86340829077
74817.5744336416
66550.46491724909
67282.41347840602
67292.27708210258
63151.19038680687
66121.55927524657
64169.79133720165
54067.01465763654
56313.57208265799
53128.18926442926
56010.68222382633
51575.12880887913
55120.48300443717
53390.524983782976
50027.21740016342
42740.638337919074
46551.294734842326
48326.29935507068
51328.50824978249
49830.3691350477
45788.590227860936
50436.74356537126
49977.44593241722
47001.30508187792
42504.65720117646
37584.90351214451
37960.36120263541
41937.327965152646
31807.771205653335
32501.23260675091
31408.119857469
34059.027871252496
34650.47362522241
28919.156265905996
26498.906909870162
26536.46871904808
31547.33115143806
Score: 8.61393935625456
Runtime: 797ms
336026.353494656
321609.9156982439
290674.0869518318
256220.97905811926
230572.74103800356
212414.94199053844
192283.2602812048
169672.1091689899
168796.96064764963
157720.15256172844
148172.92114201412
132417.60059648548
121226.21900564822
107284.07281836562
104436.29304197137
99744.16190117248
100814.3911957645
99834.7786526458
100139.67217122222
101713.17177383449
95283.53374909698
97719.01587490551
101986.98880436501
90237.82174757667
89209.3729073863
89712.67565371277
87882.32122989328
84407.96958225884
83164.90544604359
87037.46913037762
81522.91282746737
75082.13177857752
73161.30785592602
67287.99290215084
66366.29085601604
60206.42607598638
62146.854404008045
58368.17756679937
60360.18654391408
55611.40250179178
55833.35478196695
54282.962189948696
48835.59160364664
46840.01507017576
44640.64119650861
43622.025877800734
40554.49066653161
40638.858053816955
30980.90960306534
29648.017870371645
31426.28871193861
32172.486667327623
32678.67411282298
34690.169146412576
31786.632539862607
33322.77031612274
37146.26494295225
37418.401640602264
32802.50107644452
28191.0402595216
29421.474293483643
31587.842509462516
29800.306298433927
31823.28401640395
31583.573789419006
29558.387645743474
Score: 8.983595755852903
Runtime: 640ms
336026.353494656
300835.8232543288
288227.54657904967
266448.70380123344
254106.80368208894
251643.00084470867
235202.72271226594
210292.5170031837
197267.17434805518
186594.25851063657
178966.6248670597
164418.18556984505
150438.83801720152
142745.3122925909
126929.9860589686
122728.04187486834
111534.31695760314
106627.1670097801
99074.64631223722
99425.64977838128
103904.08376810166
98561.02236865106
90091.53497473484
90128.16982365241
85025.59897894578
87902.04822267428
89848.44230133516
92621.79553139776
87769.22966752399
85524.49258973627
81490.321574132
71187.82422119808
72331.03427274746
68570.57281287307
60940.06419700665
68022.16809043348
57792.087218856475
57822.49281314188
54298.729564650355
56143.34512648644
55510.32882120004
47279.929354437845
52618.81419124778
49929.63250405384
50838.19217049158
48911.78759322509
53754.27713110349
50068.21929467408
49710.0179979529
55126.619719244525
43440.29716673602
43852.62954722101
44838.19499348958
45148.24921899702
45374.28341547823
43327.198532141614
40399.01337389251
35110.502722874575
38523.60669286595
37220.2446677389
32895.26419566683
32077.352914735737
33725.15261249608
29672.752181879157
29805.661832078924
28388.86606235845
Score: 9.247413146374642
Runtime: 682ms
336026.353494656
314376.2847829159
279654.85525654664
256065.33225447912
235929.98826687856
223789.72506296754
207943.12081808475
189187.1253477191
167026.28590528874
153192.4383562112
150038.82167998055
134650.08477281636
129476.45114905931
130390.7295059783
119457.15259824773
107993.9021673875
106693.06210338284
100214.01471889608
93419.61313226257
90390.52351988967
88910.23839255855
89249.08789522557
85082.35425408847
80789.88898660628
75624.04510993372
74261.16148342675
69897.71426659192
68877.97466823236
67759.97707487979
65632.2372642983
66828.6878769715
66754.66674465875
66430.97524733745
60318.095002887494
55252.63134253708
49303.52129022526
50186.78563252555
47369.80143009003
49155.71619584982
42501.1789697405
45283.71949488837
42551.30510637639
46668.90882757998
46855.26890180441
44026.73712519444
44887.299582960964
35649.31869678456
36577.007359209165
35134.40789126986
40829.50048156973
34795.138937505864
35683.71679278169
34037.35101510143
31216.413053354096
38780.125272330355
42845.9365498324
46072.28000314857
38257.416921812095
37662.76064037778
36585.636367369974
31165.6700315976
31740.152574658114
29233.70819150514
37987.93512309164
35459.311156286945
33922.44923967311
Score: 9.185111291953646
Runtime: 707ms
336026.353494656
326263.07822292106
297447.5655885492
272057.83286292746
254281.60379825684
232184.16910253966
197831.9848290005
170381.56263745663
151531.86187967265
146134.57091195785
144428.23375968105
136749.0290650494
123163.91604377594
114324.6005463509
108955.69447820132
105549.63291211457
98014.51578424017
92727.60536516005
89196.48482628887
87145.76801253308
82396.76399961226
80017.12751833345
80565.12495376272
80118.7609554439
76134.3271386791
85329.6721081824
81982.75882649595
75704.28754743325
67277.72420634571
60871.98559905214
67456.10863010018
63365.998272262186
68644.32670520143
56991.044900126784
59311.30433277608
63593.682187697574
55142.222508080726
54352.59088635229
59837.32084537553
55139.846064381025
51580.028980792624
55113.511046954976
51806.4871765671
46977.323313645946
47204.6041602289
39840.454891140835
44451.49717744397
48092.56614291318
47471.72184904555
40949.48498656241
39338.71479902584
36683.56719570006
37181.537188609844
33937.14769002754
34914.535050828614
36340.66848339613
37168.351843843215
35960.933240602884
33262.86002489893
33580.65826987013
33348.62559943609
32188.07771210454
31735.67455876808
27388.987013096186
30318.145463117482
26287.57008853113
Score: 9.074832304781152
Runtime: 579ms
336026.353494656
312695.53714111913
291360.82393344573
255903.00925838156
226401.28673187457
197381.03901675183
171174.9727087341
159751.62210995064
133470.5032861936
117946.77177171194
111167.41996248355
105412.71227520201
95827.07985063836
94617.81360100672
95176.54258054677
86816.59572123746
86084.73798436645
80705.66032446078
71512.9409930771
78152.22411747607
68806.8943923378
66397.2523229679
70989.6001096526
70162.4733856467
70696.07514016906
64549.65453999455
57781.62067993338
56957.39007853379
59334.284450592
55932.87802564782
51003.70083711093
49592.48341293727
54475.28606486416
46053.1122106626
42301.25273675888
36149.01965682812
36997.28808645519
42215.774422487986
42165.03377233367
42196.8314078343
39287.17897216176
44033.46568218419
40909.626261171186
42252.12888932675
44599.193890626324
44438.21802865776
36734.0027683561
39961.99072352641
40064.816353990835
39301.76518765035
37972.293912427376
34908.8649049981
34033.52508364097
34719.56569881548
36559.05403119996
35945.56077519764
33584.121905272
39655.2451097247
32811.034463921234
37864.95165663857
32193.943039158716
41609.67389250095
36863.63702391562
41817.93777969442
33946.705788512045
34895.83289755685
Score: 9.29595210618847
Runtime: 625ms
336026.353494656
312671.5901370765
296179.6287163332
272441.4177333
253859.08880284277
239845.2363020975
218732.0490476471
206606.02183825432
187956.77242527733
176059.343005819
161242.18540962355
149892.25081292688
136107.7364235267
129579.63020366413
116456.95543923434
113674.36739510411
107230.52636141471
104580.27130848066
98722.79115965342
93216.6822902713
84241.33869917934
86846.35324629907
80074.94854799169
78582.6092610501
70495.17543423842
72569.18839908473
69370.18556405586
71146.37798534938
65104.014017238514
63717.23687637135
69829.83207002694
71039.01865343307
67361.41469074388
58430.73898854019
55162.49614878756
55089.805743582714
52756.97130835016
49171.991064782924
55596.7308188655
54278.788490905215
52519.39703614781
49963.20792307799
43817.96334198598
44475.57402932365
43861.00641032986
46293.49677209349
43702.80923259569
43244.309438455864
43832.913192579355
40486.59341014978
39318.96501510354
41136.584492298134
41325.856171311556
43692.388822173474
39824.67770146212
35795.59581448906
40313.862320433014
39025.702636640824
38431.33825969537
35547.0352680595
36286.31479559763
25372.94625595399
34416.89700244059
27328.30920268807
30698.98857078609
36765.915205190024
Score: 9.206912895678034
Runtime: 663ms
336026.353494656
313722.71690231125
288284.13092084747
256396.6454933383
244651.20778844465
234055.09986067205
212626.06400010712
195989.27401970938
178795.89343531342
174217.37899496758
172750.6848855407
163093.52465081826
151282.57828200836
141338.689806944
127959.21816255902
122751.7603989411
112390.63050556167
110125.19905371257
106949.15088113747
105551.26665486356
103452.47792768349
92364.5012279118
92313.56250860935
86556.90254662748
78277.31017920203
73623.45910159202
73041.28517415682
74811.18917567073
70826.63373062808
71847.56906938071
71090.79750615967
68601.46789775928
67667.68628157103
68955.64347763875
69489.42938380156
64519.38113780507
65242.34376839792
65221.143015063004
63814.16039583421
61405.62649447245
52520.75679696559
53721.90527333951
54552.02781567563
60676.83968954402
54069.1983907307
53663.56235820937
44843.07645121545
45879.74298509906
41525.23030469268
38613.14151472936
45706.71210807964
39663.55149908784
37365.017064541666
37156.156040179434
35698.19960773065
40084.93152681955
33495.804632603904
34920.43860004306
33036.637122962944
37027.479646648666
32542.916337502527
34631.868473304094
38572.371258479645
40567.7582327712
33835.85134979547
34572.59363415135
Score: 8.172173217577555
Runtime: 650ms
336026.353494656
308976.93753873644
290767.68150154385
259217.51549005217
233791.60033168088
200830.50344322497
188013.3254448676
170868.99097524426
157163.65918565376
142832.94297697642
142912.3667112286
129057.7588961621
129838.96828972815
123022.65009127058
117075.5592666749
109430.0095646876
100473.2236852958
94907.55479007847
87657.52170080591
86490.68839107112
83651.95410816467
79967.80319142359
72303.92348795086
74647.0080250339
74418.66625655629
75266.91020856363
73954.78300509062
69278.61699016656
65807.74736626816
64823.972705289656
64033.39214480467
66398.0215931819
66282.58797666396
61131.52510821741
59192.907414335175
51538.686872840255
57250.984907595535
59530.682524173404
53789.67761787658
53711.49008655655
55305.49384247358
61117.69878339586
52382.4623943356
45619.70007834414
45671.005975748296
39643.12171520095
37702.162809632755
38759.15847014107
38582.59720982635
37060.07540364794
33136.22317889643
35082.06260186286
38609.12288888842
41200.19923397491
40470.89858613058
35079.24757150897
32881.90845133048
40533.75991889639
35843.5753978809
30457.007554948847
34600.5902631931
35451.962831628785
41716.63023330674
42429.91733229791
42253.61116569792
43649.207808903004
Score: 7.360140502726422
Runtime: 596ms
336026.353494656
302109.67239684775
280642.55370700144
268746.6350728011
240820.55273342872
234799.4037097634
229812.2095166838
203939.94511494218
184279.00517384885
164340.80547178327
153331.69566172932
140920.78828045828
134908.09857877324
123371.08239749855
120872.50784487436
116764.49322215359
106701.51676061125
97537.85907932861
94408.08906992862
92387.07849334177
91745.5903530833
90574.8668919125
86255.21060381908
83978.21479381046
83691.1866782401
80882.58249255919
80169.36011995262
75246.52272268038
64274.49707106964
62126.301979955744
62795.43377160571
52022.30715626445
54420.68105076272
53351.33699676039
58464.251511864124
51206.982547697204
50907.88458902656
57211.12245454606
46776.9828700015
45856.40645625188
43944.74610504275
45406.701355690595
42249.25738411511
38301.30773199508
45687.83993031268
47016.737044293135
53869.53716152983
42182.16664928168
41671.87570111742
39130.098716452245
38022.73891605377
32725.099992791882
34236.1425923421
33299.76364443903
34562.55990095346
31424.42264261718
32420.35451176025
31094.713075340285
42885.705780801545
43071.8425885761
40535.69771334901
34527.51781630717
32642.136493188955
30186.873914566535
28790.839677049025
29544.865153996092
Score: 8.655085334689097
Runtime: 629ms
336026.353494656
316563.3145942079
287488.69861833437
253014.68598168925
239844.0080925756
224571.56765182252
204994.4823197774
203341.2538645187
199773.26970144568
175494.16316814223
158069.0584524042
147676.58617600484
139534.9594803988
139351.40690428755
131692.94159998515
120758.63053714299
108080.79100403805
99334.42937654028
101069.1880529148
96411.0080688283
82106.57030327771
84972.43375531571
78140.83973535175
80065.39537334633
81820.63388576025
80983.87096513175
73934.75479715172
69894.2312302527
66794.68597584747
61940.986956496
63190.91626460803
58151.080760605495
60255.82843477415
55922.699875045786
47516.70051852291
52026.186410311144
48784.21113593583
49328.34189484788
43351.94166205818
45105.4082032191
44359.744889329304
45993.111900328484
43453.89833037783
39548.48676687438
42753.80887959241
45535.62559469263
50217.965164948415
48501.591794473316
44062.1263180818
46873.96728863493
50553.78530350066
36229.67256938432
40403.49864320436
38087.3398299487
33869.381895228005
34133.01351894042
33435.88666958803
36189.36285915754
40189.059781389056
38772.45546817276
33585.25238956344
28453.982529481586
28297.563639197517
30904.9872658569
35107.240118219896
34828.99470359213
Score: 8.973991797078796
Runtime: 742ms
336026.353494656
305726.7542056841
270288.124308198
237364.13961770665
218750.1008136506
202617.25828569566
183629.13990398115
174562.10696507903
165081.31515302582
155442.92158685063
150910.08876111306
143424.28814713706
137121.78851256173
122183.64323064296
117182.17433176753
111989.63325175879
108479.49948684516
99117.27382538568
93426.03483749296
92012.32650387338
90703.07245498992
86853.76826888829
87522.48111225273
87389.53481510108
84311.07840531383
81206.87568619379
78518.58245038442
76817.21919845922
69645.15043750867
70617.55439491606
74061.86790935001
71727.34556955867
63185.93860978506
67651.91843080166
65771.23116452471
70947.13355808279
64790.280013104224
60481.08622950414
57719.50120538224
53345.09608983659
56245.74924121694
51537.58258908602
50915.55821728608
53417.689779364264
49966.008824252676
49721.51987459107
52880.02148153501
48418.33507637462
47175.576573668564
42385.55501780539
41151.1999076938
35184.05543213947
40133.77677846701
45910.38854517787
39786.996634641604
36063.001118803986
40052.90226462777
37186.68263891144
43690.174130092535
37872.81266719581
33989.83705838626
32593.33899231419
33215.42487669055
36879.781563829085
30405.56260088037
32991.329278401114
Score: 8.811829974307248
Runtime: 602ms
336026.353494656
306919.9830123791
296114.5536531935
287707.0424936816
251067.90146332397
237684.62752758068
204565.2235142982
169203.70562121028
154241.74021817785
132865.3355584598
123729.30316822286
120842.40162320265
110064.12549222821
97020.67038051892
89502.19669351801
85433.00521207359
83895.75656081682
76081.42268188436
75825.10003552449
72020.91251361312
65944.41237799013
65109.919587393306
62243.25193322694
56728.376507880996
55939.7795071012
51455.70400031964
51567.64508695555
48635.80492249859
49090.29270442152
51177.613717361084
49711.46047844962
49709.55725652186
51905.14493283914
48476.996323768
46724.03294043218
43074.28818803982
41575.67412724563
43341.373511284924
42939.744979984105
47925.00078535293
50620.53364595422
45356.41298545168
45274.85982626552
46532.00231880799
41698.27508210193
54186.53971287028
48555.86611009969
52041.499525898835
47490.60914207846
45624.54839077569
45455.43152270685
41833.681857994765
39359.284251999845
39696.776720167356
36622.542133453564
38094.27900048633
37462.19416468944
39901.44073789823
32324.20728007227
32348.217206700363
25704.321371192036
34977.26885948156
33329.40301048323
34997.33949846054
38607.90085812455
35060.12709944558
Score: 9.181702130884696
Runtime: 595ms
336026.353494656
320622.8618070461
282962.1809332101
251289.30161535196
239585.35406508305
214754.8748126224
208858.97467742255
191782.98462298675
168182.0884396212
154882.38548813734
146302.9434345348
131946.26251109288
124027.3114419917
118206.46138905542
117520.93355461629
114666.48359660456
102884.30310092458
94034.78269975634
92343.70199155385
85756.53493974508
86158.63445384432
87823.00609803475
89239.28364807008
84629.91056218496
73967.90564291578
74923.77632536755
68834.82115232889
67382.7287954449
60083.46620015184
61536.13517981692
60680.13793577754
55481.311702424384
54302.471561379374
55483.56796969849
54022.921915302555
57133.54407238297
50586.585309193986
48483.38895540404
50305.165045973066
43766.017764413285
41875.6122131732
45726.40109070871
42331.067489234585
36995.41726614646
36780.01995966643
34482.850861929044
35895.78070819531
37281.274405481796
37691.14149464206
34929.405804902104
31687.957466798
33566.27167524326
34891.35711416322
35705.83965474185
28703.8376794974
31122.67524531573
29395.03138674568
34561.82349840551
31198.217939028862
29183.455572986288
27339.408044993655
26247.372065594456
26982.37649447267
32927.50541039387
32169.124589694657
36961.28905402525
Score: 8.664266518775575
Runtime: 601ms
336026.353494656
300990.41430458816
279958.6252369162
255294.13030025104
245063.69702280386
211340.354694574
194338.6602305549
181578.77213580493
167484.74107599177
144615.83348758242
133990.4189685645
123163.15739568685
117537.92576710402
110054.00074432038
101786.81482266962
97631.00358449004
95740.71686109356
93910.80308130695
83273.74060007391
78946.23972216324
70627.44076875686
69655.71843283506
67592.0863798863
64993.47104633193
62813.09656129619
60382.62665459576
60980.031144283435
59216.26890831908
62028.02082491761
66191.10443497254
65787.88860689319
56224.93138752464
52057.297109440966
48833.19994079208
53838.75245698161
49170.674621835824
44472.65349824044
45232.7446824573
47259.834357244305
42720.93393647279
44759.47160459827
46051.53213254868
39767.888585537155
35520.408822301404
42589.67959020791
35075.27068837687
37274.148285682706
32677.0411960571
28832.102982559627
27599.421985758345
27790.98445061793
36941.24052681226
38288.91751860819
37112.08534597075
38369.11527566882
40450.16801811842
37346.13807409471
40980.17181692306
35086.70133144238
33275.56892035733
30918.903416675457
29487.107817537282
24921.417232826305
26814.903905621784
29377.763724657845
32004.18319458267
Score: 7.778315394003012
Runtime: 640ms
336026.353494656
315879.362890982
286968.29561464506
266399.7780448369
224887.9519120582
213471.41561451618
193475.2729982421
176276.54842600168
163455.5484880324
159705.27508080262
147516.00250816456
137931.2591788078
131100.03435087326
119746.14294905697
111809.44463582498
106855.04988212125
106870.65188385273
108653.9817399312
102833.63024358294
100785.38765005894
97968.50668865845
92742.7804777108
87015.23533083731
84346.54404413812
79155.33239393019
70344.46719463512
62795.88955325313
60445.96525966226
64221.855943748815
61581.19287133343
53597.45244751136
48692.63740978656
42427.380182081026
41741.20564140712
41991.7605348056
46009.13493875541
47143.305892066084
44743.98167639674
42763.905658788135
46367.22247890339
48210.946352712876
41975.699034919715
39838.42822853235
49989.78154217016
38514.30936729871
36043.80284071163
33567.94330092096
31396.862719284047
32124.044808934632
37360.86719630551
38607.70102593728
38401.77539419224
39334.70158042598
38689.97699688438
36407.123839275
28491.356281004682
32708.809156065938
39763.518692880934
38919.61002437771
39058.40544927436
34479.263315992364
41477.69148686289
46698.290330797034
36314.45556596536
33926.22139979076
38993.25979342503
Score: 8.61090355585351
Runtime: 609ms
336026.353494656
328586.63016814314
307408.81976307323
283694.4058760959
266198.51287076296
245260.9833415925
232152.57786693564
208829.52651358617
193081.4940728671
180001.3211366399
168953.0030001784
163171.8570743433
160302.7726349664
158432.96675877797
152546.87510373347
150138.5009148413
147548.55229786088
146881.27904947367
145648.57790019538
141130.3586554194
128700.92896045849
127887.4407593521
118568.56152161337
120032.83131989176
116383.04154294546
103638.57906027108
99390.33783508991
99993.9280255401
93854.16581214587
96520.46214489965
90824.37786215551
90244.22802671173
83192.32779231027
82412.63590124433
82020.8138810679
72680.32461108197
72900.69892950587
65694.91422785493
66903.5702031276
56752.92708783499
52433.51674045506
55198.16706559956
59029.35007926199
56866.51003038948
53146.575637849026
50118.79150530611
43300.766831167144
41701.75832001178
41400.582533442255
41080.494820727894
40030.493871908555
39109.910956471926
40829.90142912239
42869.20717078568
40989.56296834322
33306.43786278958
34367.07193145872
42716.19434163763
40809.938337260115
45847.51777371244
35342.415088598296
34063.204118820446
36570.72740075498
32204.77804094571
30977.214939074092
35949.76937734243
Score: 8.849663885618623
Runtime: 576ms
336026.353494656
322226.30457258405
307711.187513591
286157.3372376433
271840.3415884694
257542.243300081
244226.99097727513
236833.35190208914
214760.52191066122
198929.8546070472
182555.04289887912
160150.94052331246
151637.46824655088
138604.53395589942
124123.03396136513
117603.25191144847
110068.99460811962
102985.6691020813
97488.4836660902
93680.85344785026
91185.40502641113
83429.62457080508
76033.42217405415
79703.53733455775
75646.4617217076
79170.26190579878
73869.56243810202
64372.05720562443
68660.28339281563
67565.64502695228
65500.64993430085
63525.332015751825
60037.546447183566
59964.441808871416
56070.850267814385
61856.09509111693
60252.02191140534
56516.833392305685
56718.59424082682
52329.79756483705
57174.11160822066
54192.34470069949
51904.871418349845
53597.70417138384
53514.62420854298
45070.09088587179
44501.80349224418
44441.96917320859
42680.12014482021
38907.616247981685
36248.739332502366
33816.88478279103
36795.83219240645
40848.93537186421
40065.561386007386
35115.29017413504
35115.354465728815
30558.19158527953
29669.345134348037
37097.340787319416
33870.514721948566
31372.27516122405
28267.979275054964
26441.057171480155
28586.428880728534
25829.49477166067
Score: 8.730321541726918
Runtime: 634ms
336026.353494656
312024.9683923964
290058.6573585188
266474.4554243473
221087.60610557266
211817.23770758466
183538.8465508238
169585.24400486934
154953.8831217834
146825.7874935797
134708.67686984868
124488.86071676949
119789.46143601058
109051.30438807962
104212.39546610696
96729.9201870817
91826.28729204749
86018.10869593946
79287.57769166051
85278.41189371288
78325.79285136191
73683.00633863373
69823.6789583494
67357.8259493876
71851.60103334564
63560.93808563049
61094.43064136832
59940.82176515497
59040.93071876697
58341.71985024751
52673.87930777896
47648.163620871484
46993.89189001271
48483.198741505665
46133.475918200806
44013.76925051902
42265.85144933836
40597.84076349179
39183.847552617546
36107.69269640017
35467.01820711554
33664.54213943633
26625.913893003973
32103.105626277295
30862.998961402816
31552.867646083378
32906.68363119169
40823.2180182545
43700.93710480168
41806.97424823264
39746.06199733838
32922.214724326375
30785.576773079873
26611.42931623941
30208.59258573696
39942.909491107224
34855.230168539805
37627.61473499439
34584.854289883995
28254.134732438764
26890.224443987412
29733.593040615815
30833.654009335867
34769.04219102483
30256.434411774208
29357.342637207134
Score: 8.621098121666972
Runtime: 640ms
336026.353494656
327143.05636880675
310291.67543291434
277459.4139528533
236200.1245812669
214190.98107946388
185185.4572701667
180209.20021831183
159792.55953878266
143340.82907204723
132546.7799800498
123449.19964194547
119727.90104751677
113599.96235549559
116514.1932278716
109049.043241326
98860.57569103886
96178.31363411763
88893.93072880674
93452.98133850237
93420.89466287941
77071.08828981956
73762.36860896727
67900.88589292315
64158.330905892544
64108.44847408576
67567.93437372924
63545.5828683748
64970.467615691094
58370.52427360384
58441.49732379437
54720.621084751394
53679.433886723746
52203.397398077475
48101.04648183495
50467.81115814141
49403.0192962715
46833.42864359993
45518.337824804104
51549.979548618605
55547.91685047267
50149.600437849986
49037.95737490955
45844.954066285536
45430.43604343615
41076.229385113074
42876.198247638
43784.54695560659
41330.07519952063
39534.31209373443
38803.86139314616
37590.64383891539
31319.902152042392
35849.984127722775
35111.86680765454
42858.76445101257
41625.43974877595
42452.76250745781
41424.628572046946
38823.87360522062
33029.507662252174
31123.52234830131
32522.10811872524
39068.18031273917
36503.90590406825
37218.53808992282
Score: 8.610058056229722
Runtime: 647ms
336026.353494656
316782.73024327756
274586.47158539965
242528.01695757938
232137.4852836659
214773.25607596888
195392.81921486222
189080.9408903631
178955.28293153297
161344.18819646802
150462.84398022096
146534.7005275868
139834.0358854373
129337.96031245141
118928.34788800457
115339.13564494108
110333.344989733
112118.94303249991
107305.57103210667
101674.9290941739
92361.62376164977
92300.59471019311
89597.64150085142
83164.61063750552
79690.30874398221
77385.0049262753
82462.61350646416
78113.91057605096
75277.91008236705
65774.82968324826
66857.13458147917
63917.05371632381
62080.6704789397
65506.07653113632
58954.252748624334
53874.54276995558
55935.85281276289
57931.182518227106
58743.66528905266
62370.10640676221
53201.67386289669
51737.0472749674
46725.92851702628
47736.20949999395
43135.02453760941
41527.03503304221
47750.963661520706
46567.72040053221
46428.69884971089
44121.579456808126
40681.02237664439
43321.523785686404
47696.97765329409
47884.9385846473
47074.64310858736
51112.22863527153
39374.322403333776
40670.31288244458
40147.01497360677
40519.96065054624
35961.2217862083
42694.875216232984
39622.70404070278
34332.56425404697
38581.60113751044
39991.69057732348
Score: 8.837144912402211
Runtime: 649ms
336026.353494656
310212.5752173782
300572.4871518524
283341.56001159904
251369.12929473817
229801.81278255413
219273.45996001843
201085.71472319265
181951.22970659548
166184.93676213335
161787.6951645275
149951.68299440146
127382.7027998645
119435.14667181055
111688.41718867485
106230.02717189898
107936.93716152501
95429.15476264323
86747.38053929737
86631.93800122608
82839.74829398196
76072.78196530434
69880.06815547412
63281.830809775165
62901.4944108698
62793.44949411626
63836.88844886095
59833.315024839794
61741.28472106729
56273.71513298869
59958.68484396776
59718.863672259744
59006.84527532419
58803.73041654204
58614.06384439528
62072.35916345307
62004.489495785805
54936.246323733474
57510.05428966632
57308.725557413585
48987.85134016635
51724.03314079696
49713.09896628842
44636.152313776816
42616.128751128585
44478.46301830968
47239.20584258076
50083.8348438148
51656.376406096875
55542.54234038523
43695.742925078004
41733.231971872956
47988.88341791671
47214.35623755366
48338.48686687253
47493.7107190531
50976.45811987571
43131.966509365935
48518.62357833282
53355.10303900041
45034.683517927035
41164.566836336264
42429.150556448636
35244.2026659805
35175.97261694706
42235.34617430302
Score: 7.829089317258172
Runtime: 635ms
336026.353494656
306054.1414903588
292793.082021093
274901.9973856731
252321.79644139012
219667.1138114583
199490.2562225247
189520.62871493353
179094.16614220882
158224.98564465035
150341.41424229884
137693.2854707261
128113.2565584255
120213.2138391732
115680.44292213788
113620.28986739212
103189.29168623747
100341.6166720279
93189.2176914073
90488.2702629356
86871.14232341923
78652.79142268418
72088.01404655505
71718.58501533301
73112.34973297351
70400.83055870162
67932.9615341161
71845.28464131532
71917.01126117787
67431.26209269493
66810.58190484246
62974.06832010187
59429.62270950522
55411.512409125105
46101.64560342382
53298.180253267936
43513.73896100564
47371.768459973835
49327.06741625464
41404.77203080258
43965.64126422902
44173.81952969247
44359.748834481434
46082.75790864221
44548.47640467108
40553.83573201539
42808.59081869096
41242.890520873836
38606.45834366642
36376.421644894166
34531.942295165776
37259.52741485749
41392.91490945913
36014.127652129275
40733.95285900533
36986.016398091146
35892.85134227336
34610.576092232644
33305.906350655656
38593.49480813167
36889.36176483803
37235.20114840089
37861.50577196698
42812.810900210025
37937.700110497935
35249.23568562034
Score: 8.640178965287118
Runtime: 607ms
336026.353494656
297050.6281718493
265274.60104978946
244153.15417493135
228948.13421536493
223074.3205211315
194139.39170556824
171756.01460488472
159785.15221524917
150881.7190772897
134396.97275401413
121945.75872615002
114179.66367933499
107327.84504646123
95429.83583691197
89522.08851395226
83718.51997851646
80235.83793054592
83965.55122814122
81020.430998859
78466.99730622771
71436.58190881394
68445.74784591557
68950.63426810857
67834.83159169856
69757.48164145027
62557.14904883633
55351.71078818085
56999.10060515948
56783.884376285845
53667.604629231326
49588.99144414761
49732.94962091954
54174.82182599218
54498.66002316137
56558.51950787974
55537.4908641131
48955.37215393802
51633.862220600815
56452.73185384016
50975.870351375845
42211.84206514203
33930.456180302186
40455.20720444562
43186.99622530659
50630.86684648124
45917.56648399033
50447.3292553407
46256.948073697626
38413.011797024024
39339.28441521994
37754.62929746533
42555.49653687827
40414.543745718045
39894.1728804813
35828.877394649
32164.02742072335
28748.82216375762
29249.391332400362
36133.38925018298
34211.55684146185
30317.00373390525
23618.73710490251
31107.94747199026
26067.789406282984
22880.152797866056
Score: 9.018932415712937
Runtime: 581ms
336026.353494656
327874.9098752785
313622.49917370453
283464.80484506744
240798.728008429
221123.64518548964
198803.7541288902
169330.04985440712
148502.20023851938
131897.45541913962
125334.24747746246
113325.30811222614
111128.94057768495
103344.05991373339
104435.39147574171
106781.04902430307
103974.36109148971
102558.31058772808
92930.7790241085
91866.82680047947
100300.06027714557
95285.90186134297
89664.4919819476
79836.94239149451
74155.4662021816
67227.3424626942
72082.72825595409
72909.49778178452
78518.52092031612
71128.02051072702
71285.16064885288
73160.90988545635
67978.55928944488
64322.88623083789
64696.1440114222
56074.235472298205
54409.467132868376
54967.36865779323
55048.04297847806
57355.70447132294
53933.922234344594
51393.81099060181
59843.80371661021
52510.744795891114
45818.67667829639
42618.675575995876
47299.019520566275
48074.82450475134
44827.532604256514
40223.72371086347
38150.40824375338
42163.214080860474
36742.57844926146
37361.86494182845
41417.91530075579
39716.023332556906
31209.388083015554
38423.442364724564
38579.94376527219
40711.83961790167
39189.60490443277
43493.42147854969
38994.641441995096
35977.71339569605
33251.09875669737
35860.29387518938
Score: 8.694215205228334
Runtime: 620ms
336026.353494656
309855.79734448274
277709.64242807665
250380.28943364305
235523.77806934487
221832.8920673649
215322.51341442743
206660.91430358693
186791.73096163644
173415.09087892633
165298.17814594897
150198.60436645572
133832.42659753028
129325.22078578913
120088.55022009226
112348.43128252638
106361.10880062546
102312.92550991653
100317.49800939123
93207.69068132484
91828.64540564362
80851.44051029572
82531.51636541431
75900.24803984397
74395.38731171281
75291.67961489463
73587.94268072829
63588.91197500737
65687.85769250599
63711.60455669151
68187.70224590147
63691.04892270537
60453.24890110881
57247.3531974848
59319.062959103205
54920.40934920065
51141.81552067738
51763.40442742016
53519.57146039111
55532.94778696005
56146.01743681008
54360.95861724014
52621.157841429755
49837.36517676839
44236.48086643373
50118.249759940576
43745.02692985413
43658.08465024319
39185.723108775404
38134.4643931098
40155.124256973846
38213.47582542192
43066.38279772174
43289.61561517503
39755.46018897413
36940.63024689767
36420.01739875337
36547.987734915216
37261.92788827947
33797.82191246883
35787.44858210681
35512.05257621164
40993.91916684487
40019.674143636825
40131.45751054185
34851.119867718735
Score: 9.476720372185362
Runtime: 666ms
336026.353494656
302381.90848466306
279854.1116636529
247473.58138041123
215165.709423049
205653.49776153086
181324.8753803504
164654.0641552634
151061.91155971232
141053.20661707126
134271.99798991322
126789.24280034754
115959.23796961423
113153.93689749305
110510.4298700781
106167.76290647761
107237.69841208094
99654.72825551212
97419.90989435907
90917.2982369054
94492.92636138413
89016.81070498754
82776.0868003781
70994.66829651022
76446.64130861443
74506.33226163665
73910.44641490697
70141.3437306162
67446.19282686904
63295.53377821367
63333.2627555138
62071.581263073334
58097.92059248337
52664.26837450574
50104.691191491074
47818.46572677466
50695.22536793868
52054.404360713386
48846.981150168394
47677.94878040872
50378.1113934846
47328.30953363398
46536.85754112803
48843.656070480654
47026.73195142562
43545.8871069497
34149.48864989732
34920.082699481245
41875.58849497945
35813.85198494833
39420.56887823594
38674.84657394633
42035.13650874879
38206.69156169863
30773.879921904107
32554.46784580034
34642.1277097471
32875.702854307405
31926.693620005564
29221.182832614853
31707.000388338827
38287.36582103696
44041.25701810001
44905.66406983286
36021.05978779094
35711.86029031386
Score: 7.908161124678776
Runtime: 605ms
336026.353494656
323715.804249174
300341.6481634712
276302.2065791154
249775.3244249742
230450.81004721046
218655.64167267657
195201.9269482045
181508.20761180972
167832.56115299943
153476.16943948128
138016.40254317975
137054.91277442
130857.78874155426
125296.28825381727
127038.57839739743
117571.90775597973
108902.71310858849
104225.05789257139
91201.50561778714
90719.81609050566
85448.17344159979
82120.08109515755
84242.96601305288
86974.75752235124
79364.25936658756
75375.10041191467
71764.35232792157
67039.30786939156
58716.72914409884
62509.40966736573
59993.51083319733
56820.18845781675
50658.29518143045
49340.37027044971
53447.731410858425
48916.241074623125
40327.226100171545
45876.478860396055
48479.111304416925
43974.558431900834
47423.60912826372
42788.54725857764
44153.881567734934
42363.786030334726
46054.061006868535
40773.783545117745
33827.4944493098
34102.513926899155
34325.30714480955
34008.587923570405
33758.26099102928
34230.45570250914
30763.180092474635
39871.70612836009
36745.66593676232
40798.550007438076
35798.950809453694
40049.545867379966
39784.23945892499
35601.54190200751
26357.935360185533
27114.085803936818
29325.302890933228
29950.14105961204
35143.63901759989
Score: 9.779345019465001
Runtime: 633ms
336026.353494656
316345.3707860245
299644.07211556437
286129.882463853
265798.1653223083
248659.21620842998
222010.93484574687
213063.8133750532
207087.02433740158
185371.61158782814
174495.64730982998
154120.0382454865
147503.73584662713
125987.14051852618
115875.17960490438
112212.26525455828
103845.79583569418
92642.93453593488
92292.06831104234
89793.2957574431
88519.38723956633
90137.36412526557
82298.0687044702
74286.43357994077
77967.51603178936
69206.46180894191
70741.8004446079
65167.52398011892
59189.28370021687
53708.83935791637
52727.90245735914
49963.76909450896
54060.22752176406
52273.36269230024
55552.383976911435
52785.56172180453
49281.22884036378
51183.19041992717
47743.387204236904
53100.12172139938
54481.84851892593
47791.5804471113
54975.545040818324
52330.661930845934
46688.79652807738
46641.61185729423
45834.40482749393
50216.61709932943
41546.29578662402
37127.427564945254
37875.61710316736
35894.71941665393
39587.203364912435
44329.60628022197
38054.18517314501
36017.96755760056
37537.77694161986
34773.4322236919
31455.151579058598
31430.469492707678
28671.362231165214
28405.81126300426
32211.646777096983
34187.427379754816
31500.50661534464
25886.366372951114
Score: 9.471105205468136
Runtime: 667ms
