336026.353494656
319069.0634179687
305046.5268578371
290422.7162643358
270734.34706201684
249077.22221811244
212889.78081111785
189960.56329092593
167943.8924799162
151674.98515389414
132884.04760312304
114211.13193581483
105820.22857591935
95877.73470469021
87351.10344586565
80535.4550051229
74583.85959532783
70865.66466072401
63339.07236516778
56869.18236776052
51153.34098793072
49651.04999064897
46189.89229167472
43257.239040764216
41791.2893646061
39235.36908279103
39200.18892457011
37428.63843582331
34763.857296241025
34317.348352930065
33961.565490796274
32996.83151643607
32624.598317656008
30476.895853452224
31027.194957012718
30474.625248443746
30804.0255495402
30172.559242099964
29290.722686194058
30280.326783420354
29761.525371322343
28800.689030238784
29081.19915076854
30137.56339947661
29468.823419638138
29450.777475446124
29998.295152570798
30841.858158339932
30465.776979278824
28485.837318316553
28390.31851988298
28213.55547051408
27873.068344059175
27564.660233905524
28443.346669291255
28844.586943912804
27222.238680387043
25828.121409815896
25967.972332125206
26784.22024546824
26109.694818731074
26377.85030000054
26108.543954572702
26067.448887286053
25914.385863159736
26242.25939798323
Score: 9.178470305415974
Runtime: 662ms
336026.353494656
302839.7871465094
276024.7686624874
248470.9366151166
227765.5188258947
221836.2421558323
199926.84282487418
170656.33126913308
139032.61754489908
119928.30847739507
101226.75547392028
86504.81129014576
79804.10975127744
74556.36445180363
64164.47053658114
54860.3418599439
50995.492682948156
49161.828895002065
47641.94525235851
45911.42284031984
45733.428873164085
43203.291921133656
41009.555941482664
41140.57172283954
39583.352050076865
37652.36950792068
38868.177278654184
38900.53996180811
38016.9768641489
37710.30690782514
37285.37611622153
35373.293331440655
35677.11829195765
36497.553433379726
35845.066511857956
35831.12833134227
34694.09579009815
33177.2850326907
32792.35829940096
31686.15385937497
32242.18435653494
31379.320701724246
31670.192161720795
32330.728067231095
31939.144681830916
31911.80314345404
31713.724012133236
30974.9327231327
30516.631689691727
28797.743132618878
29230.084858207385
29224.496617989094
29686.948396175383
29656.566203488455
28536.71266249087
27863.783342927152
27715.80428734481
28547.23442333718
28572.1024694822
26962.051102833906
25944.363110872615
26082.60184775733
27007.185712886916
26644.086460078615
26730.15380454071
25417.974897106964
Score: 9.57323792189118
Runtime: 634ms
336026.353494656
305909.630753516
272531.13294098363
247720.5503480919
213193.56380453403
181317.65313386414
149636.64513733072
124706.22069610171
116166.91069682594
99342.16648633333
97089.37123576734
83223.8227352524
69093.12806970261
59704.357864803045
54539.54111266067
52495.85587132599
52057.80318724668
49299.292823343254
47241.63916006984
43166.57426123893
43436.76800233092
42757.9585830186
41124.80766258751
38052.55428785527
37070.99344425863
36282.77141437074
35812.51912024342
34927.7103566734
36919.59985386904
36592.95902797228
34615.9060979364
34699.17908225566
34632.504292932295
33731.91732810032
32818.200812809395
33742.18152665306
33110.77309983145
32086.416522804677
32026.072170648957
31089.86305278111
31031.095223959994
29727.957239263087
29884.909932826642
30320.016054692853
29709.558895219638
29835.018526740627
30239.11776229917
29881.85625559584
30164.508956547194
29886.107920723698
29336.260125455425
29497.857011312753
29155.201464110305
28851.509791632052
27813.815958452928
28163.88928751317
25982.885658210587
25324.337693646987
24604.789345433976
24830.460852623422
24547.911564866863
23100.51892138836
23167.086915909258
23025.72294491826
23106.520190132484
23831.18994534664
Score: 9.644465286109472
Runtime: 626ms
336026.353494656
304667.05455865455
284489.0361178135
242450.97347966832
232040.19527008937
216527.27286126156
188706.26682802144
152607.50641681915
139274.45326477394
122624.0777565637
111768.21238196435
95702.08063177465
84377.83615793781
78763.95914514194
68461.34581990507
62887.68040138689
54392.82800943602
50806.54065715974
46741.88947099021
45625.204732508864
44435.60055506646
47212.690243712095
46508.69643894301
44513.49275545837
41458.29468489667
41334.84210248422
41885.14186640527
39666.27053599603
39054.526527073416
36520.11293546823
36393.63014184537
38562.00326624894
37408.38714875611
36175.19922793782
35536.87684476012
33860.16045434527
35503.17121637689
34323.66440943919
33967.44706439638
32892.4925728854
32779.39285938256
32297.81955600671
32685.36358712694
31349.45867529713
31221.038374717045
30617.052494336123
30621.52680932678
29427.997065452324
28696.25645854817
28375.26556595612
28773.595698988658
27759.393366006614
28844.474599839228
27598.426903553966
27148.017827353844
28032.894265631785
28468.181080428527
28592.698917539517
28055.3915366096
27946.195535081653
28837.04793787956
28368.306891942873
27227.0927885584
27394.305297514617
26830.398113511812
25735.422659536303
Score: 9.29268582492707
Runtime: 604ms
336026.353494656
289568.29820431233
261971.86024698446
214038.08337955628
189805.90259485983
159171.72265968446
146482.47941976212
130414.80138124176
124011.47200826429
112828.63403754702
102621.49705212459
100373.81231493215
98183.81583435045
92386.20706691791
80535.6317893098
77034.33051894064
70533.79582026572
64529.19141697566
58228.88409336251
52776.72998168168
53014.82408379703
50404.89371272078
45029.82911481556
44374.86389534918
39960.71629629314
38148.430340695246
36555.50458072929
36342.95021066187
36467.7476050548
37043.26060454161
35279.402527101345
34007.95216200579
33441.24347888868
32719.663876061117
33220.464344453794
32990.10503572662
34015.56734444898
33095.220968962174
32583.995964046884
32376.74587679864
31219.626613230103
31027.84705270654
28889.79298942409
28312.325713779413
28547.935446232965
29284.407277378363
28063.529570081653
27050.271132028756
26555.44203017977
26633.243936632185
27730.798649120712
26461.828715122116
26902.774662048858
26658.88021764459
25650.12085956381
25142.18410956528
25425.226160785613
25705.686404862274
26155.888060585465
25719.065438608675
25912.54579685825
25563.88538417094
24442.3348500813
24321.214296692135
24548.531559633575
24353.509918384956
Score: 9.64596164490567
Runtime: 670ms
336026.353494656
325204.32362751756
306122.25220711954
281805.01720337203
248937.91648971837
219932.04152806549
186566.7162947073
164687.65655227177
150613.33644367495
128994.25597991643
111583.6578617555
97404.25433838388
89251.9603636806
80014.88644013139
70330.97789822512
67366.96044901304
57312.881577051296
52495.43214413891
49852.66963178497
46948.40942337348
46280.303141377946
45614.92673314618
42848.44949760175
42926.39568711434
44305.83071224662
43231.82919321764
42033.06264643671
43275.703173291586
42782.82098478068
41133.897779087434
42289.041082923344
42227.176202475974
38672.546348267824
36306.918875741736
34595.484757934064
33472.54393333733
33633.38571609043
31183.039756609975
30490.3108274998
30971.088444853674
30263.057884655314
29314.61925526015
30865.103212809394
31728.322255157913
32025.34782970853
30585.60148571334
31629.76913962642
30434.235717958774
29209.26808910577
28499.926473742886
28161.136171445647
28697.15861213489
28284.84042411665
27810.943911062404
27442.58669934103
27503.38804572138
26502.57473694011
26300.800893843487
25785.33298163434
25854.76894855979
26283.231384841907
26462.696425781705
26113.192161186966
25942.579060882294
26203.02441887981
25729.44045001812
Score: 9.584643297590727
Runtime: 623ms
336026.353494656
322921.3609020752
295469.75159940135
256838.78179823162
235920.0014942021
206970.77375564395
185050.71679444474
166710.327368732
145432.87877968335
124694.06239397828
113671.79550262407
100748.83887517604
86366.9161002392
76444.54398012396
72237.34698907334
69643.15630717081
65136.29933908644
59341.03340707321
54303.14569689666
49945.9539142657
47155.64467165802
44836.09661747162
41406.63613047063
40805.35269119251
40661.09782483309
40223.251539566125
37490.62337750707
36289.915680747916
35520.03470400343
34768.71201226004
33360.134718879075
31985.231320157793
31843.36713758166
32335.70487948847
32137.69735251894
30630.889773387207
29182.792725047882
29743.350363400303
29841.440151291114
29559.88320497496
29166.520758588395
28607.66593375932
29166.17007998094
28399.098758523938
29122.338207376088
28677.481442434273
28236.82679924222
26994.919343020178
28253.237719806268
27079.865036293053
27835.903755178842
27297.545195133596
26386.72383768558
26774.30730748925
26403.494540862175
26890.61729655021
26495.648380055547
25325.48342154444
25061.857578752588
25888.450466450053
25719.59573269972
24766.220149566692
24719.69171602862
24815.17373626852
24667.74624118235
23662.778719681042
Score: 9.797127119638757
Runtime: 655ms
336026.353494656
317263.59622853494
292862.2847711626
276696.96642123716
242996.62616931132
215278.4135493861
191590.01603058423
182429.00712513368
166045.96322690544
147230.67712501748
123852.94695413709
96905.32123263711
84485.62415085053
71317.0592030645
65487.54169902939
57656.74464419902
56838.810973064414
52345.582603259274
48653.84500802481
49161.641219579986
45999.65982115081
41188.56978440336
40751.01462721898
41462.758048608805
41426.53104424452
41164.20176146058
38175.50286937194
37159.202277017015
36444.93839020821
37610.12180236615
35494.73132139173
35225.34311329165
34975.94496166558
33443.21567015535
32683.23450234264
32141.93804895045
31138.382063721456
31869.871687395877
31011.855584834644
31660.9756701246
31730.098363430636
32875.929403263755
30312.214094967836
30228.983694896644
28699.166369941617
28801.841228784433
28468.004312840905
28974.60055835994
28601.117826431975
28828.875146549715
28807.943424714525
28892.509374101835
28546.758177928677
28443.708967031554
26817.72493440399
27516.62325164349
26981.10366900763
27234.48249995869
27151.01371296177
25631.05129576927
26016.395674696832
26079.765210373993
25444.07313324284
24683.338536259038
23631.13109702481
23955.110764776684
Score: 9.611626162279915
Runtime: 601ms
336026.353494656
324844.46731203416
297286.9905905524
245875.71150133782
222482.5563492998
209629.47062997226
180628.21754082787
159644.70881727818
132176.20420774532
114501.89967171935
109056.72547185507
94520.15127884161
77385.34179623195
64390.23802642766
57784.79702913587
50369.29914344629
45085.723558902086
44714.05319188392
41013.24952487597
40931.697371063674
39115.03246748186
38754.80542167176
38900.92641916686
36713.758102374784
35128.24469932749
34243.42899117316
34438.79934221536
33673.6059494804
34695.165363780136
35082.58884179257
35686.659740655865
33788.599765289044
33698.12892369758
34217.13253097517
34715.64600194564
35314.812288910754
32785.54802893036
33741.44749909709
32437.2872017594
32064.243790277604
30419.186712221464
31081.1092743749
29597.509690586594
28155.967431349753
28007.609324702444
27419.71417539339
26842.22023919361
25904.71301037993
26964.237546119857
26456.774075839137
26491.738217622526
26817.14057758038
26515.47486017582
24478.794986665605
23971.617844348082
24263.03546254402
24769.15315003891
24488.297268041762
24634.62354671575
25003.233205854518
25431.240447148688
25188.100507563082
24156.869678419826
24060.688204044625
23786.311669871502
24382.425312028732
Score: 9.512249283788618
Runtime: 688ms
336026.353494656
309716.4464896081
269654.74298813124
251268.82782471887
225777.3933008764
217012.963687578
181444.80855082246
169095.2919904525
144974.88427566303
141983.25104272622
124959.07437927974
107085.82068729734
99709.16031540996
91587.5845547982
83179.35684060276
75007.64891229445
71329.58408291156
66688.99031593915
56854.55200317205
56694.34804523575
55126.878831622686
51141.61642426677
46963.17639794721
47939.02979705076
46618.215103600356
47077.31968399587
44745.20437814779
44047.138370658904
42390.318761869705
41619.00039862873
39280.130789984534
39421.90452809899
36653.88076255978
37216.35693704969
37287.10929274062
35439.73286229076
36283.59634950944
34213.59613516525
33928.36232857208
32806.07806565609
33207.264286814054
31377.094850046014
30604.840348224592
30829.71110273275
29488.308280465808
30184.937050385714
28369.656103967758
28407.24192096052
29454.67334429756
28832.70165491675
29903.281911213417
29233.485041142845
27917.812133491174
27988.385188384294
27899.99491471821
27442.514826898972
27537.69052627554
26413.66853206476
26405.606032214902
25215.83225360181
25077.078430685455
26237.90213699196
26335.94501371208
25839.591439902433
26304.91553719968
26179.479595055025
Score: 9.469595908234611
Runtime: 599ms
336026.353494656
318799.79337024194
287305.91645830794
272487.6184945612
243922.65210865813
232630.2333057686
207177.78497040822
174705.69303595208
151370.58206246162
139844.8475305655
120297.71123331459
104746.22483975616
90679.84821528365
80206.33127180855
69283.63580541397
65728.11650908554
61547.633215929316
60018.463374466824
54561.963272122994
53219.581974318746
51076.715509502596
49974.3984867671
49786.62287394575
51098.55220593861
49939.89497930637
48173.025647750736
46365.8403030866
44150.89871013556
42235.969642095835
41116.35072616176
38108.481377901226
36490.28146566667
35666.90105078948
35282.319094668834
34291.20393646089
34760.992846799105
35572.0538770685
36026.33782491031
36223.82024516337
34797.28321636226
36088.39947202267
34799.621326601635
35672.80216918645
35518.0052569261
36958.88457467769
35671.938470498026
34991.80575055139
34046.15490301181
33042.11362383087
32913.40155259268
33096.05924424804
33288.6586163354
31358.587907605463
31724.6001201543
29931.860081060233
28525.318779383208
28623.30875131541
27055.82823084675
26936.12033082789
27414.014400137552
27951.945786778895
26925.824012625995
27548.17117130452
27197.581502323974
27528.15695785234
26289.207166622953
Score: 9.456818487378548
Runtime: 629ms
336026.353494656
310250.0181435913
287209.5460069619
251563.43007266513
216237.91267017394
202708.20685108335
172962.25142995123
146145.12402350636
130682.94669303352
114608.98240453063
100655.18035941769
94469.02471292323
79405.77669422085
74518.45116805857
69127.46622877633
66107.55116078942
61623.086545290214
56738.49214014651
57235.472486040606
55743.18236993917
48021.74946734487
46937.61262224143
44685.303924754284
43664.93761767191
42850.84379839093
42069.95662370869
42603.07121494348
41462.221956367066
41220.34243091862
40992.47620498301
39349.16355079829
38722.30648151069
38480.89502673778
37969.600755194995
36718.65007597901
36395.830190552784
35327.507689662394
35304.48345100541
34552.36448217698
33012.09093890892
33702.28897076488
33520.49509804713
31375.30807927522
30614.19689120418
29261.121391041266
31022.39777821632
30006.06509472097
28521.290933139975
27948.922348580352
27057.846342177232
27004.031167175897
27000.763915954325
26544.27562435929
26121.251022877204
26209.775314585615
25139.426724017012
25466.10150585542
25168.426472376836
24710.993551146505
24040.281831208184
24941.405036531512
23277.679338687693
23903.455343528352
23079.453348130908
23644.973214140213
23313.003946345038
Score: 9.596505717529608
Runtime: 612ms
336026.353494656
304197.62654098385
286603.36143087054
267027.5240291531
240036.29709880563
222725.0741487332
214333.46936173952
194203.24453500248
171658.20653085026
153608.5179571059
137511.90835062123
125755.60117209046
114449.16956594028
105296.31903663494
102933.35545496346
95443.05015692714
92413.64703299306
87427.0150283097
86961.49765862111
85748.1997603451
79178.55803500193
76344.95612913834
71087.17790568896
63489.27095309767
55851.8810810045
52211.451402377854
49036.22254318702
45701.62868001142
43136.748242203284
42335.978341717695
42826.81191238811
38914.57862867561
37930.08448596355
37767.176819589724
35338.92119865163
34028.96479692089
34819.712668976616
35154.273048652365
34600.75242406697
34567.83665574452
34596.10873499277
33444.903558635575
32108.482882861786
32291.25791775252
33083.42923738706
31612.71890801544
29582.313758065597
27282.30105854773
27132.930337147496
26740.46391776848
26359.94705470359
26226.56885577183
26774.302198920617
25656.7837695457
26104.071311144013
25759.289079631166
25277.697948649817
25307.319998786286
24501.491103820837
25094.567727805897
24162.08622562593
23647.78542214333
23256.891555077407
23247.050319905647
24243.733813563846
23272.04047929269
Score: 9.630038476254516
Runtime: 669ms
336026.353494656
314923.6950146428
294591.86974465026
270066.3701795254
237503.8273242718
212992.67514604802
179453.48584970165
173042.65067888092
157087.8969282067
138589.2334432074
121498.39275331514
108684.39797083838
102724.89808196053
92439.89632539173
93183.85274110295
78668.97992622756
76347.53310907878
73567.76650138121
68986.4154088664
61587.81117884218
56927.71708721617
49973.53898171083
46270.453657048594
45118.386746545024
43404.19515242608
44148.08330044973
41051.00777980622
39116.172942249184
36747.61345021868
38054.4599542558
35686.23446461129
35323.62944634733
35279.90815157189
34272.198709032404
31521.204764231938
33518.445923895575
31419.952809646133
32669.12887891923
32565.963388039974
31724.58094548617
30762.529068839776
32262.91073866945
31503.53317388013
29770.960624992837
30312.967852453043
28336.622789229405
28581.422639842
27861.467763262586
27064.578702380073
26855.275915088616
25941.61250680806
25082.10520447402
25046.176526468927
25563.047046734453
25180.113430813235
25095.905104939586
24673.397730099376
23553.315644509956
24010.71590805899
24538.433196016384
23854.280294917808
24054.668709329453
23966.69002973799
24401.26069865667
24368.180359363472
23806.170229129286
Score: 9.538839041895912
Runtime: 647ms
336026.353494656
304393.9982215615
286881.9923838795
251567.5480644809
222669.16161348135
188850.49189655055
159183.66188403036
139448.19756743257
127306.37169535125
115254.83397342003
104557.06079049659
86913.6207945795
75483.85570856587
70560.68391901114
66273.44127546414
61805.38241897073
53911.88094843253
48578.21519164566
48062.77704757726
45382.080184262886
42116.56135986619
39547.04469013151
38214.37246532582
37127.28093446811
35832.552271172586
35579.41039278846
34821.802859412535
35716.899391437546
34767.40169483654
34857.81750564126
34532.19460937026
34794.620348972596
34395.36883357688
33562.188193225855
33476.694202149716
33718.87144360584
33741.16577031734
33923.31053575053
34142.46409600877
33515.98505512505
33009.54065132347
32674.32213706703
31953.306092220428
31438.994772764458
30682.363356710524
28704.580421432533
28234.481172844444
27425.694842914436
27561.914564190265
27346.47288465103
27935.66453368198
27454.56346161853
25817.330156744236
26642.51338058298
27804.56778083624
26267.75572503433
25288.59846621707
24564.10970675685
25987.755734689013
25587.969024903567
24300.58450348474
24145.93110856924
25289.68392213023
24626.87498049005
23777.623143701883
24589.95858503747
Score: 9.517013356483194
Runtime: 622ms
336026.353494656
320810.31109034375
291757.8598999997
262677.87796886335
234959.16403566272
205271.3978236117
180280.28422043502
170551.36165984476
147436.85468382997
132451.10095620897
116233.25864613586
104416.94989972778
92722.97751558844
86027.5576705992
81636.29087788536
77012.58586547506
74775.32268806732
69138.35341826057
66809.51166422317
62934.83628999501
60267.58092955846
53744.55791307171
52339.405556501064
48059.290952749994
43966.13371477391
42071.14950188093
40024.56357639842
39075.62587181162
36322.08440504257
34432.8784629128
34300.97834962883
33461.8179545166
33547.75282203592
33449.43929306997
32965.934670231385
32629.139040031507
33091.84976221917
32191.110106903216
32226.135520796648
30744.590885508012
31682.128298870717
29554.742381309592
28733.872382810667
29798.087683229824
29864.72052360855
29626.855045514658
29182.11450374332
27849.000135816797
28020.9321485986
27897.523907354833
27496.17249045119
27603.27120561856
27216.036078240544
27778.998993565376
27468.209932415753
25996.48879360692
26593.13227912186
25575.99983085311
24614.726020341463
25220.740557507444
24997.11660087063
24977.16079238898
23305.977481038386
23132.196456347436
22940.893186744972
22126.80975492568
Score: 9.758597055994668
Runtime: 652ms
336026.353494656
303793.56792790623
265753.90030554193
246747.54616531028
216037.25975529864
180492.62104870257
157581.37754763305
139702.94002353636
123688.56729296468
103476.68229549236
96763.00686032958
85738.64914996037
81996.7053000242
74851.48401772784
67301.33037880281
61700.5687193811
59661.432268543795
59358.893741131695
58259.78048198705
55131.94080912371
50839.56039788138
49141.88356720831
46993.390289981435
46945.88228276521
46092.475235056525
46883.2843139429
46881.08346284536
45029.33527701788
44155.202337967945
43725.6228599343
41652.054996820545
38614.047151224826
38932.913744709025
39162.898732617956
36884.16996848916
37042.22072184482
36767.959419322564
36596.37217195948
36004.740202025045
35000.217099116286
33814.12150609515
32600.56562988831
32946.1839640678
32263.921355915012
31909.31267648053
30858.913824187726
30711.5735760218
29535.42525285592
28697.99390801661
28233.415636082762
27860.33645172459
28822.23980015777
27978.41930919176
29166.87410192593
28163.295890521724
28391.231420585696
26329.20752900501
26241.035966125637
26059.109452844416
27073.972962597447
27201.022998532986
27444.74080506034
27679.79830161668
24920.121021496136
24193.317943527414
24222.933161244306
Score: 9.63855209749626
Runtime: 642ms
336026.353494656
311464.7252963464
288826.83039660385
255869.96344364836
241855.43011446754
232119.08061444043
206033.50632628286
184632.26724939983
169559.28039502742
145939.58647658088
128479.83375734882
114425.29998964095
103010.18355589583
86655.93361040947
74167.27170494871
66360.77876228126
58335.56427285304
55220.436844145974
49503.599357039035
46047.89040584147
44461.26264480541
43016.35441240439
40459.112790290055
39694.09084034673
38906.41555252503
37908.73329760482
36862.38140118001
36822.92882458258
36728.9379621765
34564.94188276992
34783.642705121296
33810.76898298345
33729.05572770368
33590.73810601924
32261.637055891235
29921.381320756172
28626.88525534132
29314.182190136762
29634.56613389269
30095.891195103133
27464.09380666689
27801.749930748956
27462.801108067055
27848.19653674028
27241.5438460974
26419.170254410423
25902.5413476651
26077.925691156375
25231.943368215863
25717.199895828486
25205.989194964714
24764.402062316927
24478.16380331052
24508.304397515974
23698.25668699979
24202.52229072138
23580.569714642093
23172.389349556437
22568.57829872885
22394.87178728216
22555.5582454779
22410.249960349243
23460.977728700862
23322.19919977966
24322.12376189224
23627.9650421335
Score: 9.499934457863036
Runtime: 660ms
336026.353494656
319762.6668661558
293271.9732200626
268046.09861636796
230226.55452844204
199594.77152278664
190853.85167432312
173807.53472397567
142726.68859021
131347.1828068341
116289.63157701903
106629.10537533653
102084.89273853342
95418.93125756687
87923.20912554028
77598.99537285944
66197.30078670025
66029.2840475896
61599.14716353429
56529.485468297804
56538.783461107545
52364.6617313438
47899.25165115038
44328.83610431986
44090.00199064629
40967.93628885356
42823.2798346971
40045.615107299964
35903.18094399624
35155.02876385002
34406.45294694497
34814.87986640311
34124.6034995736
33566.748982346166
33086.82305982566
32864.02730427493
32669.322792002346
29376.7421592725
31346.558933381373
30487.631735421972
30016.65355186658
30319.237956891513
30415.943727255966
30936.85204875797
29321.75753411555
29109.86042859755
28516.16313688652
29076.160663101145
28611.179663122126
28436.830558559523
28158.91912446625
26608.13426796641
27016.312725300737
27487.06963613901
25662.8330528883
24887.704368443025
25386.93511279564
26482.04145635414
26641.816166196582
25697.31336365597
24415.90953365264
24322.620709062467
24276.578365726193
24961.846816768964
23998.44458081523
24097.944748373786
Score: 9.754605976498285
Runtime: 600ms
336026.353494656
317690.3778719695
298639.7137723811
265388.0546733947
251307.5350103791
230447.33340195706
219701.03333250142
191061.67438887374
165342.24142988643
154109.58831542014
132268.55048910982
114980.09265671369
105123.99590993629
96826.69481196444
83418.53277178541
78818.02518916843
68567.05981208828
60089.05949297874
57541.50236333428
50800.43033544138
46415.051329318376
44876.189795470294
42396.20189002418
43682.34208806633
41615.46333231945
38282.45276371989
38359.206699786795
36278.79947967677
35338.38120092844
34074.84197757191
33178.77111923169
32367.660252768666
32325.595277945424
33113.74359136452
32535.68929306058
31483.076301282912
30803.49962830223
29791.724851724724
28775.190292988886
29016.029452780414
27539.894944573793
26958.8052033494
27109.060532547177
26186.779477311902
26187.703386808287
26345.160819784734
24610.443727130503
24430.798050241996
24656.162242208768
23966.812889863322
24036.385844710785
23758.903405159163
24689.802347867782
24072.64259335607
24111.16510770552
23021.23216266784
23643.706975242432
23377.708543490528
22268.473217582607
22673.917783131372
23754.98635173876
23718.037035566475
23939.44463407748
24294.80169616139
22936.859342935502
23115.651975416702
Score: 9.800981468702556
Runtime: 648ms
336026.353494656
325134.9483985173
301229.77406892006
283085.8991249578
268761.48261329817
231743.14420061567
203241.0071905836
173547.47661891382
146510.40530452837
136844.74003539127
114635.32236914235
98926.24482419786
99855.37363284179
84647.44393248452
81435.09112151597
78593.60526654303
79014.89525704455
78983.54494515271
75403.15051404465
74870.00703050575
70847.77695563424
62936.75968187907
56517.22051634051
54273.70680548253
50885.53825030184
49784.47953525817
44993.2893004031
43244.93739195208
40897.58425924596
40195.89590893763
39776.151691968655
39458.2070505416
36212.604837112776
34959.14875611702
33316.4362914152
32750.825274356997
31927.601882078998
32550.853620730482
32415.83953548265
32352.22100679113
31336.061973647596
29690.38989853243
28450.136126201844
28725.805252800725
28593.561906046238
27563.92820174104
27143.052585965102
26673.40083358696
26970.83540575864
27694.49044306487
25795.95592262943
25805.05704597071
25421.93007682983
25266.633875897733
24514.704403253087
25123.071173228363
25156.43867664297
22706.88437057353
23433.24178212159
24214.570721999935
23098.405857696835
23273.931656649846
22056.56714860258
22682.323199688628
23447.30858860504
24432.8670572938
Score: 9.60769926928206
Runtime: 650ms
336026.353494656
322191.2391053222
312891.57574423193
290082.72353466094
252345.73059730174
238224.28802118215
199234.7065402923
173229.6488232482
150485.36740994183
137157.42354638554
123507.7961018584
116212.65225715966
109117.65344943391
96838.24831214432
89136.84014169243
80661.3677535511
70242.53279574361
61414.51337679215
53437.315929730255
49646.27191904234
50024.9524499469
45992.62024949918
42601.017276962266
40041.10226606354
39251.94557718762
38149.49545814341
38433.1855315914
37706.03396487341
36542.48954649022
34535.871131013606
34300.387535179514
33283.84535268097
32627.7540711694
33313.422904211584
32768.28512041969
31971.471728586643
31150.6844763022
30840.98421069477
31706.869996003115
32231.240613213206
30343.598176190666
30130.83301521408
29474.35498114336
28421.514360603287
28828.089014102952
27176.612401272083
27156.281304199485
26956.254439580975
27081.29120780873
26573.88131955712
26812.530505422856
27401.861016025665
27107.128647581954
27651.86907979114
26018.33655148889
25652.412782975283
24643.229395143448
24070.35924207071
24845.345052033153
23782.57114536487
23290.96759576746
23224.300082513964
23488.560284263876
24052.243474447696
23223.57300859386
23976.782120057913
Score: 9.468008280349997
Runtime: 644ms
336026.353494656
301117.9238276743
284083.69692483306
271893.0310193238
242182.8557076171
217110.68663056992
207799.5209210024
176646.31422902437
164490.7388473238
156541.21623955554
132386.83670536632
117889.88818447937
98694.47473357244
89337.69654808073
87531.18463113788
80633.57923791121
77710.69442305519
73833.95474993078
71512.87646334642
65069.029327873206
54920.21377165513
49813.72181236204
48130.577151190075
45833.31566564793
44516.27911299185
42245.700355940586
40268.08468977089
37256.09859379704
37283.39252221945
36003.42715290413
34369.55324001459
35077.21397879963
33595.557412931244
33318.898789618426
33292.73008307802
33473.053319924664
32482.072551867062
31992.392769478512
31281.05783209497
31281.047545021473
30654.68355934854
30467.26590398341
29898.591545541796
28620.558917590235
28868.29723276805
29934.07854379743
29507.63056230908
28401.22372455907
28038.33136320497
27668.969518462633
28878.601016419827
28872.360793374264
27938.978597362253
28634.7663954521
28884.337845079328
28654.119788043598
27357.705175649426
27063.768847725845
27446.915141275313
27086.581425009663
27204.184253879517
26129.386251339227
26148.935327273895
26704.697393764887
26716.307947239457
25683.841126825253
Score: 9.65010986166692
Runtime: 605ms
336026.353494656
307496.0575027402
284932.858729017
239989.65656689132
217372.35409927822
197263.53384012316
173419.79111430427
152929.44415115734
126173.63507768202
114682.90696878603
108581.81921341752
91539.58929198168
83311.89760601347
82876.1579687202
80044.43524461656
76405.30245711716
72674.9199482143
67947.3303699176
64763.587389793734
55368.955581673516
53384.000797702
50865.80229591055
49724.489059009255
48924.820631458795
46789.38056394661
42494.68851336185
41379.64839845479
38222.8236171301
37475.37936391136
34899.74218184188
33350.06145714507
31603.835462127947
33031.73582662835
33456.21321162367
34003.27392722697
34603.94300243848
33783.039681158836
32907.08887104267
33265.56468923534
31399.119406193902
30639.567241316876
29862.34945372197
29829.416822405026
30524.68737968934
28926.103215996707
28807.83291450192
29390.944932979528
28362.869276380894
28939.87069420865
28384.329578189987
27012.081924719074
27254.45105495
25292.949360103663
25623.650085968486
25329.503072575506
25449.998860519834
24500.07795818789
23859.708641143
25050.669281150957
23790.02022545167
23815.458682145916
22803.293946461545
23570.803955515807
23364.864990518214
22626.649349564803
22688.76354453376
Score: 9.435793359643148
Runtime: 639ms
336026.353494656
314684.1831384539
277108.8007297224
248183.1071064482
223695.86011169807
214615.40389088608
203190.92415770347
179547.2714929644
161037.7170189651
144551.44566841397
122146.95392487968
115877.65308485384
100221.85110897769
98216.80293947624
84363.01161363971
70849.4405069927
60643.0097994579
57853.72372349292
52205.570182320545
52084.2120771636
52573.63973794617
49388.33999656277
45080.69159826012
43310.09538416482
42245.05116917419
42543.17128697844
42703.369795719635
41439.36094327612
38846.48343037384
38555.95576327479
38760.424855940866
39181.6822705537
38152.951112680144
38199.28977993936
36908.766284083504
36488.059090409464
34868.86957817618
35794.81784750054
34382.26729724955
35500.9633792184
33078.326103698884
32564.466578431777
31226.01451825714
30738.74267006956
29607.342613809615
30470.505476145325
29508.819483925487
28088.91554411426
29699.023181419423
27874.92209132148
26852.11443391094
26950.614214106234
26100.520910951647
26589.317832561388
26517.22261796322
25669.174846577516
24938.846494653913
24971.038254098217
24335.99027384925
24833.897141248523
24907.11612329418
24739.90894078734
24480.7679818169
24071.49159001997
24593.88385947049
24475.13582533805
Score: 9.500445283211373
Runtime: 632ms
336026.353494656
290205.7465660043
275134.8892212084
256428.553279452
217662.78765889784
206912.04013846617
183234.8430602729
150819.45016440074
130346.260939377
116512.62156614733
102610.8086397689
94230.20747756284
87483.97031291563
75343.32134190777
71145.3057474622
66937.67789801571
61587.7667561511
62075.053595288045
52596.739263189345
46413.87664935597
41638.23678760635
40460.44693438878
39040.69237394971
38563.2532085523
37756.315235109025
36459.31715939961
36617.73228944383
37041.74379042689
35358.07920081846
36213.34354378343
36224.125487077865
34000.939971159634
33004.13074943449
31361.893074578893
32177.95757334186
31564.28980206373
31609.540808149162
31808.841016918857
33309.65262076037
33447.33812525069
33073.46183971057
32194.507915303882
32145.046874239022
32840.61079799122
32893.4489999022
33550.24390878614
32492.3815398928
31507.372234470346
32305.54804208869
29122.16036735782
28536.245453268046
28224.06511919965
27929.514542016033
27543.264175428372
27371.646739489774
26850.35275224178
26685.65599910315
25072.645087445624
25112.711644419916
25447.247651339207
25680.180416245857
24564.74248128072
24746.16095328182
24747.19249994756
25703.191246526174
25654.21355369565
Score: 9.633285356009655
Runtime: 653ms
336026.353494656
322151.8694782598
309386.9354397798
294924.806857663
254340.53516007235
221689.0324192475
186719.10168450023
162709.61144207377
137841.34730122003
121824.02580446938
104760.48209202543
96102.66566874074
89040.80680075646
83498.52559912454
78035.85119511277
71232.47827953809
62537.17631547557
56516.62687793341
53780.506901168665
55681.56441628783
55896.674744543256
52210.79244107333
49715.01404291603
47747.07463348952
48899.09722197255
48046.86684686333
48500.31883283344
47970.95319545221
46447.7812080326
46356.943031947776
46927.42867913926
46549.30930570846
46548.46116177136
47328.2877536097
46365.48713452884
43025.332993430726
39599.46339572457
36557.63184689964
34231.066895947
33945.57145162392
32840.61927622914
30254.47113356203
29598.015903135078
29092.976289717943
29427.219833268697
28699.95204765124
27634.53011081939
26905.14698169082
25895.079405714925
25167.716903139157
25276.578145457966
25181.683932016094
25395.429263013695
24512.08139844809
23788.835053351864
24926.48141563826
25717.901072316825
25637.494765409392
24545.434257340785
25402.074038090348
25533.699819200236
23760.2122746411
23308.933415100415
23216.399944745717
24862.776736893244
24768.832903399827
Score: 9.480909301774785
Runtime: 626ms
336026.353494656
315604.56726652954
280895.83131141844
256457.91623021392
237630.95035246166
199586.02015628494
189514.3702779469
163399.96914106313
144250.27807463642
124526.6341018819
110197.19978280854
87805.57856815051
73809.54334931394
63079.38994330443
59681.57984899881
54498.88654326613
54954.07494341998
53416.30543731769
53348.365778271815
52431.68050461953
51913.37266363189
48467.638534890415
45976.47859182052
45176.791816201585
45537.800074052415
43277.162523649466
42468.49167455432
41157.91441924576
40570.20736834852
39003.63136493052
37908.76804125605
37013.030533631376
35749.6865218454
35705.237874553895
34176.12416842055
34767.33641662367
32875.96869445684
32834.47874851802
34545.89867313556
34959.093729870576
35050.01391323824
34503.30264887397
35904.89297728591
35349.465386433876
32584.629537679226
31693.49040414237
31067.35236352193
30649.350279275674
30272.510181047735
28484.820839481952
28489.48990218633
28286.521546294698
28957.162094859927
28901.541074992827
28710.417608276184
27811.45356302395
27842.773559832414
28195.382122372343
27329.81282279403
26469.015074766463
26811.899745286162
26243.047678361032
25122.379707381333
25092.22349116474
25038.473372606368
24147.44629256065
Score: 9.549902577429858
Runtime: 621ms
336026.353494656
307852.3263447776
295671.21803383523
271209.58276068507
252635.0838817269
220146.54166143227
191727.75126882078
170173.156776296
145272.4502830136
122617.20139765345
101803.34577345499
90067.42864948435
84368.63637514785
76940.7151752527
72972.03222686688
68851.70496203906
65532.02018019576
62053.72277054646
56313.27588147883
55000.0306762124
53098.826780555246
50344.6486122991
49643.06799345801
47266.85434874143
43237.16937586816
41992.69367403673
39385.76040426781
38614.48297313557
40072.880225060304
39605.23339371555
36725.777423798034
34178.23160509975
33840.19544287386
32036.667710312773
31869.52532292722
32596.20961266955
32970.68295774669
31478.33489418894
30653.575097315508
30579.924281343123
30185.505576076703
30242.53450287565
29616.03183616322
29018.766123171463
29393.204597870597
29710.03209777481
27766.966938100144
26765.53036521169
26523.939989088656
26850.03449634276
27682.75808580026
28408.129470659922
26506.559778605282
27142.93892371135
25668.399332892997
25514.10824770982
24938.055087701927
24061.05820187416
24905.163492026928
23826.765169528207
25017.575144943152
25152.60357356279
24096.62575678489
24385.366548609756
24820.15513200241
24865.10051739433
Score: 9.635517712164361
Runtime: 660ms
336026.353494656
315538.5658249779
298023.956373769
267112.60193610797
248540.66784793857
218029.8628089416
181662.79176320764
172240.91796981308
158078.86337721098
140238.39474960722
124707.20985897123
112919.26999776701
106526.61370866795
98043.50261998904
91863.96297758543
86189.67278686799
84287.91456588818
71485.70056138275
65905.50695696803
64907.1934814551
60799.49758429073
51560.698492785494
46203.840932053405
46525.88148250878
44395.840964226656
41144.22352640934
39742.00792980949
37196.505532673895
37116.94090028838
37206.90825203086
35653.74788883875
35657.61992755957
34135.95639412805
35006.43545366538
34745.77011530828
35228.85854565319
35380.89707182775
34332.46343895317
34671.89320692901
34746.942232992114
33772.68748023893
32081.12001915938
31883.199568018175
32159.85010974858
33023.92878260544
32361.506137688586
31495.376732768298
29115.531132247736
28807.98583142068
27823.592852122212
27711.032312686544
26984.130788060047
26174.510002298222
26095.420409802973
27394.729749768594
27417.04995059783
26743.20809837963
26164.265047020264
26092.9444574625
26219.101628316945
25561.64222750993
25214.03100191055
25489.385071311408
25361.615604414208
26000.145228561938
26522.193425773126
Score: 9.638186956034021
Runtime: 628ms
