336026.353494656
324510.20033489144
308016.73252414627
286727.2830455986
275510.0153010406
255516.92527745676
243246.14574431523
230908.53412882113
219901.13879940088
207545.56065997013
194150.79242439728
180964.24661990107
172801.95680882141
167969.1633624372
156220.2014861033
148822.18055512774
143556.23684857163
138325.19602595526
134060.926070539
129872.76535834126
124989.7020075945
117376.03585563561
111637.96229624155
110228.41202407927
105779.38375640418
101222.20102321246
98606.66388631873
97384.56780418773
94005.51742485438
91208.98594768652
89439.36726871812
85901.62196093511
82544.3444322079
76392.75466746933
72710.23073136236
69199.84704950725
67339.23845466842
65992.26850198592
63785.77373892947
63025.638924203275
61084.60141775294
60764.91982964761
59494.9788213757
56502.646375797915
56773.62451719399
57691.43731850187
56754.63487204767
55908.01242581757
53652.134855288474
53975.94358859116
53116.22690331601
51619.93065448827
48474.57468571918
46576.91001162453
45365.91392963792
45345.30183938067
43978.31080543173
42340.31219926586
41745.13072134607
39987.70985987674
37428.98197650862
36491.668476437204
35174.7566383312
32757.194514824838
32975.298901747854
32888.334554507426
Score: 9.464274890119581
Runtime: 586ms
336026.353494656
323438.7981621262
309126.04869376944
291764.7871291354
276000.63139916566
258105.22842709953
245144.52214615713
232277.551347305
222840.7155453152
207764.0849447738
193368.55187695762
176390.51256000352
152873.75962683657
126877.60660062742
111412.99023520628
107518.9800395956
106334.11302531791
103332.14162796327
102024.14678532102
101375.63687210501
92281.19931197654
93952.38431523525
85994.9318895718
77495.63355487677
74853.9322406851
75183.34733563117
76572.54959596139
74052.4468037117
77712.48229188172
75436.54208967833
72354.5127110904
70282.21629653499
69280.86715310942
66991.95564010041
62654.648941658124
60648.75548874241
60413.36536208195
59428.24962216969
57876.08514754488
55262.04222303389
53837.78626346265
49534.844659936796
48365.23597531974
47864.85756644031
47188.08482389357
47104.6854821686
44004.19186432944
41908.759780246786
43192.6131249875
41910.23137075649
41323.99557236148
39666.19590149417
39399.537472963864
38801.787181010106
36813.61590737797
35937.03065695598
36499.13481047494
35546.01972321164
34731.99655031742
33759.768444999536
32989.673715472985
33078.38592498798
33597.15687266589
33809.20151475523
32902.411688826534
33563.18926924981
Score: 9.020441640639659
Runtime: 625ms
336026.353494656
326078.85526158666
308051.9402984918
286042.3088285911
272202.8291136169
258984.60759077864
240056.43895737393
216267.42688874295
190629.91394368303
165101.8867355787
129842.51995624547
117340.61740396418
106829.41639127054
105526.58040322231
103004.63951524983
100183.39483009712
94727.0091463571
85933.44749707471
75536.60433064913
68654.63301947419
69682.4445024843
70919.42667829475
69158.53031635443
65096.42930353945
60551.72821610205
57502.48011703592
58032.89454687437
54540.73774384487
51163.625423817495
49997.15629189347
47464.89813920188
44856.99119960703
42842.41264873294
41757.80135359098
40375.308837562065
40756.50232070096
41246.71208798181
39808.8248645869
39839.164181125074
39349.73305800114
38030.21649605906
36484.32814096539
35231.78040764756
35185.43945998572
35389.36038515423
35720.728156657955
33284.84830623452
32667.06287166208
32732.325669635142
32716.377473698092
31711.613218338254
31262.415140977944
29415.851086249313
30336.23271080402
30584.033260452656
29806.88911668131
29919.602524198788
29775.79571653111
29744.74547735732
30316.257363235964
29468.234828465567
28515.560084227378
29384.868298219833
28888.40546092617
29058.24436307316
29391.965427497373
Score: 9.306604362167592
Runtime: 662ms
336026.353494656
322910.7894878802
301661.3037923452
290913.7433317475
268147.0970122413
253578.3957687516
240279.13545765707
230218.58399816364
215835.07607623687
197375.31655981755
176142.3130082817
151241.3249671496
122024.69767906712
109547.94980584443
100664.22016051646
86075.07803204039
77918.8997859623
66898.18855482768
63454.37093770523
58372.51225184412
59324.93297246898
58859.29763247253
53690.2490857579
52221.35969492568
52564.18568831945
50355.68472957284
45148.470829824604
44131.18495201291
42603.8239469088
42772.529281719115
42017.788812222156
41624.7882585584
40986.46016274617
40886.94604561851
40422.64026139501
40703.05278794681
40178.39100854306
40439.89037563743
39963.08033034371
41750.09429123093
42863.66872970781
42734.69809761796
42311.01253706702
42131.911086174376
41905.33036098026
42649.52178016907
42141.015243173206
42509.31474941752
42372.15708165922
42516.13863197605
42710.41750795295
42218.24484321043
38933.96934491614
38320.15828358316
37573.25442268935
36837.54855659524
36706.351878484194
36636.88978548652
36871.84547242234
36335.56833508662
36236.85466582235
35951.900711145274
36036.04167221848
35342.01118921576
34902.0784120015
33907.55122108584
Score: 9.12530116907312
Runtime: 607ms
336026.353494656
325905.58695969667
316715.81194766244
299144.3660906717
278671.429864224
262501.20030829264
241648.2340971987
237066.18560108167
229216.76648787028
217511.8700257712
211772.80107365033
201936.58315959835
182529.54511874184
167150.341118754
149519.3450314035
132151.9647768618
118011.31562550738
116707.40150525243
112530.88800762591
104492.52903899319
97833.82905286198
91692.40259306329
82730.27336648642
80221.15545426382
75456.08692910004
72186.33195196615
71490.991491725
70243.40227582246
68547.4556296336
70641.39195567349
67957.25316625676
66611.81550881911
65770.95092312897
61426.25003384614
59056.03756872205
58805.67175888489
56700.17004113046
57084.138047281034
54798.50851096353
53424.373156754315
50382.94159149765
49335.48137803506
48398.79074011291
48607.462150090265
47636.17172846242
45866.29785047983
43961.62324040664
43617.553079118996
41950.13791655328
40041.074699505494
39215.5714261559
37588.82845363425
36783.570941424805
36880.6414890756
35748.748296424914
34604.65739901957
33853.160972973055
33564.22331010659
33038.85862580043
33461.3796559446
33619.63623554428
33468.70120940094
34383.396472882676
34860.115055993956
34526.436985987435
34758.17376391201
Score: 9.32778890659009
Runtime: 563ms
336026.353494656
325116.6033497756
309579.21057478053
289970.49172381806
264602.3670553262
254684.4179328301
234328.87581943892
221529.64139521896
200257.45076521861
178010.25395579642
147849.42010947733
127156.22430730375
111862.12178179853
102695.71526888447
95192.30902283415
81207.79162555795
79604.43605533427
75761.02181754736
73066.57243497821
71141.8676720751
71052.03362688381
67585.27097216982
62793.3245996224
63239.75570282394
63005.837423357094
61370.415914455865
61034.16497117571
56932.09777066458
53666.582092184115
50965.21690733634
49654.22732217847
49316.6465472833
49611.094626528
48372.85355942461
46749.99807484752
47571.784848935
47765.459416782134
47572.09190532761
44865.970733715716
46932.49428090082
47220.82902270917
48502.37669465874
45163.41450107822
46882.35076899987
45932.51589540474
43308.24913851253
43696.403087596744
41571.61210221747
40805.13308318033
39938.44048421865
39255.69602728742
38173.636310666465
39868.963891190506
40562.686291143655
40233.14250582061
38200.84696035635
38368.05803804861
38116.737462475634
37076.21740314275
36229.82941402586
37363.42745001999
36743.276560548125
36129.14513859912
35403.93126829795
34489.456735197986
34902.06369681688
Score: 8.787357852544297
Runtime: 579ms
336026.353494656
327763.09075711196
309332.9461603792
287996.2978592285
268853.1366107042
255583.5264428993
240686.62895551545
226675.95688997922
211397.1555203073
191171.61834809138
176609.33900790528
164439.46849080813
150588.0597495557
141885.8184998534
134700.14806512863
128693.6527774209
128447.6956624435
127120.40212139674
129164.65909366406
125256.40088343479
123670.38429659013
120845.51343569478
118380.55905056596
113588.11994448202
104910.95236296362
99539.17730717147
93805.11898523328
90597.56873691591
84471.4143132748
80831.75589873071
75427.98791737463
67502.34062840794
61938.534799389345
58735.14756802659
55117.394950326365
57222.38248743507
57029.28608564408
54912.05021260414
52187.55215707048
51417.058161196954
50357.32226012165
51244.04655854846
52595.155440944865
50714.482146528484
49092.50691714049
47343.26586973698
45882.4674463588
44103.923333869614
41785.796333701095
41107.71890785122
40269.07855928235
39572.90334338176
40533.96404790284
39272.186667820344
37907.60826401543
37379.77005931078
36771.14874748199
35743.294695746314
34911.723045288745
32971.849361605215
31381.604744431654
30949.261059210152
29633.589632463736
28103.690929363926
27546.023153227732
27901.45810922092
Score: 9.17246614810433
Runtime: 646ms
336026.353494656
322011.7222592694
305556.84931253985
289665.4963234936
271910.96613626246
252930.92088286058
234989.92073332015
207577.64913787408
191291.15729734872
168376.49181851774
149463.84181706747
121624.93733435169
99137.66086688916
85426.0760157132
75907.86920093079
70482.31400641528
63918.73197399741
59783.91046290049
56393.497585863064
49963.331747326374
48696.80321063122
47940.06681663923
47707.612128348876
50074.8188827722
48745.78005304365
51981.27946812799
52605.23433809971
57948.92504326928
55717.082512841735
53366.3092567809
54175.87191355601
51677.05620730956
51682.07273681379
50631.86220405352
50301.18580084837
46376.208310198475
45027.38868046554
41799.00704169305
41584.264281689255
40133.29547708559
37571.29267902537
35879.10435670504
34562.452243383625
32940.342750036325
32941.86031190219
33399.56331313329
30727.4309602109
31314.30467622711
32538.18605185335
32661.902626993815
33088.44330592322
33870.80929338508
32637.09184780464
32012.010131631578
31436.531232736375
31346.520710552173
31667.471648101262
31170.742993698583
31832.25291040174
30863.445137700503
29103.20794071516
30329.838178006183
29680.807543882776
30258.73356955139
30132.026395229987
29110.408337968816
Score: 9.271326530849716
Runtime: 622ms
336026.353494656
322282.0296854307
307711.96140492434
292174.97409132245
279216.7086402628
263470.9237063652
247079.62747086707
234411.16884147897
227268.96098959725
209702.47725419374
186225.9823549603
155034.791299151
132901.56706572376
107876.47232246345
94953.59955036319
79689.99205366768
75442.50201628041
71073.64534302564
63574.536187565
58207.31923944863
60333.224306314485
60578.80351557796
61830.40770284082
62536.36580413193
58925.153152353625
59283.079186436706
57083.427503917505
57681.066679317875
54807.2486554398
57395.73971945254
59055.31860970743
57264.13738479507
56148.66524180683
54609.44960317077
53041.23897158199
51724.65146523756
49851.20536467274
49423.5620576488
47706.84897735001
45672.195434409194
44944.53187547868
42351.18508492102
42095.285001199976
40972.02265141092
39769.90524632298
39022.00472826896
37508.10132789767
36012.660100653935
37141.1852268594
35138.409937166616
34634.465625742516
33645.97932763176
32885.980084496885
32122.74565161216
31493.036964978997
31478.960916502805
30868.213143325444
31970.040487071332
31031.989775235976
31174.84900446443
30511.926910549886
29446.139902527222
29481.863585981402
28451.325024261758
28207.03624079269
28004.21332807209
Score: 9.4150748053083
Runtime: 587ms
336026.353494656
324769.5231965635
312075.84153383924
299485.9557383968
287242.5217765653
270071.6170227979
262960.63384829287
237240.31028594653
227567.6731066924
216254.45023499738
202892.92867675223
193934.13612501507
184259.210503154
174246.01907958492
164539.95699788711
150304.40706564777
139399.81761431776
131170.17893296102
124221.05700184501
117073.24075412368
116191.30185935221
110417.14113146013
100918.19426668764
98863.14106727319
93823.05127265019
87995.75428621001
80230.34718715645
77165.90745346136
73138.7061745933
66078.90887926985
57426.00247017582
53533.05915540774
51168.26743523673
48924.10956298409
47002.68595852904
44834.89299391476
43770.91973154036
42562.56390276702
43955.168624198304
43236.2550829332
43546.03875423992
42978.46296376694
41212.47016139346
39798.96439987903
38542.44089233291
36913.008304546114
35437.470185528604
34801.784726206904
33973.36916578273
33008.19278682157
32825.25595620735
32233.601502727106
31891.123793929575
31674.661433247853
30901.650404595825
31377.361768424234
31064.65063270367
30530.901119336133
30649.39812996143
30712.833908343007
30114.69087632394
29400.40201008732
30139.523124672043
30013.58746055408
29715.84302323413
28697.227390411197
Score: 9.204960480761626
Runtime: 598ms
336026.353494656
324915.2896956532
311124.4475769494
277559.66842906026
262955.2337043212
249028.63812050602
239693.8916342457
225569.65536721103
205376.24415173844
190170.7297663784
162993.20356797843
149541.40736508867
134039.04319626707
125952.17095584876
117519.88171465907
111431.91168603678
102884.94406479152
96692.10198143264
93677.15509012039
89151.36438810208
82003.80033827666
79659.81975466937
79350.0722464263
77439.63855377652
75984.01425232443
71297.28452109429
67932.92500250941
63746.8535062845
62123.652192940324
60672.415563636416
60938.058230637165
60146.75281451814
57239.561864943265
57808.23202106057
57678.73094646076
57973.12739858583
57652.09117769928
58254.25101565942
58847.064885726846
59172.52097783063
58783.5180545925
58186.84865728105
56381.29083280616
56405.28269728437
54017.780213924205
53878.9333189597
52137.13519311969
50016.1153433764
49053.977299761835
48012.843753722984
47554.81252407806
45701.23025341812
44358.58508289048
43747.84672212559
42923.549440536015
42545.89956755773
42040.176485728414
40258.58633148317
38252.52260630432
37787.90103235062
38760.02676505776
37690.67265923101
36130.62890613102
36064.61179261607
35599.872095901825
35772.310706728626
Score: 9.439369785873211
Runtime: 652ms
336026.353494656
322399.87520351337
308455.2985307304
288603.7349304385
274227.03155577235
263793.37970055145
249772.32596234375
229547.71356113857
202696.26414977346
182298.58790208935
153811.0579477363
134039.98961088678
120455.11658976121
119108.38184508293
108197.52353465873
112427.44517000226
108122.62482621935
110707.57014460964
102746.78649374345
94183.48763613484
89101.87750042445
90403.92767085375
87895.00230566357
87984.86168589442
84876.81046949692
83807.72564188948
83341.81159942754
81095.43108896786
79425.00646745334
76189.20548094052
73915.73153577831
70545.67182725162
70299.51253546952
66131.71231942884
63930.10774103015
61614.938309896985
58544.44905913553
56453.215805923144
55116.95298460951
53157.491747175656
52755.747816540745
52095.158856558635
50404.14984015136
47861.50818648321
46506.97827297739
43041.3307923159
41992.7440078567
42652.47365950977
40607.615510685326
39400.112737060444
38679.47050394266
38951.65374160692
37264.15569762146
36146.281086476534
35113.60644905813
34878.94431633929
33598.0048915356
34080.97426921876
33894.776725919925
34553.59798677051
34714.51880186448
33699.68425064231
33104.61623901988
32211.64008586125
32723.243037536926
32262.661157414335
Score: 9.28812641418996
Runtime: 614ms
336026.353494656
327094.5870552052
304580.25559624535
287910.3979611237
272663.3180721842
252320.0553927465
242475.33300864397
222233.05648343003
197774.67830406484
173738.44910231675
159179.81123243252
140477.9418312104
119608.40742425382
111109.07186511112
104328.17452770035
101326.67947618056
99687.61664238604
95349.43477982114
96284.65478052812
96314.03760349902
96609.91107190959
94117.56427799024
89314.86379013902
85541.14886938919
79202.84049991968
73496.41798545899
72004.59366064741
68953.04892630164
63232.171054068545
64108.61803213161
61288.41049082146
58918.911843074624
58485.31604664139
57874.924083361075
58096.95384091867
59478.12527872501
59875.12190676542
58608.82544218573
57445.87502054398
56978.95646536132
53839.0022906525
52178.32546389499
51810.53216669568
50794.73348390365
49340.143728894356
47589.899014618786
45978.97659630375
44122.350835253885
43311.22291703296
43754.98824368064
44142.022146080664
43618.35864114984
42884.85512125106
42555.142051952214
41313.70905585906
40885.62753112588
40320.297755179454
39951.36897640636
38729.29726778349
37878.5074614266
37096.325263209954
36466.31857462878
37203.134355576905
36425.35473585997
36003.38109149851
35825.86785180402
Score: 9.139976503900321
Runtime: 560ms
336026.353494656
326713.96502318414
306642.8044903261
290726.27567001333
267147.1553023755
248932.26014727858
233688.9157740081
211409.93444673007
195889.74533411424
186214.7556038506
167171.36252626975
153969.36624906733
129627.41715708653
109841.75480172934
99997.80259604272
82710.4793470231
82740.3681740775
75996.20709951386
63868.77348884523
58297.37515838519
58855.148700530845
55477.61135679376
53024.17727812103
54199.406037592256
51460.705295562555
51376.60901731535
49955.347593526574
48990.959307286044
46266.430617306236
44309.1340200932
43924.13344902456
44885.92108456065
46244.50479649881
44324.882032079855
42308.925117319806
42162.931566493404
42024.86033146138
40833.91258381485
39664.37039013875
38960.997884869765
39575.31986023449
39195.06981453658
38717.54418741222
39077.94676960827
37385.86933128791
37623.347504636906
37198.87408051177
36250.269624106775
36296.38786424317
36804.14778416281
35743.999165535985
34626.13032454196
33816.285924470154
33277.55413237639
33198.17663967296
32739.090301245033
31535.149222160297
30745.097590663925
29972.825407078413
30818.161837053616
29849.907149728748
30162.812267135807
30483.20550801235
29384.141097243915
29150.554727796236
29880.655863587373
Score: 9.087141118613696
Runtime: 603ms
336026.353494656
323115.5807522268
310989.8294725855
298229.3568668075
283718.16844177595
268968.02487504605
257719.27461140518
242066.56631739697
226953.84292573275
213312.51985205017
195984.48107784783
175938.65915039147
166688.60590172536
158063.15165636776
151807.87994472377
142031.53771400402
135425.50464508295
127107.82594416151
121681.73801470471
119804.69217163164
113733.8106835246
102607.94130936994
102712.70838257579
100074.19413149048
92464.2670207249
87408.3638345906
86638.64909985005
84288.0855563493
81460.14139222716
77019.7650358809
70617.5325525762
68087.4390021283
63926.17870191902
57026.86352664703
55206.9547712021
54994.01580126274
51392.59766219417
48738.26040788162
45895.68477886156
45308.40664557177
42346.164272615664
42800.224354744016
42043.57815882776
41386.158348674915
40712.7708738338
38724.70310803792
37601.99802473647
36645.784168939594
37594.913541935806
36567.23753867342
36537.97207261203
35492.0597348288
35734.115559826096
35559.790399872036
34727.15258937481
33932.44367394439
33088.62823067106
32599.62127014733
32535.721621191915
33036.65762775667
32108.525040031756
31984.650566167016
31082.93969583408
30605.089048545757
30419.511066709958
29539.57375233072
Score: 9.31788395621383
Runtime: 645ms
336026.353494656
325309.7500159218
307513.9597954648
294104.25626838586
277414.4564963284
262345.7364739862
253363.65956243192
242859.72052820568
215057.9099272313
206967.3096200265
186025.47750432554
159424.0288397796
150041.45034308056
133331.24074205046
122519.52394358591
120179.43462921708
115877.54606657689
107996.15914255021
103716.71299055335
100876.85727285381
95849.67017019675
91896.3444639754
90836.31212122308
86667.34109708927
85633.00335962418
83433.48776923543
78858.73985481272
76050.49538794554
72735.69210862572
68600.79148457843
64371.798863815355
60137.272953423344
59126.1823331088
59442.30224164168
57138.44872704504
56229.231225887044
52974.12632115504
51280.479846226044
46607.18594934052
43079.45154463087
41798.406364518094
40914.98854000746
39409.12986845253
39628.66834993861
39996.79501577562
40518.92836329579
40106.10754180236
39177.94319139944
40736.936722937935
39287.68191300263
39813.60962207744
39175.210743121475
38239.29797665122
37724.5130028828
36733.68225036969
36904.760429712616
38163.799867839516
37827.40353438216
39111.4010466453
38367.89758977627
36977.82033004451
36161.55588071662
35651.52245005597
36176.28192208108
35864.769480340365
35350.05353337184
Score: 9.02237263976949
Runtime: 599ms
336026.353494656
325757.4597284135
310810.291509514
285777.51659984613
264891.70804203604
251363.95241963412
239780.25795566512
223920.34586004636
207333.27951317723
196256.9383181476
182499.7281217558
169328.65880704945
158681.59599569166
142503.61447155173
126294.0143913813
118960.7286080022
111704.40450406073
107098.36263878932
105275.99573544793
104188.7795680863
106824.3007286963
106647.28933181758
103450.28771610097
100671.88155036692
96930.53122191857
96226.27609883161
89761.24292462372
85146.51589925951
82030.48085429742
77802.22253932542
75624.42982989713
73449.03337971421
72439.55608139046
69783.45065343624
66424.88542226875
66158.193173087
61901.10759853293
59013.422775046696
58649.04366625885
56727.54658993979
56347.04265377773
54670.64305964645
54645.833561609994
55366.01448117786
54720.97205409969
53394.76326980444
51443.085680727665
50129.65513347639
49575.184390216986
48706.839091750466
46445.13424508883
46022.8303011622
42344.05121774031
39448.849011041944
37013.99059935696
35025.286097777076
35448.29123191319
34044.38611717981
34650.006981503255
31542.09214796528
30974.823839602785
30656.68041631837
30455.189011027334
31841.194450485666
31909.340329724324
31758.62609942588
Score: 9.272732033593272
Runtime: 578ms
336026.353494656
324912.4878771386
309682.99300474726
291020.39508221135
266413.6930523459
245543.95889482714
242173.81224231044
233459.43990652615
219183.24889937084
207452.63924641337
191507.01117701124
180909.66393533527
162591.3114882972
150857.64411508857
147158.28264834694
138798.86909252673
132349.19011925647
125865.11575249086
119235.34847727239
110669.1268934094
105990.33335534074
98562.42392381487
98494.6911673658
94027.87078584942
85036.60216464683
79358.74092047347
78366.35650772584
77982.61467399274
74301.54401048916
71929.49416703539
68560.63267920559
64950.30770948175
61059.032402940284
59668.19970819049
55940.51013453754
53499.06098755396
53378.28512550332
53391.36698659236
52465.95443568635
52144.1512160294
51916.226653669284
50533.19983718521
48972.27347283773
48922.44330039748
48023.77407723109
46267.14328156537
46177.28971863825
47000.63540789448
47680.883344994036
47859.854791460886
46380.09422412446
45806.650644862086
44702.337791898295
44246.49329754453
44223.01442704234
43690.94503027706
44451.614704410495
43493.952128746336
40881.25111041405
39930.883806093625
39138.31583799282
38507.67404058128
37619.70243240999
37477.01323599866
37985.7476060929
38414.08201343065
Score: 9.401955248437714
Runtime: 611ms
336026.353494656
327586.45762093225
313436.77999097254
293369.4038103642
273220.5636723989
263611.92296614463
250810.79390503658
243678.66078391252
224713.470665749
205681.85502462208
186722.87897060782
167048.88354507694
149162.56734498366
133877.6231429887
120231.51966419989
112452.61823053016
102071.51442332717
90775.89911192715
93294.4137487029
86170.46969526052
78285.87042234288
74625.07982910909
72959.3950736927
72363.96178853302
71686.99834051683
70612.16011085235
70269.28624587011
68846.72329425943
67199.64600343429
66097.48571749282
63087.76396329393
61541.396021076966
59038.94187067314
56847.985453071335
54766.82377418032
52650.2554785696
48754.83843855658
46543.05885413054
44781.288601961554
44167.06706637507
42928.277066194874
42224.28166196365
40781.13654937448
40479.660925863056
39785.80979431614
39133.49896401106
37198.851051314734
38009.19897342922
38820.71782463278
38996.8051616925
38591.16239330456
38080.39710239219
38643.78053636822
37176.75350758448
36024.55040780652
35674.701401341634
34547.508971602736
34125.169641844215
33786.38184595703
34191.74522364087
33659.62700235755
32604.532285761434
32562.05831424978
31478.025827235437
31742.170841790914
30959.727415672183
Score: 9.144774979852304
Runtime: 639ms
336026.353494656
324520.98203755106
303445.34139353596
285681.9719222395
272282.2797465086
260405.3259624966
248438.04387753154
227083.99672953523
207876.79330059604
177584.46923630047
139588.7350042133
105833.26538497121
85329.92698219385
70200.21893662108
65747.46117588
57513.41157046204
52046.37871982693
51297.85819914855
52089.35348164503
48832.5848536286
50438.49030510892
48924.033980756314
48692.826688656496
49015.828050006356
49384.15891778995
49141.12368367273
48729.93272732243
47258.60913779317
47797.18605302447
49160.88992587049
50044.4980226126
50514.73636689673
50322.427896822344
50112.197580168155
50430.85756958537
48905.73147655488
47809.471204027934
45874.79786090917
45569.128942513045
45535.04860203351
43697.0568795184
43593.768440519656
40498.81422957402
38156.6757812052
38539.93824620369
37142.9779587461
37852.51222067917
36507.71790863928
36666.59475154871
38159.59523873253
36362.64667153339
37214.00638733099
35476.245255250666
34899.47723568771
34624.36185652768
34644.39493199622
33701.6244787442
33873.19179354755
31676.986994244922
31585.432171054614
30433.098986007684
30153.783187946283
29566.39731704963
29046.729361219728
28498.69572967523
28070.399046908053
Score: 9.515040590370406
Runtime: 587ms
336026.353494656
326475.1166456938
308805.22598318604
290797.36999661935
271424.9614983903
259431.71084285286
245770.16760671235
234986.66010529813
233341.41086962647
219085.7850025677
200142.70531773512
180204.49813424097
166435.87118591176
160203.55083318523
152777.12976463363
155080.45533623212
150495.94448379352
146983.11635655048
140968.55518654388
130994.23797413161
120727.61412708636
113333.94905191583
109049.03129331741
91905.86306356463
89250.81902453261
83858.13732208652
81672.87255271517
78258.26841606191
77806.24440461521
73554.16087697366
73481.25410094338
73532.2903415496
74584.19481307064
72823.53813187961
68999.25165924414
65669.94446684176
62606.224264190925
59029.32069776382
59028.74835936069
57571.9677260918
55378.24443356783
52656.53258046754
50549.45621177702
49537.48316109689
48895.00359966685
46810.428791043225
46659.59769875516
43756.81270763225
43411.813560547394
42660.34048173357
40651.2362116984
39734.591217823705
39247.58972095195
37942.201603661844
37248.92755886829
35873.93186914679
34730.87750289765
34264.892690420806
34495.10477910766
34680.93095320734
34500.34366054497
33463.00786092047
32532.732338240345
32430.92647491473
32078.028257965372
32111.021298420732
Score: 8.852717555835456
Runtime: 631ms
336026.353494656
325648.88886240934
308431.6905378112
286706.9371747122
269185.8930838478
252934.97135643745
239074.78889576494
224530.99206767735
211450.04253855988
197901.4912204082
184701.86485854955
169875.1312557442
158222.2274234283
141030.15946786315
136265.01742482805
126825.57589893266
119862.22525210913
108366.93727822219
104872.37845228927
101010.79526931977
97735.04572596899
96007.31989254223
87944.23892169696
88325.31242856354
89233.08697809977
90744.8667187549
90729.61714947932
87120.36075719289
83175.72254726996
83953.46745369096
79650.77478191258
81855.8293156581
82484.62431048809
77208.29461165618
73503.68008346467
73143.51879540559
69609.89730856982
63231.360227201774
63971.77888210504
60157.52174612229
56661.32928032337
56986.80961955692
53482.63298802427
50655.46277102425
48305.78657787277
46534.15764120146
45190.366319171066
43772.27250867129
43754.43246589533
41861.74959066341
41395.59233969276
41535.212722138574
40613.382630295484
39784.85795019014
39072.579371664564
38167.44225487994
37645.86444175251
38614.91084616437
37333.18128294982
36347.780656704614
35526.11490998024
33985.66944735123
35011.72157373574
34350.540256637134
32659.023893681835
32097.762120998683
Score: 9.08701682473606
Runtime: 623ms
336026.353494656
325470.8178219527
306662.2630383734
291131.57522608014
277057.21822551347
261745.50890174598
239304.7837560067
221890.17594480378
195878.77689486972
171278.67551483342
142321.04339858887
131186.99012549568
117030.97659233936
102250.44237623693
86482.75770615622
85712.36427307723
82220.74349571174
78105.64809472767
69674.51239601802
74026.00223897614
72403.68767701347
69423.82486683327
70278.80772092589
68447.32428511517
65240.87625874821
64464.278641893216
64703.97673280246
59404.10467561276
58439.102989596824
55353.1404315936
55317.82327400903
52031.228615030486
48619.00127036043
49318.6226441986
49295.91544052147
48805.274308320615
50554.95030141168
49846.02027224219
48983.881792926935
47891.95733053992
48275.898320012995
47689.71628464024
47875.22802443588
49197.25691855288
47927.59065229761
47110.45422290094
47616.778673691995
47068.081809004245
46877.49045809426
46409.134401508694
45911.762483360806
43989.714290626216
42676.25791230992
41403.125863523135
39976.93728265956
38125.40080032477
36763.491676032754
36913.58879100128
34873.62036851272
34281.77790780398
34281.13064998685
34366.0895760686
33611.83524027829
33297.46657902489
32459.12256496258
31738.590426346855
Score: 9.073296517879951
Runtime: 698ms
336026.353494656
325656.74345011945
306056.94407362083
284349.2996116619
272942.90597694507
256698.20518886612
240102.19315682436
222217.31058879467
200935.24001203355
175772.5508037926
154756.2320213393
141737.96359486025
134302.26720558573
121902.64234837351
109418.7657055203
105358.86667448193
99677.07855486749
96047.6479145656
90209.40765051183
84423.7662357645
83934.87519098223
80232.01547411064
74937.14213471368
73235.87973559332
70413.8172764297
68750.4953727667
71212.88128437793
73512.37390748347
68833.93895929657
66985.38307191413
63828.85954002922
58997.317977510764
57166.80387991724
55903.32742727503
52177.47974215234
49882.748203697905
47059.07834073558
45616.402277387264
44704.644306741466
44159.6296667076
43924.221582679274
41653.375264232454
41091.78810995226
38573.52490776501
37648.62953021213
38022.84252807204
37126.7135275097
36273.202655538975
36408.66073589256
35467.26807672944
35130.8962405291
35561.93038287554
35175.18357817085
34645.643609958446
34431.13317522863
33175.82306975176
32508.08591123796
32024.010186957887
33632.45288994582
32649.766517567714
32714.60675084937
32782.657107487954
32582.838663978826
33216.41319957418
33454.93269572343
32518.473033613274
Score: 9.55754853676125
Runtime: 623ms
336026.353494656
325405.20351492485
307466.600940953
292454.311280146
270313.4321665158
259617.21540181336
251474.15068781684
233461.82963065815
219055.17161735703
203122.2240033657
181922.65510398243
172884.59218516288
161670.19531243885
148490.20490546286
138817.4036482112
121839.98394439777
107556.03826982401
100721.5674882183
90938.83150013484
86774.59904578004
84625.61285074751
76960.28596660327
69642.65505877303
72660.89451898304
68808.55735921738
71023.62795135748
66144.67726804817
62072.42951922243
55755.781074060294
56245.100358955446
53792.90878689985
53485.463368653494
52238.60557685288
53411.13576991634
52562.15548827073
52653.26272942311
52297.45699906417
49452.37673787533
49147.02894318006
49145.90393454767
47806.42676912
45892.53028546648
44666.281306499026
43634.34013811417
44446.67915497377
42550.084729275375
42506.91765439075
41429.281395330545
41253.46669581262
40948.41940111235
40747.02020226586
41211.39790547118
40630.92790338468
40634.23796167901
39202.3431529967
38708.52768119785
38134.39769090986
36413.31046888528
35829.51871462906
35215.05191158621
35362.082967244205
34944.58431114806
34835.114626532246
33577.29765059638
34221.98143059394
34476.934537860994
Score: 8.696464358818506
Runtime: 605ms
336026.353494656
321172.9843362953
309861.0091182119
295238.05199935316
277136.63571005536
258109.29340975953
243791.61876645868
225984.86562679705
208695.22160047287
189293.51790394014
177763.12671453741
173269.77913670175
162661.00117240392
151821.31299549757
125267.41103758871
107898.56877209466
91518.82940727189
89718.34292060358
85538.4545825581
85759.13667573596
87235.9211265441
89601.85703139924
85286.89846345581
84854.4565605631
81191.49942579858
80277.87684862256
79219.68423448915
77759.4564806268
75312.89094148947
71613.4043736537
65576.88000079698
64144.55701584364
61237.27539451002
59264.447587257986
58251.82193140024
52957.65849736729
47804.38343205868
47338.05229241536
42812.037782280015
39195.73515440937
38264.365899400334
37837.18904974022
36680.482666418706
35234.09899054658
35015.24555042465
34178.46827941895
33261.017638951955
31440.85942591159
32845.4213549843
32943.56756106989
31796.357103328162
32997.76521054996
33882.42040974289
33770.934123475105
32900.18159245532
32370.928264510072
33464.88850857482
32981.68924363862
32824.66044585695
32202.271010875655
31908.598476089348
32685.61417604944
32541.415487616767
32245.794356435497
31985.173894949774
31494.91861744803
Score: 9.00801448252794
Runtime: 611ms
336026.353494656
325323.24750199256
308786.8955724182
287828.7919913566
265730.0928909739
253528.2470990201
241063.87503916118
224785.77788325615
211590.79774284005
194962.15772191068
181113.14560635586
163303.5902081047
148952.10327392007
142424.17136634182
125874.7832896215
127906.44649076233
118376.97450524733
114736.54974040911
109546.17247065181
100161.31104215319
85852.77565020481
83564.2555675461
91490.74930624959
91922.03091891245
91645.52696913015
89978.43941861828
87876.87789337015
85485.44374944441
83217.17933064267
80332.80584361931
73750.54100087738
70042.36726278698
63796.875227299235
57469.867939805954
47800.968012470825
41793.43123978244
42281.07889137217
40133.40169799402
39519.62329853184
40270.4252263414
37614.70595870227
36036.65370823475
37604.5674569502
37320.88651823622
36658.523374661
35631.04515968216
34140.748169239654
34352.177736514066
33575.403642479
33000.41021100762
31742.821642410872
31566.0287994803
30551.407821517925
30162.862347162754
31252.871738865564
30119.12909274061
29377.880806520316
29483.390936860666
30330.063266677393
28992.997896795667
29578.81094575256
29983.823859603235
30270.004519154165
29913.33789190504
28741.540894176054
28523.619905733998
Score: 9.016470699081845
Runtime: 655ms
336026.353494656
327415.5191125165
310197.41486993537
285184.08469506766
268146.0912024989
256271.0001637671
244214.71215084317
224685.4769874146
200038.81560493962
172018.26952388167
147182.967861766
135512.47520942157
118801.5750005954
107519.32166612017
107604.83224147203
101049.38478617845
97088.74717996462
94375.76969333351
87279.16353348557
81553.01436277851
77424.09499538032
73806.79832145537
73363.6712243816
70929.20189584827
69255.94707319184
67221.20797030376
64288.97224285188
62193.17608980495
64070.19297049557
62127.166199668914
60721.61770885166
59476.6476154942
57582.06720374469
55804.730926408374
55649.56481919649
54230.799582643245
52781.717896698574
50581.90517863799
48807.91940429028
46554.15071673731
45479.72363749038
43831.064330157686
41422.77852591421
41533.74419964498
40122.59153272213
39999.29992842155
38841.162688842625
37254.24444462608
35429.49379431565
34762.26324419194
35237.183970791564
35735.775273272906
35925.00586417314
36308.87634937524
35758.49608523211
34621.321541791884
32963.39439602524
32572.862450239252
32255.48804331102
32374.676489913443
31256.016475985045
31213.5622236032
29535.468595689963
30089.22178473911
30498.0204732123
30619.526756804597
Score: 9.459973617190327
Runtime: 627ms
336026.353494656
319675.69890269573
307851.59288108663
288004.3384113073
279303.17028144933
255986.75966407105
237486.930123542
219699.6390682152
190469.4604068603
164593.95369695668
140222.53124272855
105369.61466603044
83001.29279252564
72069.8862972385
71107.7050669031
63862.07489668051
51990.82956597552
52437.420885800326
52808.639725578396
52349.985528013625
50721.96450859463
49805.19430621182
49489.10896012225
49173.210140878364
51529.51010261384
53283.2977228363
52604.10626982944
51681.158265487764
51851.16129085397
51397.6580153369
50676.59292552485
49232.97413679399
49234.68572857122
48014.053413914495
46254.51836104025
46679.356023806235
46248.4113451167
44946.54646137783
44270.824176185415
43392.02762444972
41121.51147222377
41115.216312020915
40171.7436582138
40649.29943229921
38113.67190016749
38515.57451522357
37745.431414137965
37899.90515093443
37160.94389150717
37345.08955441509
36291.63953481764
34359.080815854264
34077.50918554539
33888.31344292691
34316.05014180819
34429.159787371435
33595.75418228237
33434.85287340443
33230.7432364746
32108.82436566077
31593.692360422272
32178.568394156846
32586.40956461899
32072.00548382836
31985.454676432997
32126.262599483736
Score: 8.825203539150309
Runtime: 565ms
336026.353494656
325242.9368363433
309502.49223329866
298632.27955937985
281808.4393284254
270683.7647676319
249666.1988657314
235075.63995075578
220648.9519906836
204205.96473237124
200137.97282400815
188680.80382747148
176002.73608403877
163972.8094592116
153473.05454510637
143548.20483504722
134864.6641200484
133970.3050703879
127928.34134704777
128418.2734592448
125822.49040019495
122744.78593888435
120030.0690311475
118474.55923409494
111272.67765936359
104996.17873278784
96272.97960636506
88660.16575485418
82359.72363141095
79985.56857785297
75516.96386909643
73461.29518890101
68018.10541123341
64109.527543013246
63308.14748645587
61941.406999796694
58395.77577704764
55306.63365752432
54058.40803535941
48850.11281643065
47205.20371235391
43716.44355807831
42455.59105536375
39077.843094273005
36734.13888470789
35093.4492762306
36098.470307662974
34636.17906003026
33326.19109092483
32301.761979572933
31951.028409155562
31804.54599529174
31862.107011167907
31560.609669085603
30754.216718042782
28906.2230443763
28301.38203618495
28994.94567845585
29570.868510598364
29449.931262386384
30370.15523056496
29157.820716264276
28538.39676659928
28663.053933900977
27603.52549164093
26549.688447798184
Score: 9.724295299688922
Runtime: 556ms
