336026.353494656
315507.4281590659
292804.10763742175
281106.1816952934
262466.67630198644
245065.5665356773
226316.08319391773
209640.74904218508
198673.64367546843
183788.6620259409
171266.37649292822
159258.93839925053
156117.26455071973
147412.4426461171
137741.5779548605
133729.07785366505
122139.06883275055
116608.50178393433
109540.9922690021
107468.19877660365
104430.47669240911
98677.31867781797
94088.30397515312
88807.90188888232
88395.26028576949
89451.5816771356
83199.15801699717
76487.35450168097
73991.69254830628
69614.4098216469
66324.71303228244
64838.96716598924
63007.036865942624
58987.744717098794
56316.95194646515
53837.92094294857
55296.91406840441
54243.298791401765
52439.44667434391
50137.28083629281
47567.6953951334
45799.094949945196
46183.6068172118
44729.645159641164
46148.59963677944
44767.02030751753
44578.64423836066
43427.480918150104
42362.967577834424
41922.98378192049
41604.30161542823
42031.50138484122
41633.18115776789
39529.480580222524
39424.88307476357
38218.252154242095
38616.74188323484
38689.88333329081
37798.8490833886
36448.058922139964
35297.54887923083
34836.65600386626
35800.99824410913
35038.226588016565
33465.796489941866
34188.773945260196
Score: 9.076050442288919
Runtime: 649ms
336026.353494656
316975.97670412215
294505.45488929603
272571.2097700833
252740.384831751
241565.9580342503
225414.01494206718
212282.93018603956
203192.66856127957
186205.65961828656
174313.50351183588
159750.66747758395
154081.47697407796
143530.20752868996
137344.11107458995
126531.31051390998
116250.00928104717
112291.74428282594
107035.73559223952
100033.69413205427
91412.09581029699
89638.6965528801
84528.04739932301
81689.12419387375
76897.99057967938
73099.07534348471
69893.5748990167
67253.58743114538
64796.109942904455
62419.30215681876
61786.19977889146
59378.22982382416
57252.7979091414
56961.32444738538
56130.06955527913
54187.014897776644
53075.40706407969
49494.62986160121
48979.486094515654
48210.98078550119
43485.31263808934
42952.33108912086
43453.991227161416
41967.67091635221
42976.27557407674
42132.077865958185
40164.54577140117
39892.99127880171
38402.2211995151
37126.377793679516
34270.58909131394
33157.0167192048
34694.91687617813
34471.81928075508
33459.53846672461
33707.96129896911
34641.23859698504
34001.42454314661
32670.939722305437
32265.17368908985
32022.397993205024
31610.012718525304
31370.47305290157
30752.15447676407
29569.781488096254
29631.851667796614
Score: 9.417121470804213
Runtime: 635ms
336026.353494656
314313.37707588344
297021.2570561229
285128.6753403362
266165.6401409713
249580.70109829228
233321.89845962514
222120.55458515068
205708.71086450884
192155.38269664042
177882.84356175986
162554.42205157402
150406.89509128022
142047.72288695257
138379.26652427134
129629.19201653327
124002.5251410081
113019.21175940149
105083.30095839243
99556.6950189075
95518.24720291074
88219.97491875407
84227.17624972694
81086.14221018867
75965.44741958924
71674.97661269306
69579.74994177929
66785.80820706698
66140.43756465087
63234.66177061586
63840.378727309355
59205.50837035662
54180.48523397405
53642.11863624548
54699.111076308945
53282.47664135032
51848.234160047665
51802.46006844287
53997.322033871074
51601.143590018095
51232.21103738387
48950.23837940375
49871.32769212911
50812.67773462227
48900.899338013696
45631.86388444676
44844.06203022745
44496.52699657908
41524.0042179711
39438.64838167948
38899.51324480941
36878.178179669885
35777.39975574911
34562.937270123126
34123.92104163795
34914.335508913995
32470.0832385078
30871.476330882906
31069.778981854244
30168.286520180114
30594.062879834335
30457.662062694922
30262.140870726682
30817.214071268496
30142.66611564374
29937.14850503462
Score: 9.142515377188237
Runtime: 588ms
336026.353494656
318375.94786939415
296963.8366695534
284874.61924363946
266850.61940848513
256072.91736479054
240727.97293897026
220197.66283829536
203365.484503113
189137.2297631982
176292.3002753826
169006.73776002045
162419.1627203722
157377.17286706093
148833.52170415304
145889.99091515652
140401.75225597483
137461.39379902548
127773.36029251125
122749.18055730207
117789.62777153931
111095.81302605149
107081.43477259268
104533.49372595845
100057.77748494165
93686.3354821228
90589.54639989024
90210.50510257536
88312.63904204208
84852.36459940053
78614.5456146791
76283.67173357029
74632.00591978195
71659.1733992674
68884.0707515781
67383.7917038984
65545.6027223039
63764.57191263303
60690.41722249791
56994.30865547122
55563.7215876568
55783.01208186825
55965.34851939841
53878.13829665978
52489.19085388928
49025.04359664047
48027.13773155582
46342.280607681205
44318.369530389085
45392.188289710946
43655.53203767809
43321.46400019527
42839.45471150633
42702.945277610495
40856.45823875439
40568.70538367629
39797.8733934489
39455.70532688466
37691.01270032069
37456.33423828313
37026.18805209383
36735.4915735768
37377.78446783542
36123.116783990765
35865.6549229689
35940.79452922941
Score: 9.396056737371435
Runtime: 636ms
336026.353494656
321659.0722197968
292718.7767470711
274039.5451255503
259123.8344094054
247839.0186974808
219604.61036239195
202653.31669028525
188737.65626323296
179488.88741318017
171044.69831395292
158065.50301165448
148911.4280119166
140005.40989090977
128176.39476605562
127495.7075379898
117425.75200493612
112800.2317232948
106091.78922356229
104110.94361097203
103651.61913513798
98548.60780265463
93566.42325018335
89052.72797397361
86237.92581781474
83729.25417262067
78726.47645251863
77415.63041025228
75629.3311807415
71552.5138708955
69062.4064045725
66654.27416613193
61504.74442474206
60299.030212489386
58688.852709018705
55957.6882593363
53473.09189523039
51952.74555035486
48138.91556504545
48440.162934049775
47835.52944637144
47831.07916172747
47348.77489533287
46262.44827249014
45800.58346942551
46351.52414941276
44490.95444617394
41340.56908560007
41829.129731123416
41762.4255492841
40075.856580324464
38607.458142689786
38142.858238461435
39267.09571105027
39571.1021176519
39395.20605561268
37313.87152422705
34660.25591306857
35589.82678883172
35709.35969570232
32015.383977954065
32236.53546690736
32000.336202913182
32547.345154766477
32319.71007138471
33306.8180775566
Score: 9.443241407765711
Runtime: 631ms
336026.353494656
319056.17882197374
300809.49593641283
285218.173467041
268569.37030799815
243374.58927505199
231368.57572708026
216425.92878090334
206897.45280470452
196793.8912977833
185846.8933175307
174008.165939455
167066.49605850514
160699.12618347513
147097.21231374802
140434.16167530738
137183.83942776843
129426.51768981172
118829.6879573442
115354.3652332176
109332.64746577898
102695.49348543571
97609.60497467202
94554.67271970237
92805.85937234969
89526.80839931809
86055.22720635566
85442.62259552164
75785.48969337398
72444.38259782495
68462.07624192457
66198.95334580046
64568.45029255653
62332.971092504085
61294.77194121591
59550.44054264424
56307.75883246952
55536.29183772131
51649.55191967024
50036.4218500511
46526.57417846371
47648.76518550806
48850.4297714738
47701.898284223906
46329.70525156648
44260.638741477866
42962.6616514277
41804.18987095908
42083.74859446805
39975.083459247115
39256.66844194797
38567.19569082017
38368.825754391306
37039.95634176985
34780.483944510765
34325.08378014122
32282.540028422318
32284.252172202418
31507.822437713683
32279.71679242933
33504.892526735806
32547.412781843206
31818.72618893086
31493.08006130186
31939.47135458644
31420.761012846735
Score: 9.73487695978905
Runtime: 656ms
336026.353494656
317137.75047018786
295783.2152829208
278449.081255777
269827.20597136195
252312.40081781885
234804.51292471797
222838.93337789568
209052.928715116
195420.61367687111
183608.80036655505
175951.93552268262
168167.53618156537
154276.1735744411
145610.40883885018
142519.5257600557
131223.42858970948
127200.03013518144
120092.65124214247
114807.44123042698
110501.54106332378
108270.7595687278
105519.80145022846
100314.56763966625
94422.20350951406
90797.28826180726
88749.34957368787
84740.36474214891
84086.79618332443
78469.4810129962
78340.78481027298
75617.59289924415
72743.29012155857
67728.32649040001
63848.40644048149
61143.957197864154
58060.93187547093
58383.576086512905
57310.20028770814
56713.959782101294
54676.2593220129
52937.44813702161
51869.79260665176
49417.61777905405
49359.06512555572
46875.56074709408
47407.64865632353
45893.768188236056
45300.50190835641
45395.358964604326
43427.78664121115
42254.046751773705
39116.199322300716
38188.49976277909
37144.64179928012
36982.600376454895
37553.18802623418
37342.095307313495
34662.55937661057
34696.97078506438
34121.91980069329
32591.07403749973
34344.69443962017
34197.032299784245
34788.81977574734
33998.72802980998
Score: 9.30641916307598
Runtime: 583ms
336026.353494656
316695.3959195773
294733.31028380763
274075.2752522018
259645.78201034997
239865.3353960416
219742.51619696536
204218.38802807385
194911.1234781214
185131.58702854818
171480.59113212442
160391.82392032677
150591.66834141384
143205.22614628237
135962.3843658832
125421.74819565869
122081.97676119562
115727.19120736481
110459.92820946522
107859.59561101627
105555.2969137187
101666.46615636947
95704.3276270187
94201.14242882289
90519.18971893888
85291.11861887857
76440.94691009543
73505.69734504682
66936.02517813607
64321.363524711734
62167.2386747438
59187.176067409644
55964.65314117815
56135.92653858944
54195.51996217476
52572.37427108442
49439.83520154766
49612.16312787147
49108.4702748159
47781.320154617824
48088.851272176995
46747.679544729144
45961.944155055266
43823.786892013166
42849.89702958676
42796.447104103114
43264.524648259874
42086.47821842471
41801.93900428629
39923.617227282535
40851.07814187237
39174.22241046069
37466.915654767035
36723.15149755002
37099.58111261457
35014.15359580872
35049.43788333348
33855.48666028056
34093.88268805012
32198.03403985798
31147.086770711492
29897.922984591172
29812.1118221011
30092.04497156473
30487.29496671509
30758.476502323814
Score: 9.576605692815889
Runtime: 622ms
336026.353494656
321874.887645274
308156.46241807553
281982.7838067791
264217.23495304206
250600.84038574636
232340.61951010628
216482.5961532218
204373.7383217768
192099.88261353213
188506.53392376154
173547.26108120888
166025.46309610354
159467.35007717574
150025.86761809702
139431.28439672408
133781.67077475676
125649.67658034853
125540.26492368455
115961.9798343316
108896.3332020104
103318.86326139959
101661.41040372137
93404.2734409318
91069.58257564635
84582.39510883081
78589.29397097623
76742.21758719222
71937.24103194247
70322.41517534565
63569.19246458731
57001.00350830137
55918.37399174719
55394.000904913635
53694.78226812256
52514.15278220121
50169.67174098983
47331.914308878964
47527.5758521687
47162.389372693855
45134.30861385416
44098.374330698076
43855.69624910532
43187.346594840885
40635.84378292025
38694.392647538356
37386.61116473612
38112.23153712671
39060.070307183516
37752.861023310885
36871.57403052623
35730.02250224181
34953.44519062914
35083.44863433422
34623.3837493366
34355.50090474141
33771.040784471385
32823.259324416555
32037.728668043073
31360.723065235183
31317.00913521377
30125.623365884072
30792.33013256537
30885.570661049016
31977.748576132497
31425.37366821327
Score: 9.631818178759831
Runtime: 746ms
336026.353494656
316331.4245090488
290276.65098564833
275541.45499616367
257675.7044637082
241336.16049982552
220208.01598863024
207896.65129034026
189975.9746451636
181169.08785951405
172451.03417480638
154268.17862416795
145762.19192394317
130767.46181207815
122675.69695077662
112257.14301491794
108002.80629711055
99392.00229005601
91841.71811058014
90902.8274641635
87795.68083484792
84208.17059173946
82264.85760433273
78742.63689650274
75975.00664407502
73799.13410657985
72579.84246583696
71820.22875304578
66470.11968529887
62654.45547290717
61013.25641173055
59147.02373701504
57293.21090160378
54480.24897396926
51462.657995587295
50470.73928168736
50097.83634841542
50611.73564010366
49682.40764167804
47232.676689801156
44817.46513412315
44172.67824008473
41892.81603167688
43312.026312460934
41007.830614082195
40992.80748608025
38489.73710943741
37733.795258769
36531.93303273587
36477.584472575945
35602.11709049809
34279.974109010094
32830.09138027342
33872.48857297554
33339.536184087985
34340.297557220096
32764.28386472684
32816.26713110112
31795.551419767668
32385.903262405012
31759.327413848132
33339.40406605203
32649.41765142362
31671.031719025872
32124.70074147173
31302.734330361276
Score: 9.33056100580034
Runtime: 641ms
336026.353494656
315079.3656608704
300104.5798180705
280324.26591049164
269576.67180912517
251730.6311382063
232781.95955354135
217744.37320997298
202719.20268292233
190266.71564731834
185371.9383016575
172081.58776086863
157531.66549475866
149497.54785739136
144100.50921358538
135204.32783829435
131623.91750409096
127463.74139417386
122515.31630497565
113118.30304943079
106128.40852308988
98370.85109448388
92300.10215015816
86474.01801402894
83540.27164810763
80473.5637198188
78772.67894103058
73719.60480445455
71130.66212971736
69708.17922851547
69377.80692922253
65305.08000769645
63762.97762361685
60344.886747275865
59004.3018500371
55440.09632904759
52521.3111237171
53892.616981416795
54024.9980115295
48894.89419429264
47783.60622256797
45791.082625440045
43975.14670958315
42706.4455775838
42084.79310312917
41282.85014747213
40688.94775561103
40321.73251414293
39536.647219269056
38344.85675704959
37829.17131279847
37341.67279486011
36902.84789191882
35317.83429250564
34446.68857830881
34563.69050674069
34203.19630099532
33849.37787878182
33006.588655085914
32131.91151568187
32481.00074516747
33079.493426782836
33185.534830344644
32797.3112768264
32893.92685798584
33191.464522523434
Score: 9.252852385076778
Runtime: 687ms
336026.353494656
317953.36473597045
299780.83265018713
278704.289530737
267061.831474728
249063.51228799843
231560.3139295831
214975.58932468772
198705.3989605629
186118.8450414085
177238.5607407245
165482.74946045055
155778.05192332962
150448.93637707888
147667.6892200789
141585.10249175943
134181.466125589
132213.5844173249
128427.0762050016
121445.8074392079
116898.80269722892
112593.39368217623
104975.45995241197
101257.39872835412
98135.45316600145
95442.79696998344
90231.14649039223
83679.80234290546
79893.43302558694
75201.24147485859
72226.46159086053
67069.21379284363
63084.745200508594
58936.24151544855
56429.345510707935
53985.67086884858
51734.23981093468
47973.763535177626
46301.454172409496
45195.14846808125
42929.12928167637
41533.64221791443
41698.19674592978
40991.442797796044
39201.123074379
38518.55978688557
37661.23395425194
37642.20741698042
37693.77207486748
37051.07879163382
35951.82195214489
35041.6586944077
35369.87632018574
35665.72378693154
35603.61999464696
34780.53557639868
33820.32940074898
33020.290727614636
33329.80793353552
31814.55458668944
32646.79669282351
32255.04309654818
30955.595274799463
30934.819973758767
30814.79700211474
31271.216005384744
Score: 9.603538296280249
Runtime: 733ms
336026.353494656
318285.9119345868
298934.8201945996
280474.3500870543
257783.3706464416
246880.94436230158
238666.51967945995
223128.97509228214
207910.61084696554
197700.62378046857
180474.86705530083
168066.74964698736
155682.00674203152
146057.13454805195
139760.95608456802
133047.34387258205
127067.30313507027
114347.48479325719
108792.50753669161
103881.42398242057
98494.66372539505
93511.3693716463
87202.58731309247
82326.1649325617
80427.02429246958
73177.93711468723
67072.18578577902
66032.10482146585
63287.33056573154
62711.32204619255
60734.91530526522
57378.204313061484
57621.17220330756
54853.26141240888
52908.414352450614
52658.161513234074
50352.21663608149
49313.336076196436
46601.925315574445
44953.06319756689
45004.90495215681
43862.673993142416
41870.53573539412
42010.658718526196
40824.599867254685
40807.004672174466
39833.207107803966
37287.94876190031
38026.606808661425
35992.65145316136
36273.561539697155
36923.169258056354
36038.53068862371
35728.37945558324
36716.7225307052
35025.72943341298
35573.034443786666
33752.177838944095
32262.783261898177
31418.2544277534
30575.840179457588
29251.843150963912
30114.448078869493
30153.282451969702
29621.51626899525
29860.27152178874
Score: 9.655039043714682
Runtime: 660ms
336026.353494656
321600.4095334525
302188.1715243154
281548.57471461315
259722.32813744037
249148.2551258082
232508.42772709223
215539.94324928004
197127.7215277311
175824.29517699336
164069.0871742885
149980.0185030875
143442.96763509995
134158.696635049
127337.3278270631
120325.61358673437
111178.00139189002
105212.61778801747
100365.90422227667
95855.6088997324
93335.56872991199
88989.60735361467
85572.93631765178
78427.19601071769
72851.77356603122
71627.87845406905
68980.41274707095
68430.0269001849
65503.37743947808
62951.454089087776
60627.75838016227
58589.774757596395
57388.56566802051
55683.56551310288
54625.85756425495
52236.491383899935
50415.39477371211
48489.9699486528
46352.9152404747
44845.60010555869
43000.138334887066
41584.96715085907
41241.773652150914
40843.994092389206
40433.147357443835
39692.4836828755
38643.185207723945
38213.51175644672
37084.40990553503
36973.08022892765
36661.76150373614
35096.49975062551
35349.15562779284
35798.12130270984
35043.63835724018
33700.57205324497
31790.347609904646
32417.735802725747
32094.623429943083
31934.60602758813
31270.392261001074
32312.400452124002
31044.912507791014
30489.73708900978
29767.51361552486
29931.508706796965
Score: 9.533752417972803
Runtime: 645ms
336026.353494656
322101.6500311598
301299.75389293925
282169.10557848995
266415.9306659061
252180.02949595742
238827.9405117357
221687.0017547905
209015.92204032216
199853.94446396345
192370.9257303935
186040.76587759022
171037.45478110173
164457.6520199182
158466.0417617252
149560.70393251398
137663.94975032136
129937.79230324739
119615.55146293137
113937.99564868401
109972.68014113951
106845.59250102182
100237.10326661776
98609.68312354408
95954.1054988565
94586.99763828279
92846.93440736448
89924.64935177447
84889.99165923521
80644.4371532601
78536.48388895717
74704.41354740111
71270.1677294266
68516.73090410746
67756.3003140362
64667.52378307619
63865.05686552657
62226.13890411132
56125.343228942256
54389.05831519177
52221.21844913358
50000.87833367362
50440.52970767689
49572.61757806123
48250.09661734857
46242.946943998424
44635.41092427405
43840.409224170246
41599.65924338056
40552.02106307223
41658.40921782965
40810.42725325466
39980.35182817219
38730.41223788586
37530.82686503216
36420.68425103251
36384.07841888866
35935.20647250097
35639.057761155884
35779.55304938118
35262.148820667986
34547.5911632786
34753.27801205138
35067.56679898203
34475.107076295746
34293.39203515537
Score: 9.125088748143407
Runtime: 689ms
336026.353494656
316868.10598184384
305973.9907168977
279565.7820439694
261786.34394747543
244686.61767196312
232696.2935278145
219254.60954075318
213462.5779846767
197991.75671813538
189970.1670814496
176465.01336098203
169141.07294662218
160289.67454988058
156734.92678282762
144672.42952226373
133510.91790007422
123715.03644922185
118205.31307557513
115278.56276048369
111503.21916496582
107657.01067365301
103526.32954752269
97886.33347954486
94157.65348555899
87814.01811620235
80694.06316540645
75868.57691877452
69895.37116711658
65076.958224893344
63623.65179997461
61139.03055726623
58228.583603211664
55148.998358590026
52843.68875640539
51739.26551668601
50574.17228822775
49760.14369397197
46862.52298291789
43911.508986813045
44615.68906823594
42541.50879371503
41786.14933295639
40965.74147275705
41511.79997127365
41313.52523473908
39516.32618318278
39434.431220344195
38474.413309715965
38052.36665270637
38235.776491984194
35991.47668410715
34904.34765200947
34277.611251808084
33819.3893156919
32469.86301794086
33112.05026205731
33368.40866129339
32943.471035507784
31157.257839353082
32298.62846376635
30179.81273888669
30473.184331749562
30496.400211611133
31069.729800759327
31256.15824040886
Score: 9.66246047901526
Runtime: 667ms
336026.353494656
318725.84198306396
297979.12674673134
280872.3974792778
262699.08641035494
243457.74666719962
230418.31598889022
217953.42895561497
207122.4452506229
193605.89345309557
181356.78792976143
169504.73025237283
159806.73518142028
144528.36885213325
141174.83081892316
131807.55272176117
127432.77983202325
121632.15619846265
110899.30914196638
107168.92459101784
100425.90802396565
99861.53611775293
97700.11385605892
91835.43448926804
88427.6211035371
87616.34428449451
83543.64231186835
78720.40075934275
72554.73216265903
69053.4265952772
67213.48889714637
64690.02899781648
64334.71477222104
61624.27988549728
57793.19848843377
54932.13313073311
52623.90043945444
49983.443909477945
47814.503672357576
47887.38121671657
45617.399119201655
46029.52645773262
47135.00351489375
44253.20377151622
42363.17672345927
41359.687861831015
37914.05144951304
37757.655404652105
37211.098426989796
35086.73911210287
34596.70646428637
34158.326264456766
34645.32570576598
33295.22634783493
34036.25891951449
32757.625782183364
33079.753462614775
32775.897897964765
32997.331813302786
34072.47556372562
32385.50047586951
31075.777080497126
30359.88738047724
30276.795727369143
29450.15734933473
30166.78337753049
Score: 9.601058311725103
Runtime: 654ms
336026.353494656
322467.8244944666
308852.83803692786
288682.7859083787
269845.48080093315
237237.8063081858
218443.0390990791
202415.47498008359
190204.21924715387
174489.00586856785
164252.75107519655
157483.19012743275
153197.9486466039
136927.39671216116
128930.42699508487
125549.61073159843
117621.0464732275
111022.78265000001
111016.55710308686
106249.36357598436
97778.327760559
90726.54674322113
86617.15535936016
82313.95554403191
79347.23196606571
75699.7683971617
70441.70322203671
66001.65566074294
66128.31253205966
62834.945146129896
57266.766454310615
53101.004311600205
49088.917986391796
47893.17715162542
42367.37253426888
41506.44369279986
40962.33072467966
37750.076333207595
36691.0031468951
35157.713723210625
34240.75108808596
33579.16148350588
33594.88856707865
32829.3288024108
32427.334590370654
32788.54977780742
32964.2072318624
33103.834462943676
31472.587372108228
31543.355997449627
30704.00069873334
29660.91369635532
29863.432750239295
29284.018503170966
29341.62886983332
29700.50123289707
30042.25006343551
28703.54919055164
29168.438351566354
26845.129589101798
28124.33268131209
30268.42189984863
30472.109576660238
30593.934739425298
28876.215214577947
29475.505116827364
Score: 9.641306583109943
Runtime: 629ms
336026.353494656
318141.34879356134
291849.1615390525
270310.2970188463
251228.7912129116
237570.91033206385
224802.5462120577
207661.5407710363
203167.259293518
185411.59827516816
172332.3115665436
159730.26746428973
151164.08921440295
142194.99276840137
129224.84911260215
121897.80962777583
119934.30652704748
111206.8421108159
106501.50830699739
102012.78344351487
100227.38047596869
95331.58707908113
92624.77822027516
91199.9799297428
85248.21894393564
79802.33807481368
77648.85854586569
77672.85873380574
76357.57039626889
75186.33983830715
71836.90456859
71195.84549067999
65802.07334973295
63425.269744976475
62776.205404391985
59640.544122249274
55580.57645340379
53125.99305163249
52009.23003438371
50612.9764467685
48777.35405778531
48618.338696180756
46403.25147209759
44943.47355981072
43273.815949988464
40243.13137665858
41787.689421042815
41779.712552482226
38110.08878370698
37489.4372563801
37092.45194819138
36840.68496347047
35812.04413807082
34562.51867780715
34490.24771752087
33762.66161778219
33566.53648510005
32950.44596889813
32293.124815862207
32361.882857370983
30901.637883192358
30539.40733688723
30887.244116409718
31085.694907490233
30870.301565458343
30769.579688582573
Score: 9.183582167109055
Runtime: 630ms
336026.353494656
319883.19961209083
295260.0207971227
278155.907730838
254637.41897136555
237902.42762462253
223492.12066084135
201933.9945063583
187597.82653385142
176504.66928447207
163682.11440494822
154815.18322842827
145873.99688136106
136749.98172487106
129464.33153610538
124421.60039839879
115107.239062444
107995.1666007141
105049.31555398268
98645.779873468
95036.28851673406
94370.98226893185
94702.89264469106
91076.63349303395
87634.78825308794
85170.05426841571
82003.55681662635
82845.69344068838
77954.49824860568
75251.33469870307
70949.36354501832
67916.00905017101
65809.00496618106
62491.20363329731
61419.73015225564
59852.95261434205
55230.213235109106
53737.119758409586
50819.931971348524
48133.97300374056
46336.442176781886
45235.26558181511
44276.02494474025
42440.283573705914
41420.15769705694
40391.85498615431
40194.659828895565
38703.61604998349
40131.94738065712
40427.22871385114
39092.10472951306
36669.48929142726
34267.2593958644
33777.62356672274
32857.91028714341
31813.145964184405
32529.531422903547
32178.075794651693
30268.48268429703
30633.598716633212
31067.04883667665
31363.7096282694
30179.624114151185
30427.49366315136
29323.764823225254
30079.690105035632
Score: 9.387098798831381
Runtime: 612ms
336026.353494656
316465.69514337846
302542.1383437587
292731.71545537584
280565.3013344698
254087.48872633502
227695.9867696787
212845.01473787133
195816.489505456
189656.77052445084
181626.998748306
170370.71609749188
159458.8898076309
149469.86120904738
142648.19637973377
133558.91388723935
127909.59764057255
115260.50282246534
109931.28200196769
105665.71699815796
101384.72904337643
96112.01694445817
87845.49240812153
84169.37557853971
81279.21408065014
75595.61005897794
71440.27917577224
67667.98495223069
65966.06677494629
61937.21826501023
59931.38945310618
58004.70328795058
56163.86142751781
52878.619849883406
50343.31229059081
52215.47934428168
49130.49253796921
49307.49988780013
45362.00070112448
44672.150745966224
41587.52983203978
41093.12097952783
39788.71217017489
39030.89181248729
37728.41184287487
37083.72337032466
34479.48146466068
33402.0305652339
33631.15376248215
33287.58111601501
32640.58019717237
33284.30046728717
32928.12969918336
32690.18295030629
32296.585142661228
31811.334915601732
31580.782348392644
30940.742166352724
31243.616802637964
29860.574092447965
30059.390162081163
29797.61019595591
29342.772663961492
29628.995253175268
28720.446043251908
28429.289944950517
Score: 9.225036789457823
Runtime: 606ms
336026.353494656
311062.49933978624
292597.3145839245
275919.0228673152
256809.01743426808
238273.63916422983
224176.35657052323
207505.85058898857
194707.21461934384
188147.66469565453
177692.92631190474
170625.31925792238
164583.77501267844
154547.18892162453
149792.4995377146
138015.2228593347
131852.44906132025
119237.32110796674
108303.60825952694
101287.8343600476
95801.06534889703
91218.32445898831
85134.70352633126
83670.27693078372
78879.16682420572
76700.3066834679
75534.68002653873
71810.00762959057
66626.64645507505
64229.94381165891
64572.766256159826
61905.21646991657
58642.46392153099
58072.91739473577
55187.77245258007
51890.250669287096
52001.59672291149
51649.27055935482
48101.64805821926
46665.0098369569
45871.953669173876
44384.33325830036
43597.672776418105
42919.34681201253
42769.02012464777
41664.96438081076
40289.47816411131
39049.45560763026
38140.62661115729
37740.50728377115
35331.4389399787
35128.00797709206
34073.95640342248
31819.116742049162
32298.094794419016
32828.698074409105
31963.576824917982
32019.928099629196
31616.620458299112
31699.370898789137
32710.53224083699
31287.632910706125
30656.95173590747
30746.079613063626
29533.133442409435
28874.39880608136
Score: 9.487878199967442
Runtime: 624ms
336026.353494656
317081.1779744222
298705.3413299023
271660.86122641567
258888.2313801145
241806.40440557228
226116.59070163258
215204.3132691157
199160.83064124067
174965.52105088605
160859.05715260564
148770.70456398657
139139.95004505114
129883.35160123282
123574.7978040178
120273.14332294607
111235.28898891513
109848.41739398135
106239.50483441996
102164.09088800474
97969.5638816534
96019.75548339328
94005.78519189081
90294.09343750692
88953.66258273013
84953.93711101856
81739.59192710878
78669.55783817547
74755.59870075189
75635.42732338703
73320.13191614348
72955.74543214687
71683.04312548133
69768.82411653138
70058.20662213494
68701.91790620628
65631.03740156698
62989.4366586281
62082.01536276742
59375.56339390079
58372.308662163094
56084.00893582883
53882.356815064704
50747.26728386229
49630.002024641166
49636.221251742674
49212.26409162528
48739.38027464522
47737.468355981924
46154.23984226827
43804.341604941466
43820.04807717491
42141.95251607716
39574.92090487583
37477.18342518175
37233.85829888938
37279.601045494106
37226.60945284768
35820.36672015702
35592.456137059286
32397.01770613904
31240.324613658995
31230.44611646674
31326.978287916038
31015.97816141768
29463.569090276284
Score: 9.413347557365269
Runtime: 644ms
336026.353494656
321083.0924164515
299067.2678952938
283335.03380542825
265824.14578461647
249810.4903199726
232539.76611146363
218910.8542726466
213522.85871390754
197367.40851434672
181336.61892667174
171528.53013300258
155425.0715164593
148777.6429200866
134584.87082299264
128765.7046035864
122977.59022582848
116770.60113769893
112171.88744727727
108997.39808711795
103470.9391945978
96736.7799549598
91182.22836385935
86603.5397429831
83480.77254581703
77627.06629550038
74587.27266351075
71702.75181200805
68076.61359331544
64935.497918946174
61925.57482884866
59278.21634888276
57030.31111287474
55123.570584586734
55010.4444136084
53692.84226660772
54368.15246998937
52640.12648849557
49615.33237321622
45299.209116581565
45323.67336614717
44545.490026711945
44693.193597766505
42664.65281111013
41687.23621557157
42451.68525738659
40647.98903608081
41380.55343737689
40105.457230953216
39822.39043425883
38184.69334160503
37930.73993616769
35753.867566730354
35331.40071649195
35936.42036521234
35340.76728652254
35667.22336504705
35652.64362975705
35679.618302362105
36052.88679830492
34398.91663144861
33757.10836650275
34021.285952514
32647.25395152903
31463.313639506447
31562.31522496449
Score: 9.295990366524254
Runtime: 620ms
336026.353494656
321394.38796190266
299264.35247987707
275652.96241137583
256421.96936295685
248604.78790908383
230922.50883005766
216285.1999146541
201597.5738845351
181597.51777679133
169072.87345241944
158657.82301608264
147904.27127532495
143540.72137975253
130957.3767911838
120397.27664299631
114526.02328906856
111436.96307022235
107469.42509636785
101954.70694213375
95620.19791873598
92915.2141787147
91043.84313895958
86315.98660900185
83736.2286740276
81881.52951911096
79723.67605726786
76188.38749760117
73482.57781979904
73075.32017667813
70353.39521782797
64783.93868489153
62786.40918949571
60308.017527552525
58117.21611181336
56022.96059190461
53940.963505519685
55019.95530614258
52028.68373296592
49992.48389198083
48655.77314342217
46173.377471494125
45484.270879911615
45765.20974036665
43364.13672915196
42719.339248177326
43185.58365517858
43390.88589281077
41844.73213046052
38987.61976221078
37712.0506996691
36694.812638774114
36263.85974186422
36004.245543175035
34844.328768206455
34626.99608845651
32716.178923304735
33758.13735978259
33417.57315840106
32353.807694630672
32563.932792609477
34779.41221309639
32954.17748462924
33272.276557922174
32262.782916547625
30293.83540900325
Score: 9.057584438059903
Runtime: 591ms
336026.353494656
318254.7958438598
301858.7604631345
282215.9315098303
266791.0302212921
252484.8567080067
234090.93774206546
220244.60724879242
208520.46405373784
202101.2671011143
184961.14024764724
167424.270996637
161698.38623227726
155826.86531365817
144945.30480757373
129100.19784790446
126214.31993836073
113955.08762238886
107468.01157425485
105316.56081890108
100048.80218309337
92675.59316335237
89625.03785659111
85026.16489715595
84958.4792102221
80884.52465737323
77508.52755833261
75988.98511719408
73768.39270702233
67348.1616882777
63114.33228272093
60657.15890238942
60288.80463004789
58815.91445064634
55106.83640011941
52107.032775868756
48265.90088815584
47574.44462485504
46666.7495121563
46793.919349829725
46666.652727749264
45310.1478843619
45390.63524145998
44029.69302658324
42177.24824808497
41025.115486504044
41266.81303366393
41121.25105806594
40431.16222131503
39462.05258379733
38109.66035122035
37003.97035635041
37997.82659114247
36383.14117098306
35316.289635849134
34751.419199557364
35183.17494038998
34159.58271001827
33130.80181351747
33734.79005874268
33328.5658131632
32323.04918861677
31032.36123121053
30426.618559418068
30534.256548189132
28707.388057647233
Score: 9.324364527280704
Runtime: 603ms
336026.353494656
319901.96410872054
299509.3882396596
284480.2624335269
262166.92787455383
241407.19349960334
225780.97143195514
210921.07634085687
197593.33187144328
184591.52064339197
172639.18540326497
157663.51962313426
149877.48679610895
140152.10133353525
132244.89307384077
123832.71376917722
116265.04227107571
115473.44271587928
112200.16718909264
106619.569603931
105734.78093377204
101326.1451516196
95412.87513774207
87218.41840487346
84131.99108372409
78811.50944054125
72407.15819497338
71687.06150042472
69227.30185296811
66771.2118366505
63588.27574521273
63566.13043171915
62246.53539087266
61892.14023169831
58181.77911645395
60792.38708715165
61315.70862217618
61504.71792043778
60876.70192313705
55796.76210492027
54121.0467496154
52020.379748469975
52243.23203233669
51036.70626876205
48135.89833130533
45599.91772330199
44908.69812077189
43301.23419799107
41879.79394069357
41998.15342538827
41894.28433806722
40678.48017784707
40016.29407505841
40729.95715373865
39510.578431995076
40005.6552276607
39539.731881475855
39752.78333475471
37798.473847020774
37847.650662126325
38828.276645771955
36903.779787076804
37740.621329769594
36965.17166227806
36193.93558625194
35362.448555938005
Score: 8.837336137175537
Runtime: 636ms
336026.353494656
316275.7010242875
298200.14884458034
277796.1975362699
264445.67859000777
250766.59267505183
235699.65316315167
217565.79824564356
200539.02356373487
181901.35604153504
169084.51978488208
160092.7323753306
151522.86205901642
140526.86002338582
134510.83659467468
129071.16009018374
123604.19060686471
117774.0031911033
113218.57812165757
106531.20630778668
103176.85427763198
96938.46546192678
98803.21809087959
94414.96677939787
88310.62262910258
82254.12867234123
79825.1475702876
78441.5942915984
76826.00660650438
73222.56735186455
70046.27052665668
69056.39096657062
67524.30058732172
65980.42081127579
61350.31661784495
61978.12881501169
61237.247998190636
59755.246471564475
61060.875703497826
56452.274545654705
54534.64898749856
51254.301228883276
51788.65756034988
51486.71741517493
50328.0707022827
45804.274379374176
45359.4317372929
42131.1376121777
40406.94725414621
39698.374095414045
40614.81131944021
38075.25957509908
38296.269998714575
37140.05282122325
36602.10119020188
35468.66363015533
34089.91370838423
34961.093318160056
34036.69007252188
34854.65426842208
34162.523186189064
33823.246201607224
32398.635338707656
32105.076865190364
31189.254580135137
29524.63728947057
Score: 9.466940620687813
Runtime: 641ms
336026.353494656
319104.35730137205
297896.51189021027
277724.13306909567
254894.08867353213
237396.72647481292
218973.59855367627
205421.1640003673
191789.3159914386
181100.2130153742
171230.4011678018
162356.43434157752
155688.48636980483
150448.22636828283
146481.33572007559
134320.17021051166
121827.4542246506
115590.05666027336
111705.92008131178
105083.22572490945
100643.58448869947
94428.82173203348
87037.5190413397
83704.37853489378
79038.98708499757
72425.7700193695
66946.13592245293
66219.89758587388
65011.3670802024
61425.85830023822
58908.23973321866
57092.72094795012
54358.36912737057
53827.95807013544
50794.837901930136
47980.372920624475
48067.86875155025
45233.943522281064
44132.321110728044
43601.9887337776
43184.966228714366
41647.884673932786
41204.15482875404
38985.533306529265
39361.40973333178
38063.26618631951
37885.12197176484
37601.89937971056
37003.00683830805
35901.728350386984
33739.69821073107
34072.4486806975
33191.13774458573
34667.05619232012
33509.837221437825
32876.29069111829
32916.038820427246
32596.80111144188
30547.03189113094
30153.97132206425
29766.327026670326
29395.634421328225
29540.478255587142
29741.0375586348
30041.053828042106
31148.559690374917
Score: 9.214325369967828
Runtime: 573ms
336026.353494656
320515.3966967541
302988.7063397453
281949.61028823955
270766.8146714257
249522.0754132589
238481.50217178336
225540.3251480116
211824.3817660442
194293.31723759026
185184.6868861247
178057.2399129117
166086.83656863763
159679.64410480318
154965.85759741638
148315.6961177005
144112.64129337049
134096.23568468864
129296.60561806498
119994.9336114625
111558.77477625145
106554.66768104177
102632.60763996489
94879.94003142747
90188.97860274202
85220.37499881655
82997.68250947022
81324.8840059644
79717.7908326164
73518.52008059909
71639.71489869214
67900.46525769233
64951.66705265467
60532.49461005481
58428.92640514459
53637.71810144995
53991.28336207622
54307.10183387829
53293.79839477045
50392.55803468231
47793.91198188901
48695.03011381672
48375.10467211303
46485.29400319845
45816.29640513913
44738.09960405106
43753.280823973655
42461.70660931973
41138.078416378965
40684.853276326896
40869.26758203699
39504.645394054736
38160.05589890583
36902.9243159234
37203.13882157864
35665.31043696027
34939.29200103719
34156.56785135548
34020.139553707595
34173.0912130848
33353.76813290224
34421.689629353394
34529.305290259515
34714.96838940177
34752.38652343657
35087.55433437882
Score: 9.161682631602305
Runtime: 593ms
