336026.353494656
322840.0125254143
305155.177578947
289858.0982207794
276149.1773880945
259594.19955020727
252153.84320457684
239134.20232169205
228487.43052235537
221731.68382601056
206652.43190857614
196058.4181868296
190145.38762536578
175905.81059717792
166141.47092855495
164010.92895989885
161792.28825822656
148991.98102414084
147078.5233958394
145995.48728699956
146542.2476141646
143119.796279619
140939.90828450918
133723.32701290827
134778.4589318491
133759.71477017313
128712.3272694795
127353.26402478297
119360.93056094779
114129.28168105645
116363.78312841414
109354.99035460208
110020.23027397961
109487.04992386953
102812.65800193902
100969.24511423285
95289.60119954066
88889.72242609692
89753.48555293171
88211.07905330736
83414.39816256665
77749.86940560948
62964.34376330162
59167.031185924396
61239.92586477488
66198.10302182323
63834.3840572283
64610.62720486716
62367.90337593704
60649.392479908674
55164.12783881013
57547.5571551672
54044.969474118865
54566.269512443265
56382.104195345935
59102.51163829391
63437.59927840865
62186.35449122949
66798.74160071662
60154.07611101801
53876.55424442424
61934.05266193697
59724.92072568112
64143.05264581251
60354.291351558975
58273.34364756529
Score: 6.9746439086507275
Runtime: 646ms
336026.353494656
323787.55922617094
309906.3005657662
288946.9977482879
276365.5173652815
262103.65212109854
247275.24591407474
230841.01866050612
225362.01394958288
216600.8043968793
204413.6023614692
201306.1914386457
194786.05129672357
187004.62048388142
174040.2408073503
173322.66747842848
168615.99525942464
161397.80861177648
158793.55129880505
158320.17639222796
150130.12100168972
145750.03384099997
148086.67202376094
146181.34837558656
139887.22378369392
137042.30476826854
138715.35430549466
133006.4003111904
128774.72220331806
124709.87855244579
118359.18608689817
116401.20272945629
112738.14845500323
108091.14055303852
107091.94648561015
106039.305411743
101558.25660760405
103075.31033455645
96650.67493790724
94692.26068746355
97386.66057042097
89263.00503768279
88238.89145355638
91764.70204367046
89787.66823654698
92853.27898125719
95067.61844967809
94900.26882501577
88493.02868703939
80555.08440575421
78162.6730269681
76737.00493072692
77539.37559906377
74326.38923462115
56978.055086213506
57387.56770635574
55686.30892616119
63394.80133756397
65563.6163004878
49711.41577422722
50580.92048338742
52571.785206533474
52050.230404845104
51576.91195751672
56037.75212785925
61657.46714091437
Score: 7.612576900876289
Runtime: 621ms
336026.353494656
319195.5998405598
306594.856296792
291437.66923280206
273289.73746025836
267746.22522878327
241317.07469803013
230613.9605663987
224266.5579795406
206118.70178435347
185773.5486637688
168456.93811490573
154719.41964657418
144802.75128118394
136877.8922527442
134929.16873664997
134158.70355391406
139569.08021155297
129801.00463275025
121633.62645740033
115194.27861425716
110074.0048106747
104812.97152783681
104254.42490269511
97261.42269203489
96751.36299873942
92371.01602530335
98317.26475319339
92305.68277263275
93997.51062471417
94213.00501434843
88939.67581175949
84976.69100516044
89992.65644322707
92455.8405605089
82947.61611525597
81557.7451487289
79792.99454273468
75451.27597773117
73038.84808024052
70252.97452087709
70645.67270817279
74505.79027206829
76369.92636353306
69327.74630889298
68267.5700365298
71181.23435839407
71003.54951603744
69746.45018599715
69625.96269468416
68537.20112782146
62839.01764572691
58424.78876260533
62130.59022086058
50177.98385891375
46428.82821267113
46814.58730406589
48282.813715840995
44706.697646798726
46174.035478143145
43341.64959403876
38645.39974119022
37005.92235917433
41014.446776900855
38286.74862921709
44915.0409531947
Score: 8.004766653455349
Runtime: 634ms
336026.353494656
331126.2712980123
318500.49445083446
302448.594374713
287991.42321706883
275357.5882502627
262972.94934782584
261302.8759434961
253375.44122464382
239579.13630940605
223894.5013038109
208894.60010240888
194594.79559590423
183655.25977565427
174211.8130782614
168723.04912403857
153860.68354041956
146661.93838269156
138950.32959627602
133938.24050489208
133041.21825368024
128898.88520135735
127230.19738537393
121511.81556936965
115777.14792808771
110349.94796858243
114649.55611103044
112294.67219930573
109618.27390608955
104133.87875634873
98619.9961429539
96082.61591411386
98187.94638102532
90609.05769642748
91877.3084987854
82978.4164471705
81620.59438969428
86291.34588067517
71144.39370929667
70154.9475334001
66252.0776766616
65227.224841690964
69689.86214339222
70422.26685881743
66204.83636557338
67171.49199040575
56926.82728738519
59753.5421328544
58841.79754957684
56529.54263901675
67551.67975329429
60813.28186762791
61396.80682622825
63289.52317141263
64182.89284308349
67314.26630587333
68996.25911082444
68702.69321202401
74969.19642761978
72221.93523255624
70988.04774824686
72176.3241805497
67224.28504663346
63045.48945560883
62932.85595660339
58390.66735662921
Score: 7.468081217357008
Runtime: 622ms
336026.353494656
322969.6034120132
313143.80472575803
301054.25163881853
283661.2737943001
268783.66805035545
261347.80337145124
251637.3840138158
249152.84537694324
237777.24306486794
231292.3798266305
221059.9987014062
206905.37885278984
194940.08295141518
187711.12911569848
188688.82728579085
184198.75490289493
182198.9928066643
174987.89134849125
174404.7321723605
160825.95277297148
158461.57904824894
149386.54880916144
139977.2353129053
132289.1951252651
135831.94098128114
129613.05457511038
117365.19700168804
110266.79513203369
114287.96618589424
110830.48008996545
108128.32569603283
100392.47268673588
103504.83486861654
99385.1775346913
101342.99162566102
101342.9765467625
96406.00212340684
100089.88108363292
100167.59415352225
99654.30309584382
98331.78707775136
97308.52959243915
96944.26633425827
95566.15967640688
94046.46100563902
89869.48628783971
92899.79371461816
95106.48933130069
93509.77411579124
95131.149170686
99103.33275732264
90829.38233007333
91043.77962944013
81135.01458049672
82776.56432339162
75564.4014544079
74347.17502549985
78155.33285755444
77156.78905377412
77481.87496906419
79910.97647072942
76075.66092906956
76319.42992562483
80545.36274858154
72642.65340377844
Score: 6.518599010596868
Runtime: 626ms
336026.353494656
324153.7116841972
306145.27868302516
286486.7080084898
269886.42787062336
259679.21678479936
252880.80006399425
246244.75430710302
236648.37834454133
224946.18164750794
220086.17917270897
206654.34582716817
198870.61888678695
194980.44967319747
185515.62581928828
186883.8580752722
175237.8289993182
169440.32530259492
161481.17699996018
159228.2154636517
152374.35409711624
147498.40987905423
139314.6849880485
138426.69655889497
127832.92001487465
123221.94925200315
127389.2067519813
116706.27590958195
116530.89905437804
113956.68027955167
125761.36676629251
116677.00076670456
106422.68289968718
101661.38311957686
92503.84870607076
84332.26912755564
75384.54853000413
63335.12380728729
60261.26681251378
63393.081754882885
55767.834067022755
48637.3542855605
49726.85568464271
51591.30316049614
55078.006362199485
51004.456718917594
63287.61474589576
57036.221115179505
56516.44505109358
51587.52426548619
55091.573158085565
62931.04039263588
55080.22481245289
56062.34604293346
47593.8122841395
53344.94676948054
57582.25600572944
54256.54249154789
60985.30902481241
63571.27660352134
58295.40441144187
54088.38160807987
53588.92598010076
50238.95747709071
45963.129662510364
47755.37515697113
Score: 4.9866369252148655
Runtime: 603ms
336026.353494656
322939.0319632623
308846.62960116356
284750.8290677028
270101.9037516377
262703.10532477277
255958.6362928313
246724.32112750667
236371.4603021565
226589.89037905814
198122.7233801851
188192.94961516585
174982.41626763638
166694.77827727774
157222.1654705689
149703.95641989599
145245.9085039541
139719.96357231605
131246.7430096562
126034.57673164505
115083.70144534754
117546.42560941225
112220.39585603515
110645.4723330143
110814.90167615928
101833.62756259135
94513.3204256807
91703.33123475235
86636.53171329873
81446.46079816934
77521.99736396341
74421.00706508983
74336.29084205652
75256.55720686591
79580.46466707543
82929.41752043743
86721.01105745818
82653.29524509479
81834.14882409196
85403.68662316859
81590.23068044383
73172.77366171166
75673.5155416644
75906.16848640432
76180.58829531916
80436.42726551041
81798.43731412526
80011.20926430402
74834.90370730485
73257.9569355712
72675.75738686362
73538.07179131353
71992.60082185619
63942.57629627302
63456.30195190254
59026.138075798604
62316.8103002621
63821.27896062263
50966.8791388163
55201.72450717745
57777.40166880959
53131.546662225075
53196.94460374132
56849.112529639
61805.03547837386
55217.341516789405
Score: 6.796334292976711
Runtime: 604ms
336026.353494656
323031.26899605984
304664.33268727316
284397.83762656065
270719.8376314277
261212.19422553538
249657.26207607565
240631.3455911458
230031.7170468624
218496.12476393246
205167.32665209853
196892.26201092982
194649.71040248018
176342.60020810497
162976.716235471
149223.6855990384
144637.48933584918
136660.13994124127
125013.27904626385
126757.86808109151
126771.53427979293
122127.5376328095
113746.92242572899
110317.73664993526
106603.44222689474
112125.24929419236
111590.71866253075
116244.11427382717
111818.27944010452
108332.50424079003
108505.6079633962
107163.92820825591
104412.80686568626
98581.81101069463
100609.95712414412
93677.86482478741
94897.90974397866
89233.98988875258
85075.08998747122
80998.33396294549
82440.70368028035
78449.05169315897
80666.66634131134
77582.78423315972
78480.17735539503
79594.10474932157
81504.32727649026
81054.59446205659
75538.85944025274
79311.57305899914
69009.038512735
72372.05658235702
68898.75442353943
62593.04498463321
58120.70176943882
56442.47041740019
57378.592847053806
59851.18011310974
56304.09026511597
50712.943395461225
50212.32153369695
42238.538113157345
41709.13355861361
49907.9010373108
38634.05170254325
37158.156215161034
Score: 8.2031004052959
Runtime: 618ms
336026.353494656
324296.21146393544
308946.33583926834
292885.3918626291
284498.2683948355
264329.44119975605
248637.96594947317
234098.21503220915
214085.32461914903
201700.11313012856
186335.73314186762
171405.73335520018
163529.7223999199
152570.91244330248
145719.03748174768
130968.47511325174
126583.43683195346
128735.93709961059
134055.1928216322
130362.10782304962
128197.04299859851
134258.12447012527
132273.39335605217
127593.96648724396
122036.0990992948
120046.50836895806
123973.79622504671
119324.5062864987
118745.70755619054
113711.98348236167
108546.81800023657
102206.81582962176
97794.64542501875
104420.93159133992
99618.14242936613
100231.81687943146
91411.75652774711
83820.8791347957
90933.55473131157
90068.9052933963
92223.03640492457
88002.61530446654
80259.50153933423
81832.85096232878
84107.34853666078
86067.91937921419
76067.08328996919
69486.80299222794
73681.104486989
66711.57639223826
71976.83885702223
76397.5953006054
70966.546168968
72652.33375180374
75540.65860090643
76357.93194753738
74714.27614303048
71056.57421937847
72610.03834666197
72501.66165175442
68256.2429502927
72574.9087697983
61999.86966188285
68141.49594699706
58527.337331712144
54225.74756811912
Score: 6.100492975757615
Runtime: 648ms
336026.353494656
329482.08642787463
307439.6595646313
299521.02256083064
284628.01069628226
273570.271969862
264015.930567405
258282.32671618447
239956.85599164994
232705.27992326033
222042.03844578846
214994.1961774237
204745.5399679397
192249.38250308833
178717.53107506744
170615.35235536835
168056.52886399056
166758.09533358685
162528.9550579944
155026.99603792143
148461.47114550968
146094.17805189756
144250.79671947568
144749.18862972633
138157.56226301708
133421.4180045488
128788.45014705832
121965.75020769799
125755.18326989963
131480.0067480362
126831.43034453472
122703.81920023522
122630.41618809882
124193.18010971413
117550.82720345896
123375.89199189734
122436.76132970536
123059.71012371342
119930.85853641553
112521.27767531712
105194.08968483873
106563.20680216544
105259.54747018743
103920.99852587277
101903.99203869139
104364.34752819175
102420.5286566241
95664.2971628828
88735.24243271907
82419.35758373818
82097.32262553622
81271.95171452437
82000.05538092658
82140.65252870588
75498.59563374979
67852.2653384481
73236.22921579219
65298.71141505129
53304.33602513204
50001.90282622535
53130.6611431431
53520.51765513964
52618.014921536786
55786.43104147369
57866.47830054332
51838.002281168396
Score: 8.302472275563243
Runtime: 606ms
336026.353494656
327059.44795856765
303700.69337673753
285839.29034895275
269380.3586185419
262131.05076847962
257873.28066397778
247016.29790700975
225004.24887638466
206561.0399676858
188023.46300962337
170883.7036106011
149456.4300905363
130879.68309850029
121674.58680740886
122714.22672582635
118153.69030732349
119001.57901108816
116476.13654032127
111969.32221924105
108699.24731268302
114336.3405671966
102182.37275145012
100486.48567726214
101028.09769126198
99506.95445584755
101830.43056216536
90960.5283574607
95738.65964305884
89616.28802034263
88751.16694433869
93691.02581655227
88766.58098060181
89699.41665450078
92280.39283224111
91831.26695719919
87496.40041507529
83939.29434762202
85157.64327340346
87222.69807668557
83195.62695365734
87482.4941716728
81113.88605700151
77844.4291007741
70494.59377383029
77868.4244153915
73538.97575883492
69170.96703583428
59617.74682326117
65477.10053996817
65972.03904663869
62652.1760763274
61603.90140572136
58257.48486317654
58420.6005733167
55855.20128823129
56177.18759109244
49770.18114043677
46579.164621800344
55407.73975199692
58815.92335042125
60834.058405245356
59873.44952259859
59452.31135483002
55744.018333375316
58133.58558348026
Score: 7.077370549567417
Runtime: 616ms
336026.353494656
320476.90443949355
298120.70236527437
288359.14043508633
266612.9007252077
258073.74827855045
247310.5977971325
237710.4420064121
228597.66280538082
217537.14002338072
200888.92494789665
188975.37272499155
175111.7315004654
171680.5152567241
166578.35506809392
162916.77498952838
152769.46407581202
149736.89968301056
145047.3508380342
149199.51137020605
151253.35991662362
142673.3564782156
142945.46805518062
145324.59688442375
145545.3993846873
145247.4873512886
137403.38364313563
132099.24790886135
128350.20229751882
122392.61743605872
113335.81463189996
110444.47343929436
112328.21454676845
111520.7567393036
109160.94924159978
111088.32489502005
109157.90005893391
94479.60465137598
89884.00997386807
91433.64583985378
89582.00024527877
89188.23672926682
90099.21473974019
90329.26124182892
82593.71984658272
77637.32287432477
76819.8929776668
78281.67690171003
81661.29707088781
76009.48300328922
76789.87087368654
78789.81266081294
78053.54006401279
76444.37035922744
77730.68618398781
79349.39451115076
79743.54321600619
73724.84983295565
78286.87992826698
73060.1839303404
76880.10940091315
76726.69314478939
74318.89997215635
73164.92655438707
66761.19664794422
64593.62792401132
Score: 5.98162440962777
Runtime: 611ms
336026.353494656
325288.2103321024
320556.1158827815
307707.3757512915
296468.97423291486
283082.48515272123
267272.14277070493
261284.5409530102
240586.36331625225
224804.4530858869
211956.9115734379
202536.17646022653
193153.8414316612
183710.9928068009
178779.3947097929
170438.14226156776
164026.0057257468
155374.0824227144
149891.74900797827
146697.41129310738
142073.397177796
137624.9366737039
136787.302268059
138192.4477995677
136207.2110501436
128378.06280789478
126103.41427091346
123867.36717791145
119007.7179606996
116653.52799108915
107555.6807725887
110118.77595921863
100982.39099722145
96622.01379632631
91113.82509461779
82116.50799560217
81595.96481311879
87483.35805007398
83328.00448957247
82498.44821107535
77667.59037654054
75980.83035619171
75775.46188059621
75212.23075229567
70584.13577930428
65237.02359499931
70691.20352644387
62671.68466004658
71275.02855523357
73139.0766412011
64531.68025735504
62011.33742626357
60414.454774781756
61352.5516103584
54349.05736618254
54354.79860256711
56056.1684623649
63193.85468647772
55962.57815333615
50985.922179514244
47369.03583842178
44732.78917758896
46451.376965043084
36121.90323099021
34459.359285023536
31632.552248092306
Score: 7.087774583472235
Runtime: 636ms
336026.353494656
324237.24391754204
310387.3897709021
299054.1741875691
284179.0254370056
272798.36797953537
253432.3728482047
237809.07560124312
231776.2447059457
219584.21890099638
194038.70734244568
179915.39437178447
165067.51851673832
155651.60304103934
139294.0114397606
126377.54165396244
118360.75335424501
113009.12882733921
107024.31372012413
102387.27734146155
101377.43759065507
104904.53209810668
105901.83012410133
103772.96443976396
102788.29788791617
101548.71139949776
88381.08594744148
77241.70836850375
64259.857175906436
59334.94810631604
57211.82836876843
61223.66674916663
61999.23645365679
62507.960163282274
68510.82057910574
62496.49172067205
60353.344378381735
60073.3851602222
63842.19864887896
64352.596705071905
67953.51798319219
71230.61818569251
70476.20233196081
63450.27609109517
61118.63764414479
54114.525088023314
52308.85623595457
47119.34149941549
51676.210328128305
39582.61790154848
47579.66549595625
50188.66783759236
45748.659682118065
45812.68392030877
39289.34910694841
39165.04096573371
41059.79513460154
30974.875441491276
31182.897634238885
30985.106138682913
31532.057245396118
41025.04159028007
31271.462974029444
31646.95531214856
30322.473079429205
34255.001903394645
Score: 8.614894297671757
Runtime: 616ms
336026.353494656
324397.3122561599
314124.1445244177
299786.0068648316
276968.6502186582
258520.8010883391
253831.56916763276
246376.15723598847
231669.67931309494
221827.1678367106
211511.06365098996
196351.5751788773
186649.95097036276
178995.8414422495
168753.95514511224
164236.54024810193
159106.23381524294
154386.1467340062
153527.44987466442
146565.1980220841
146604.731842369
139838.20962584816
131807.30814860814
122296.3420667657
112712.05202462204
111296.4711037195
108599.50093400314
109155.1509201375
107435.19787687977
98654.21079746792
100426.20314977318
97258.04366638069
98142.33047651887
101604.82580585995
103811.32195480849
104397.8277512386
97789.64638225612
94021.52017991697
89526.6400312878
83208.34379912504
85687.72277282443
78328.23859030406
77775.45464117498
75884.73082357505
70491.1320794553
70064.8194165356
66545.2237608611
67490.58112399318
69352.92903760388
74375.0030461028
74260.9273252912
67223.36172381339
64349.839568128045
63918.617586677625
63043.19560951936
65876.51255914693
63169.75690373553
61185.98034985688
59161.1400527105
58612.62933266474
58655.42752392346
61455.92680677032
57685.04738038664
53352.84503725616
52357.81453055527
54957.12814328947
Score: 7.57481853920972
Runtime: 613ms
336026.353494656
327440.70885426947
302341.72534689866
287629.2817258624
266816.5212458979
248644.4150572845
229002.74916834896
218764.10418274326
205162.81039446132
194571.46701797974
175061.61574355623
167205.11923267634
166980.84883967348
161908.52135926025
156446.66058943412
144767.35871416706
134409.62190724286
135104.25116455962
126447.62770240816
123327.64857032077
118069.26104845213
108734.36706966137
95241.43196936755
96761.57525539437
96375.40511680911
97335.85067037574
103177.66053959573
109003.84571594832
105036.20207580653
98350.01757705506
92866.64476185637
89372.44749029042
91512.10076537459
78788.43425403892
78783.32200942533
84607.73466578334
77768.4257990626
77796.70713219656
78983.21981647349
71664.69287006443
67633.39401294364
63043.15312171221
62040.1996299353
65098.065375243714
60850.38133763845
58970.36170765336
57392.631478847565
63260.74148068803
62628.16971352374
56474.58513636814
55490.34596683317
55425.620280046125
52915.24422677857
49361.24600461396
53223.3992127335
58759.2098224179
58787.33516860573
53975.72338646174
54199.81705435766
51190.95296515924
47495.223903896906
46521.89063955512
51164.307079289654
51221.04678429826
50942.387621898786
50933.85298524591
Score: 8.278424824985485
Runtime: 667ms
336026.353494656
323778.4893590501
308040.556684132
291397.1590109229
277278.9841876364
255920.89059606145
236081.07784616007
232484.86510577693
219412.65642837062
213555.65961128374
211202.18004210066
208196.89942815568
196078.72772637042
189517.9006458985
181296.64363064064
175067.0224565331
168187.49792702112
160153.81089656948
150388.67143317
142806.90142364358
133990.63089783993
143450.2103327286
142274.57344202907
140956.74666459838
128677.10760675979
126504.51541945903
121143.02170646508
107079.2120409681
101593.77450530889
98270.01650036349
97187.56300633177
100057.65490803447
98958.10908393806
97811.22720265834
99015.37254847596
90931.71900622913
94739.0415083661
96027.7542409214
96434.85179537188
91178.81135545293
87730.76453568852
92736.44984264695
90017.75867771066
93982.38095214416
91323.43526352968
90013.17087448746
89263.65061565125
84329.51824417322
79602.94796408732
78747.20084435548
79096.75772540997
79184.68514937202
79431.87406725115
82373.42465443951
80681.95219747045
78953.72815976484
87477.18773884387
87050.12119370955
82943.70331496235
79407.3486952753
78105.48386734613
77901.11602254648
74147.44499536275
73358.03723970293
71691.0413560648
67799.60222421229
Score: 8.041388310448145
Runtime: 606ms
336026.353494656
324731.35506664374
307182.6499209689
293454.56021177804
274315.67434850277
259147.92654625245
250492.27801567415
245400.84543902104
239342.60376525202
237960.47293284346
231343.87605123952
225876.03940170948
217984.48364323954
212975.85427978862
200968.58485654523
188194.32550420336
184431.62778358077
173232.53516317307
165483.170901387
159238.64255421495
152084.69807974272
148597.7133160325
146015.55516650103
135954.17193429745
128664.70429909129
127498.95612788977
121865.85327938513
117046.71240119997
103020.50462289
94799.96499236146
91390.59624064321
81293.33893721456
78563.82048876699
78365.49613472578
79847.59344110943
74908.92467938735
72951.16823963697
68020.20464156268
70319.24439376348
63830.03344742058
55353.070914296244
53142.69349357396
49107.62026362969
47807.203724596555
48125.80741473222
45541.51375726058
52056.544057645406
54004.16360008912
56168.32291802934
59902.2526101459
55562.06288644527
59079.774170395794
50081.37896910461
44370.73239846244
43065.47209005406
44052.02676715206
46316.01559843591
49427.55318834593
47089.04646316696
43995.66328299953
40784.163978129836
49890.586534745285
45736.330755731426
46117.3472467895
40826.41379804949
41200.428205337936
Score: 8.416730442462658
Runtime: 654ms
336026.353494656
327756.10062345525
310630.6265900814
301307.28321805096
281195.75859821675
261516.38383342492
254337.91744056434
244583.17728069928
231399.51556563398
227182.45248948186
222582.7835315982
218041.8022345034
208219.520532936
199400.5981157301
194683.7634302128
186931.34404079794
175116.02773323617
164824.0457359676
154401.8986779596
143283.31946798536
133926.71187997042
134747.33511436588
125707.49399515061
124524.51104866633
123775.334517198
117947.38552430969
118002.75360297802
109023.81936632357
92661.43856315111
80783.20017031317
76947.40423133997
78487.39968051606
84714.1767005602
82745.63289682555
86110.90114622437
91439.28039148066
84784.23359248874
87874.05798138228
79132.72554710163
80462.91584209715
81617.5292424239
79348.54002441476
79027.61309352047
79010.07862052486
74317.06954929474
70439.62897363771
69350.83434937171
67675.65531265411
68468.16228351681
68720.06567813645
71279.94048141083
71150.4850457631
62688.02006100465
56632.300949085904
56936.93671322032
61947.401223394496
66472.22181681816
64732.644428007
68528.26246391318
66646.29231982169
49694.11508116134
52354.30695731656
55722.1921521669
53156.099246757774
48520.61920238136
46284.661042054766
Score: 4.545487846168095
Runtime: 612ms
336026.353494656
325610.63987021364
310997.58034371893
295822.15868435934
278107.61643079633
256098.71928290915
241710.0232792666
232070.39611947705
216365.09978994203
201785.94911096847
193949.55410358388
184600.35018138358
176019.3477703724
167410.8014239137
159900.52152954764
159604.5010041567
159247.0597114779
161731.34648255326
152447.0840165207
149607.4543019942
147323.7981611488
151205.16401251216
146782.152082603
148651.58049921945
145419.98432111743
136652.80194313347
129472.58425968628
116212.32578987253
111479.2746992232
105363.69397494695
97487.21809701677
90365.74806868628
92286.14349240907
85883.5843975552
80421.12976015045
77298.35311965556
78162.2296819623
67634.9439161153
69324.08997284036
69447.29204024436
62408.168937744376
56606.23546960319
52193.91060340097
58846.36850750035
55308.07063206989
55209.56123636362
58181.919847248624
58393.02844033834
58265.807152171314
51897.05444563474
54542.26339466574
59187.15223752612
56968.604740318675
44606.46902435953
48998.496936220545
45348.02554658237
42708.35401167283
44166.20305412183
43367.7587883397
42732.903544534594
40406.83013747809
46522.95358314787
39243.99124544448
41700.12533910407
42298.80271827051
43494.159187964266
Score: 6.0575900049015985
Runtime: 679ms
336026.353494656
323545.62758712255
313036.7284042196
297840.82533676823
278895.1885398872
265446.0775497129
254540.26546380387
235740.22850145874
223460.9599400531
211632.72488402616
200685.38834481384
197241.24966741423
192422.59013443254
186285.245641704
178160.40852121185
161559.25878602566
157291.1726966287
151061.71072866576
156713.34405842936
158121.01310288106
163143.08510891395
147873.81820220724
152379.96999585858
147305.36942791467
143178.9098944089
131089.21733675894
121889.93117498465
126626.19912565172
119948.73465446314
123448.79611323515
116806.05517890035
116725.45553098315
115947.70581217419
99690.74818336063
97611.85538588838
90709.92997639689
84033.24601205632
88151.33155085258
84498.78257261196
85291.33421420929
80347.91749045695
70294.42917290557
78494.87618459717
78910.97095006176
72968.91185577688
70228.07751075289
66458.82069750085
68365.19009391393
68182.49575955364
72678.73780434227
78798.99783155239
87659.94518897736
79803.29954311479
85898.8638874771
82548.34547958152
73336.37422725669
73839.66725003369
74620.99869397849
75809.59336894537
72595.97824055204
73298.50413547715
70597.81150898983
63587.09405251947
66339.17873149083
62982.12539614854
64293.4023138311
Score: 6.3791182767136
Runtime: 617ms
336026.353494656
322779.6668363139
301507.0461708633
284057.8700276773
259613.87248326055
252196.6692925752
243596.34665590388
223648.48994311845
209524.99746850866
194895.87551067836
186305.5591335717
182379.27784452084
171897.85903283523
162711.88399376583
155437.6832457451
152281.03555098342
152337.46459328267
148275.83747966148
146106.96207438642
143208.80234620196
138964.24796532473
133002.78319662964
137749.58962161388
135473.28900243444
130122.569419124
128452.86629662139
123566.23286294131
123250.3774385671
122021.84154661534
116735.58036283146
115195.1233538622
117901.36903678611
121096.68607885491
123403.19279841053
120544.8976900939
114432.36720372121
105047.48199147901
92239.79055740562
94341.64798377255
87411.81273616366
80645.88302828681
79346.73640407766
76519.19325518476
68583.57130009151
58638.460288299946
53850.8015340423
51177.02075777354
52586.13646628194
52894.2143542623
50018.99562638287
47992.86709711001
50009.74317589297
43607.77228633185
40936.88064968918
41542.73374200754
52736.03398053701
54834.662204279426
55022.55381170685
48424.09836854274
42680.20160701644
54208.297236833554
53608.05335158957
55586.24532793671
49109.0990439338
45933.97716561698
50790.02635010351
Score: 7.056649751846051
Runtime: 616ms
336026.353494656
322781.1062182438
309697.6603861594
289276.58141697705
274225.0358091045
253882.80363052306
247193.93220883663
239049.69151422306
225485.93517485008
215253.77416453307
208702.2754878555
197443.6687725474
191971.09473157336
180928.46629312707
172363.86791297724
166051.4263062806
156781.5236786586
151474.7797152769
147925.98544465465
151592.37282470823
150588.50065023958
144198.5063434852
143951.67576194345
142211.53353995396
138310.21839058778
131343.36622440154
130055.77395916443
125103.55781672604
123723.59222629372
116506.31030138726
104736.01615818065
101652.1739488777
98242.2971659415
92982.13028126508
90570.48950374563
98787.13709313846
95390.8481203568
91429.31994661251
89203.98810281364
81840.14565628661
80523.61833069059
82293.51294279529
79749.06530190476
85623.24209001794
84383.1484541921
84602.56174429816
89760.22734844043
83445.18777361714
78502.8851615948
80486.53317262941
78180.00407301428
78957.90927085046
84318.05036413678
82158.78685013879
80204.02576534859
80947.04685458589
68259.25619169533
71491.97895199861
70936.17949171476
70222.25650375568
71647.23199272412
82860.4916219183
76982.82823996691
76868.51249970416
76569.71133433127
70711.60404112766
Score: 6.373200620328918
Runtime: 676ms
336026.353494656
325418.8807116679
311273.89881861303
290980.7020762316
274950.2682958499
264156.6610568168
248777.2172639542
231195.44745451605
214422.8767261741
199369.48701568774
186248.20689685966
171901.21625585933
165296.39264132516
159531.2967956091
158434.91181416795
146830.24575981995
142019.38830938633
136181.5741637916
136618.84067755134
131868.8169205238
130198.83185990478
132338.32446795452
131065.02381171467
131804.5715887782
131744.96062493653
122811.56857617183
121527.3180342949
124209.20478097357
125592.11555926503
122630.54404337304
119298.82255637934
112121.37155474773
108151.37857948599
106196.71558033678
97372.31358134538
95370.75088654952
91227.56904952417
84741.18436142884
81659.58884277588
75793.21030099796
71707.09445725157
67628.75700709592
66190.89845509935
62321.58364245713
68172.2982548207
69672.64803939615
63045.07509908862
70426.74539286309
52718.05545954776
56748.35384076608
51917.78169807183
58680.04283098045
54939.683980042544
61147.02437148109
64974.0085503644
63117.60769777286
62849.11066972929
67529.78948870937
67742.29969132508
74514.76776116535
67267.07501561064
72719.03901743014
67918.45072138021
61556.02945313401
61961.926716478054
59070.87268301196
Score: 8.058316312357288
Runtime: 663ms
336026.353494656
324113.2960545532
311399.5002682938
295196.2505404125
280980.5461460195
266679.71519104094
249487.76313880077
235439.45729768078
224528.36678919764
215092.74760231728
203871.06604179917
193809.5841160912
181327.67890242045
176447.13173612763
167046.78890874452
156503.43560550874
147569.45305460758
143862.52633982
141004.38962278792
135467.86701680158
129466.8178685471
123956.20406096087
118201.69206819913
113168.1783064005
113022.1413158895
107372.90048611115
90900.01944738178
82126.53195164153
86707.03289880593
77390.61471896547
71842.63702515603
73673.73401725471
78703.940270526
81526.43583289554
84934.26270421987
83890.91032701432
99589.98624984937
96987.61570399177
98933.88143786193
103573.83392731995
101888.72190448415
110626.15229053378
108875.43380978581
106189.4525297894
104841.8919236998
95185.38079684532
95717.95919052079
86290.31263816275
76939.71318002115
77461.54922293819
77990.80302753832
66318.05793494865
75575.16378044547
67338.4134359442
64076.758306621545
66001.07317816788
66936.98379577053
72997.10099214259
69560.86021503803
76142.24391055573
75654.3236388697
81470.75228505516
72402.19966582066
75202.56802047208
74879.93989345942
75840.56722265818
Score: 5.516929404513917
Runtime: 638ms
336026.353494656
323513.3096980779
306421.65410801186
290530.71966385527
269988.2068849368
251417.15009012664
239293.09599619854
231505.38092431752
223203.48318400688
217331.13209251512
207513.9292698718
204180.47059872354
192184.40884815718
180621.40676045133
171575.1082013958
167766.44019379868
153939.8687482031
143407.4290501104
142175.97690899062
136538.50285591092
132536.26358949151
126696.73581635814
122981.66699567699
119560.1531001113
117400.25538500815
113549.52746010073
113968.65194965589
115539.53616695214
111926.60012267789
109730.79499467152
107963.4746681552
104794.443587416
103603.90465701473
103104.9492881598
108001.61049735955
105442.55427582591
108766.8827322214
105849.34497000954
108610.21830117982
106051.33795970482
103040.09710263943
96677.66121088174
98270.68484737334
96781.61585171589
93954.860639678
94684.84777612756
91780.0764811683
90028.59473534873
89398.28982264355
88458.32671264138
88760.72287617724
86112.55860272785
75482.62829213304
75150.5246969634
63105.65941989965
63253.60539207053
57609.84575573913
54644.45400982115
53242.04151198216
51641.125319290826
47585.250373316194
49816.82673418069
41263.24078686354
34044.053789605714
36853.724960578525
36587.045521409105
Score: 7.607054259052385
Runtime: 598ms
336026.353494656
325076.6343221804
306078.8151082478
295311.0555682238
277252.85625889926
262541.02595464163
253501.7801035885
245328.43850057086
242693.66239492406
232582.07538086872
223016.516813202
210113.6579123667
202512.53327433503
193302.44006712586
180322.02389999828
176808.29930780627
171251.00841413636
162759.42008579377
159846.60980528378
159743.51069080672
154909.0378753168
156003.8626687758
148971.10744378
143432.82928676403
141366.4787009341
145780.46155112385
143516.00336175098
134781.6096407614
124867.08315691588
127120.82359525477
122994.15245262363
117695.98030487592
115555.07497338556
112125.8394922616
111425.22606845555
105023.79338932145
108790.45237755448
101178.68936844831
101975.87841082212
97318.39255327803
88131.9319103889
85455.80324644662
79381.95041474789
88664.0266806678
82997.3307141669
84958.69671143542
80042.55929442144
72562.44355949388
78357.26433107488
76362.33889410399
67479.2765257407
71386.53794451368
75422.99861707631
75865.43008879927
73501.43132865056
62679.03598564591
70359.04960377197
67998.8717611556
66824.31536053367
61686.69380604816
60427.958563047156
52650.576541305
57349.11229553433
65011.675553772366
59549.183295039715
59200.16393003246
Score: 6.408681303854474
Runtime: 600ms
336026.353494656
322865.5873084324
304494.86821350775
289751.1663323062
275541.1628588969
263122.8026466377
251779.59177850463
238293.17114971424
234251.42699870412
224046.41805204903
208633.10913799968
194179.84240543318
179589.1648462856
170482.64802246008
163218.66549704495
159280.756943315
157705.573541429
149890.25623464352
148764.7567982137
146611.81194948364
137425.06233707746
130689.43222407076
123881.09964365014
121891.55070501128
118066.63855538826
111432.69887017061
105609.09472179443
98575.67258366107
99217.9789034715
95163.95582131417
95547.68680972792
92642.07562503242
88307.84860585626
84931.12277648303
81148.45094897854
80007.60305378053
79111.3172281025
83565.96772883632
87559.06639088523
83853.05136557788
79251.85809289884
77457.27311526169
76432.9903323559
69241.50550880708
67195.09810124956
61145.4813095788
62787.9585497735
59584.994685311634
50208.35753283055
47037.440338775246
51481.1087043878
48059.19998394147
41757.25766303109
44988.288601607084
47562.46727205991
54481.65470130869
54517.149211022544
46434.8927585058
43104.10617552327
41944.48787873922
38249.84762929609
40117.65912232593
39574.59760307667
40097.66709043161
38752.17440574248
42130.77541848646
Score: 8.157280645653795
Runtime: 661ms
336026.353494656
326233.978206077
308167.51184636616
292161.55074342224
272868.5199960596
256077.51353814462
243599.01657424116
229017.97834128892
216311.5468269851
209275.46858997605
192314.1348884936
182085.59111124306
162318.30569662136
147724.69525029155
131833.14497239527
119213.53138780066
118644.78321933169
115668.4514829297
123606.91090767944
119701.65047200402
116361.36969830861
113691.96237675265
109966.6199627808
97405.22999376287
95595.60269384761
98204.91839747033
93855.7993325944
87595.33816846502
88410.51592407927
91820.65624515276
76799.25279003859
72786.13222466296
73340.08261951055
73342.88685842959
69404.80025409481
74751.43870421688
68861.898522071
63612.29738235839
71307.30267123746
77163.78950253602
67545.56811692225
72666.56700963352
70787.60032456552
69798.73626044921
73429.6623002833
79219.62542644009
78680.01651841502
73365.81178831049
70764.4134057395
66369.18446518136
62778.58864915512
52855.24656986801
59215.11607425044
59608.19983780876
56129.3673823194
53013.2938133782
50905.460972489534
57091.523817747926
52837.324198281676
52746.949596329825
49817.15059658298
42132.647415850355
53321.58705930867
51921.93733653227
50829.00093112331
41760.759623188176
Score: 8.549944928447715
Runtime: 667ms
336026.353494656
323351.242740245
304122.9199156746
289330.09281318646
277930.8644691018
270017.2366898397
258463.7070119537
245453.76377512282
235178.28187716796
218974.33189202432
210622.62704687033
200526.15346799805
191474.19653544857
184942.88247358444
179367.86939312262
174046.39997244306
170165.44838707306
165609.8954051905
166018.7064553279
159826.9538364579
154898.5363333816
155937.81973618543
150906.8475302667
134959.6312757133
127970.39838852246
130748.56747067712
124896.22733996308
124087.42929004628
129182.30917950904
126636.46977568362
122460.69668829627
117509.4031150213
112553.46017898277
109741.19862967847
112618.35274681017
111322.69532345147
105024.14365329008
107391.7946437748
108113.75169512424
101726.39998889784
102511.12738576489
104068.57251233714
103598.12846223696
97000.69361765873
96687.4345950614
91911.89281017498
89288.71332445898
92528.00661831822
90005.79500108665
83721.77689745357
87147.90601186782
90624.30353494329
87321.30319293763
84754.648432213
86900.15056457862
83498.00943212619
90709.25204686158
83114.1973608427
79294.01831318258
78652.09826488073
86366.32131161357
84792.18246183274
89735.06264919027
90067.96815149044
88141.28593568863
90458.08052912797
Score: 8.01281123476933
Runtime: 641ms
