336026.353494656
324674.3217424184
306124.27419777703
290426.49558976025
271525.96389167977
265308.7240983102
254164.92016484315
242389.82020144234
224430.8361511189
210431.65244750903
192242.4693675597
181548.871215033
170588.0016721636
161460.48480112336
156880.79801593625
149351.0703892164
142820.3796415884
130565.76050707242
123345.84277336039
116498.22947446526
107046.79139315181
96323.38107580677
73288.69305139879
54070.55476657735
49181.536345806315
47588.284859364256
46960.274198698615
48420.21821790551
47197.20540223228
47039.595965838096
46368.609642511474
46419.141940224465
46088.083522928864
45193.47241051904
44438.4003422692
40919.37798347624
42010.73415544427
40027.84905272775
39481.93991932738
38646.942755955155
39422.243552312204
38299.00890370188
35199.70905059279
34897.039167942225
36244.398191752014
36377.356978804426
37768.280785141054
36747.89507010798
37959.452020015204
38672.8126524895
39042.13673567707
38410.39925076828
37847.78848903881
37295.80786992891
37360.91506181476
36680.77736684202
35865.112574843864
35944.45013003005
35964.24164882686
36922.13179799783
36251.091887159564
35932.24719700403
35233.3671795359
34051.57290862022
33930.09034286689
33444.927358719186
Score: 8.543713564677827
Runtime: 624ms
336026.353494656
328338.7976315164
306861.01847176615
293279.485874188
283288.1296626787
271851.3203816363
258644.17139961675
247857.75656063503
235470.7692318879
228296.66305865205
217623.05306647057
210068.07907197173
205361.9621396007
197227.0520756205
190205.28091969955
178470.0289302485
175048.33185638604
169723.39746820094
158576.1876432627
152219.71611255116
150708.6865846155
146650.4225909142
142229.42924042352
138593.4878992353
131127.94008400946
125123.92785449575
123164.47428986682
115618.94079212344
106446.64996970994
99124.52624732032
90173.80765891337
83942.60064057854
77248.17520297832
72585.68088507153
73427.75171529823
73991.79748499596
74408.8295192088
74838.83189561077
72092.11890480581
69474.14467637826
65053.18423814314
61396.57310591101
59535.6077005873
59234.62870863103
56660.904535564245
53623.533318186644
53749.240915055925
52693.281888336074
51633.55674575397
49664.80572622721
49391.98966428742
47293.72029097395
44305.16069240708
43309.21963785413
41825.640909720045
41000.92645539519
40200.06531201928
39338.86644496703
38890.66285156073
37230.71552440593
37350.50391562126
37124.8639173109
37446.24166475356
37294.69630145115
37062.944251725625
35621.186240774725
Score: 9.552006559879501
Runtime: 619ms
336026.353494656
323503.16449966637
302935.9211584771
284504.9930827017
277155.83720057737
261226.0163850456
250441.35795496334
229741.296216518
210981.19032278267
189793.6148569529
166635.38892560126
148951.9192688519
128385.43668647321
100846.35862156369
88885.55023026698
79419.88109823316
75367.77285898934
70017.58058411453
70559.58267994826
65033.33704924612
60648.55356282222
54640.41723521507
52331.464700463046
47942.61930573444
46402.55362054194
46776.56037627205
48647.39362412444
45774.27661128629
46546.982331464766
46214.45379362093
44138.98976900184
44526.79191263199
44300.10361139604
45703.02156310382
46498.30423896883
46789.93326429512
46886.489945794885
47097.843779144685
48539.51866322378
48712.194065090116
49402.089000229695
48692.77225937494
47058.9185996172
45891.254899144915
44317.11994774772
44357.18442323038
43911.5122526708
43670.65661402374
44294.575760155465
43955.9863046624
42923.875159426025
42591.34883028055
41549.95388122666
40455.55750948731
39765.40386531791
38797.98120211669
36380.77287351247
35470.341014491096
36042.84749696865
35392.363683133706
33307.65765433573
33357.72247408881
32673.151209213247
31563.97609480016
30884.157811824913
29659.26580962309
Score: 9.272028378415598
Runtime: 608ms
336026.353494656
324853.9082276996
308520.70952833485
298941.6266064419
283723.4671113323
277959.6824515658
260838.694597263
246356.51107180867
228447.6131874301
219865.36191338432
205121.6026266531
183891.9624792861
170112.58404828166
147566.9837041597
124934.2031914205
106439.94116893862
95490.30806127461
89217.91282871763
86369.62464646019
87679.2900788312
88067.20881372805
90858.4253615825
87269.43184552657
82178.81074531908
81837.6940781769
79210.16176751601
77023.84085407614
77101.33224034884
78420.58006360012
72563.08322530233
70805.67135229964
69271.32503860029
71060.53428283859
69653.72293170357
68221.87673932096
66406.68033868601
63804.34219455544
62313.94694695946
59626.004228007005
59255.27836746656
57556.23415808037
55334.07581064595
53253.09977069603
50821.27729159898
49904.20802470238
47470.37830665072
46049.94260509832
44504.98493128403
43670.983165578815
43764.30490394795
43715.68600218931
42272.75036288551
41325.38842835136
41642.90062895678
42794.672879766564
42912.64798807848
41554.00265739397
40692.851804651305
39193.84348478219
39489.636919950215
38752.246786637064
38192.94011591547
38602.803937466284
36605.29053110954
36035.207215528055
35918.28375832828
Score: 9.258848813376833
Runtime: 639ms
336026.353494656
322219.6001526489
307515.1051166537
292273.8624411599
274759.0000219105
249879.4475561291
225741.93960123498
205170.11814852964
174218.20902583908
152411.56148675925
139468.1461288736
122472.87069793548
114453.44252417133
99873.15059716604
89899.41310089875
90118.46975543577
87491.54685806161
83827.92284539879
79886.46622518943
76568.11163925045
74180.77925350357
72580.97933439862
70901.89753348737
64582.39628249164
63526.1441236511
62106.926288337716
60460.09233393651
61966.837034016025
60493.23798256803
58564.98418201539
57772.138790731646
57755.66993983187
56952.84419429372
56987.3269105454
55708.282109705855
56561.137019445785
55134.41641225685
54560.2870052806
54144.14751204277
54016.7713521515
51180.11657896065
49140.85654325604
47948.21841850032
47299.464153774425
45257.464808087745
45094.42166025699
44476.864094974175
44446.07941272772
43780.967297461204
42744.217040603646
43123.253476791004
42913.65933258713
42903.595121417624
43406.971225861074
43768.358017974235
41861.796796933755
40853.06551928287
39875.28287130509
40273.412489267685
38727.322049757706
38701.05770038989
38659.230631918435
38883.214045224166
37908.57010857437
37301.279682704895
35364.24675142749
Score: 9.106411704609384
Runtime: 640ms
336026.353494656
324143.5086332496
305163.79337859305
281226.0923199374
268465.345338996
253426.93425303858
241869.125082457
223561.0049990353
210004.19835354938
198260.817140324
187577.6553331172
169997.6204150626
153532.63582746117
134518.47779573206
126419.1228452535
118991.21909997366
111255.9609666624
107719.63208749941
102371.70856137769
95932.49665488843
88584.4015019088
82987.87866804836
81055.59043082925
74854.06117546481
72198.07768118512
70410.37121853487
66441.86399088436
60489.31108121927
60185.778463477305
60686.98737538012
61954.07151081158
60797.99667096223
59821.751122697715
59275.652660890395
56433.837393853406
57542.55516774171
54154.76879990365
52526.6935373745
48108.62453433317
47461.34615360571
44764.90929707353
42497.24429043765
41612.81086354633
41911.336071452955
40714.97648360167
41080.08631665986
40817.649417056826
39738.262282873584
37005.07457750725
38097.73834806469
37450.69046492572
37675.33382934492
37869.346874449104
37355.5593444241
38030.14019059131
38244.21578326246
37661.69817552622
37624.884434861815
36358.36931805828
35768.41017222366
35238.9993261445
34980.91593164597
34610.02315315739
35276.6456971607
34645.49711578925
34316.314823299814
Score: 9.208011141595378
Runtime: 577ms
336026.353494656
321948.3939735652
310781.39345335757
296686.9018953198
278203.21840642276
260086.31495919116
250713.06241828154
233442.23676294068
217885.55557553048
208193.1986867272
193725.90344487858
179160.06267237902
154988.70025963066
135794.55078617478
112214.7877648443
96966.6692769821
89593.76449514575
83967.83921262929
77703.55793942734
73244.05631611553
74893.58954327782
70711.88735190897
69386.6344150002
73757.30331419801
73248.92046963633
78344.96499507327
88023.28376497288
92796.94006861713
91830.98780304783
90374.99710723868
84796.53063800948
80616.69535035835
75369.541621698
64269.18669580749
60868.551926508255
57321.11387826177
55037.45189953394
55111.4823684759
56053.776354698915
54364.486509872564
54971.014260737924
53630.44605900981
53727.26364296726
52757.602938471035
52749.87489312033
52667.323901731506
51313.51544445314
53289.06772875224
53258.43250337244
51605.77367310879
50151.22167628396
46240.69931016101
45650.4254608885
45983.196507681
43821.30560210753
41894.1882446532
43543.021440684286
41403.35816774199
37259.11855796905
36084.06247667873
36668.750030041214
34432.74726749842
34903.50326571462
34093.11525999794
34167.36323913133
34805.72470643452
Score: 9.121977314549737
Runtime: 630ms
336026.353494656
322955.1820402778
303597.22566522245
294049.02718481707
278335.6860751674
264689.5425065299
257740.7358509841
248036.15656623716
228185.3934525807
217401.54604564531
210456.96905426547
198728.73470245753
184075.08073697134
175716.27992055714
169724.25779694552
158097.95410808732
150718.61984416386
140109.9914599906
135770.28805587112
129086.77651390989
117400.74274390757
108586.1769868593
99474.25995671816
94067.85285522566
86847.30834237397
83736.18092060612
81517.95133111649
80398.29205185431
78080.7747692311
77618.33761591642
77076.9871222453
76952.37754628946
76839.02248219028
75010.52790788857
73051.48235196999
73707.07528984641
76034.07426675883
74424.98779213266
75014.3765582183
72802.51923770522
71595.56275240594
71106.29706558026
69594.97280303831
67516.57932156422
67008.98058808336
67498.63302406958
67046.30310122555
64555.31715440281
65234.29858225536
64952.049348462475
61323.513621743616
59057.64500632857
55003.15380023934
55391.035050759194
54657.25652796937
52541.329489289026
50351.97320516932
49673.36051175533
50562.23663256651
46699.73624035203
43918.15047418384
42332.316100560936
41433.89688144492
39911.90190787443
39333.61277422283
37176.7266145711
Score: 9.319719459280133
Runtime: 626ms
336026.353494656
322005.3976555148
308563.8947123746
296159.2141446917
279914.2805586495
263958.2372692441
258063.33776964503
246847.72009509293
223072.457673899
202365.4457993047
175904.9724585716
165348.74595842103
151648.477165422
134922.8862675432
128814.63120017141
110835.92910662951
107101.45478245075
103459.79858005742
96529.16970702435
95390.85006785458
89092.1058169827
87551.85064046366
81035.02856763142
78550.84463038344
75145.1698976737
74836.59237423993
72912.37004873656
69616.48741685892
65982.53287838545
63515.880013223985
58839.275896375395
56705.81374151162
52114.21847608447
49890.746899596146
48868.80362443878
46188.601440972256
44669.7317668351
43507.44462409733
42241.05199606343
43791.14216356205
43627.402719298254
43059.62887486609
43095.03164649436
42444.33745815451
42331.80081761343
41119.47522529137
41202.5264736627
39787.229854133264
39462.55402326048
39496.893777779645
38976.81290521114
38117.70005435105
36372.27402492802
36106.171317153094
36869.03177324245
36631.91269303011
36453.84142568425
33514.20313434338
31909.72328447185
32583.370237436473
33343.1371192255
32974.52977635117
32536.960962739664
33150.74730651085
33128.597596667576
32713.23644245277
Score: 9.342025347413337
Runtime: 568ms
336026.353494656
326861.601940833
313211.82899300975
296361.90203023737
280468.2068787046
266873.91925114254
249620.346745389
236178.79420838182
217314.55584283563
197437.9329671453
178349.44244754824
147857.5473916472
116291.5533980667
96709.51370777364
82087.24633720414
73546.3656128826
67021.91254935515
71662.62597479935
65034.34289700247
61648.30755687564
55732.50573400987
49434.070626165754
49305.331961993834
47708.90328126539
45990.694662546965
46168.094472166515
46367.49431003532
42535.89987431164
41555.51681757738
41039.57564888484
43077.3226872193
41831.72822910246
41917.50126798021
42272.36889555655
44181.04880878487
45491.419309101046
44375.99650177106
43473.21920695592
42910.30132537351
43515.07450939591
42547.615716964916
42463.43584383019
43307.46382579571
43278.93544120177
42342.984981078225
42595.0138784721
42281.86929892472
41877.2890948107
42484.560838381076
42011.5150594567
41224.736105081975
40852.71938067698
42315.63872309068
42030.053404496524
41625.20864569322
42642.608472724576
41211.46910307514
41373.30177481943
41206.037359690556
40051.42873665233
39098.48223675961
38154.812959093004
37770.596746451854
38637.44959808789
38493.17000258394
37396.84252977926
Score: 9.05316301053054
Runtime: 582ms
336026.353494656
321137.1499112472
306871.66933723725
292015.3543489589
267435.8501129635
247264.62104018554
237390.67211130486
216360.9957565645
206284.89110955564
192932.69160214308
177571.27294549308
167801.5840624339
153479.6879234893
144459.0579813594
141680.05858443613
133363.47521058674
132250.06810067204
129650.18247260866
130234.42551690132
125286.84297471991
123202.54404699878
115511.02982317345
112485.19671179538
105537.78708303082
101246.03010570987
101205.2468013996
98760.3553356769
93443.7957181554
90799.23763624225
89687.13363744719
87818.75800271028
84234.89576161598
82135.37627175264
78220.32438462894
75110.21627556374
73678.37920922563
70397.96335666066
65656.42083783662
66423.60275839057
66141.02995986013
62076.85448525755
61939.86947082968
59736.87738406837
57485.33321913408
55570.549891979594
55959.80520700368
53590.3768741223
53536.57611257879
53007.701108570815
51391.934142435515
51503.40531881617
51238.14736035241
51751.42015483933
51227.57127892358
49731.55556684126
48130.29543984935
45916.9569527756
43535.7542328471
43829.57184151417
45046.257595060546
41883.856950961774
42671.034571120974
42169.040700466765
40009.890211014404
39033.46776276722
40453.74345366535
Score: 8.770225353193664
Runtime: 634ms
336026.353494656
321116.45892454404
312488.3339766154
300844.05009158363
285124.60630660213
268629.30184843135
243225.6401767199
230309.174412525
219056.06491096143
212533.99788068008
197350.49718503165
186613.17005326203
157530.8210465447
135311.57246657755
122121.95790197673
117713.6666765324
110026.19741647456
98799.01752242983
95837.26815158705
95105.80991112324
90141.44034668632
86875.83553012396
85689.81333340236
82112.17711379756
78624.15605298395
78552.70249246749
78614.44836532164
76642.11532870402
73104.78217048095
70377.72201765503
68628.84797606272
66563.74566049024
63391.42419250852
60020.043660632444
59102.47957803471
53587.60765517352
50751.48722531692
48216.743125824025
46486.53348876882
42743.97068381987
41267.91958680103
40376.141774730495
41062.742037211196
40270.75690754543
38962.053458575196
37489.903515772836
38582.604169726066
35208.6980367973
34001.067455434786
33155.06159931342
33253.90873662284
32927.703828397025
31959.322121279914
31660.163335751928
31846.646684837368
31417.694833803027
31023.457464100873
31738.8738051439
32505.090673619903
32384.965807246925
31838.86151914606
31485.266706069826
30897.24507026917
30056.18475527734
29322.297703795943
30223.912674041974
Score: 9.70401036263853
Runtime: 619ms
336026.353494656
325971.0901229905
306573.5466617295
287484.3099566802
274516.6642641269
256885.82951295958
239632.53968160434
230767.74001513803
222985.4902673085
205582.08752824072
195394.94569887716
166685.22794683956
145466.40363675694
133401.76380823553
104703.82047970849
94099.42757924531
85817.55867064549
91202.80433694359
82089.13942044835
75719.86230695274
75596.08248341751
73049.75912203653
70760.45890311718
64886.24099586293
58249.72308650045
56763.456809616946
55239.65502362812
54485.50141794188
53240.11958308456
51482.16653792465
52412.21836785699
50674.04146139301
49852.09772583526
49554.6254439805
48653.68850520422
47475.96461531359
48457.144402648504
44924.7844352655
43931.958167755416
43222.45247886969
42195.11615133355
40975.50903011716
42220.856206766824
42264.656918457156
41752.04392620583
39976.28849448818
40957.55160788924
41019.1285444183
38949.367059833676
39260.35892506579
38874.07702450545
36637.368813170724
35364.59096706769
34079.42393352715
33263.425208486704
33143.644808308185
33090.84369942821
33163.32253189428
32930.94329111814
33092.303494532774
33557.03984315772
33074.05557235694
32397.36163206815
32008.75065551434
32267.369722481344
30965.560176914496
Score: 9.263290353516908
Runtime: 639ms
336026.353494656
327301.42409026186
306787.0430467801
288608.79440791794
284793.43636200856
274443.4707462217
263253.51587630395
250862.76263636583
234875.4588832693
215745.44196578788
198746.65089611485
174116.66226453817
142161.1144362862
128888.7673946942
106041.27056771293
85767.63290853167
82135.29241918396
75152.01679183039
71217.07758924774
65930.5203203934
63055.525291190395
60266.5173223054
58882.933683227566
58728.751417101616
55505.00126962506
57451.27802552969
56126.76543235758
54844.71164569418
51924.523427941
49434.06792247229
49814.588225132036
48972.0446906715
49058.6353554158
48949.08596445279
48451.89329540979
49278.964265672024
49458.06056530044
50825.181467409566
49593.15600779411
49080.65696595295
47472.61446332594
44975.10020900727
43640.52330663998
44840.566275649304
43972.30712289151
43796.357645648946
42546.83615500155
40876.82132948137
40507.80642126307
38010.04755801796
37793.79156225888
38110.703390469425
37557.897404320225
35894.47232171624
36705.80680919124
35907.33904019889
34404.51708224064
34553.324042355605
33613.28947134905
33299.26683614538
33075.447249435136
31609.160646725308
31367.731894398425
30660.530455568925
31865.36246247587
33077.066747892124
Score: 9.099965454174962
Runtime: 619ms
336026.353494656
324195.4207657855
303320.43014747865
289818.65083293413
265768.34741468186
249272.13959561297
234345.5583105676
215077.4736581169
201886.27559149856
179355.98390188394
169785.28232658908
161456.00273006762
145823.1477576553
133324.06554291607
108715.22813350783
97853.97664420056
74818.2962885289
71343.54416706097
66526.80970310773
58785.84178828842
56373.62862050648
56091.33155171602
56202.86494855512
55949.002697167016
54938.08825889645
52446.989791854154
53914.40428713513
53059.92241235489
53990.1954995396
54160.471780237596
53577.174720008
54466.37533217643
55271.970564760384
54347.94647739679
53344.890961093384
51624.14244632626
50975.5956446724
49155.849524078054
48963.80738561578
48630.097289983714
48930.55892091389
47467.91851238352
47301.29298622915
43342.128894096
43751.99440883165
42804.391352835126
40982.67824257104
42179.38079538465
40709.19771961881
39371.92950531359
37831.63341083258
36454.137744461135
35921.92459357429
35467.21594077447
36062.56043940563
34380.90336095356
34014.66496144203
33555.82210995118
32867.4325097197
33803.465963685
33188.87633253641
33039.97695604925
33455.78110947238
33249.832139155355
32133.57005959307
32407.13368892178
Score: 8.781595440383992
Runtime: 589ms
336026.353494656
323705.8795854652
307570.7547575068
284933.51613339584
263033.1669824738
255241.26266221897
242973.05452112274
223742.8474533013
209533.400337798
205534.2154117086
185687.29284061358
161383.72330921236
126023.10530280496
98801.0459508061
88344.87049490039
71861.96198853754
63721.84110824653
61726.95875087545
57981.58523874311
53325.0720706711
53227.82881699374
54675.109577366384
55490.58570001317
55088.71620719929
55514.9313257695
55549.451164385944
53709.18610490287
51821.688739262296
49573.22083811509
46752.11207558665
45720.49923485977
43109.250242345384
43726.00245531343
43204.50240714494
42436.186608062184
43601.899162196765
43287.864304082635
43219.17743112176
43349.00818426502
43166.702536247496
45089.51629000616
44919.49145966336
41806.88097643854
41304.76595566103
42352.78011200546
42011.05626297371
41913.623881019215
41336.36753499541
40997.13998568429
41049.53546506103
39796.414874447524
37849.15539511593
36714.562926237544
37386.388219687564
35583.879173006426
35784.97518424165
35322.74691725824
34945.95154615905
33733.804586483544
33251.56238019435
32410.91409343584
32073.431041511696
30813.031098149746
30863.55104994696
32806.396758614566
33017.44504370794
Score: 9.11032503955982
Runtime: 555ms
336026.353494656
324398.87208509084
308191.36162012664
292555.75999119465
272841.604728104
259994.8609094839
243761.43448847343
213784.80837347373
187745.43126081064
170095.91273532246
140785.8452789711
119348.01562193752
106423.91169267839
98810.4608638779
92748.2149570828
91559.04135960939
87851.73750603433
82057.96162208212
74248.4921600572
68937.72388523491
64244.08241238744
63045.59505873696
63099.89001299306
58683.00080620411
55545.33187892489
55367.33100534609
52719.57404392723
51428.112948261536
52845.831444688505
52334.009857509925
50925.2130798113
49272.50658709225
49618.188661824905
47957.898018006825
47532.578599111606
45561.199777061636
44379.58713668236
44593.35448873192
45225.995794571725
44602.328315299135
44061.38379908824
44754.86511206028
45186.89935983089
44337.735760556854
43584.9733230875
42709.517764633805
42610.04635658477
42710.087103818005
43440.91407602121
41850.26285907716
41549.24566183762
39707.39264022585
38788.37852615022
39588.47488051923
38879.412036836526
38560.69165581939
38315.83456283819
38380.39268704802
37681.180927099565
37046.85797882568
37536.56597497117
37085.214899164675
36703.74476983929
34326.36949866535
32718.67753136259
32307.445349065427
Score: 8.93001279755146
Runtime: 593ms
336026.353494656
324701.4500199943
308067.17511750024
293424.2611893785
275410.1047813001
258758.56105969037
248018.6372125818
235138.61939392114
220525.73218317237
204515.14907392423
180371.57691177644
162991.59616948117
147258.9312693532
132589.4972049475
119400.10411384226
113791.58429939093
105632.45252239687
101971.51698053678
96556.41325613887
91671.13843324073
89933.27820633442
89571.47045281257
89359.08911772894
85734.05107200322
83874.66337693558
80710.81826959628
75159.7039173536
70772.54268846392
68502.0192914618
62454.49567420893
59470.409064742074
59385.88664680414
56172.30098187394
53348.666839173784
51225.437624292266
50164.72527633628
47083.603597911686
45388.637612875806
45497.17878388293
43776.679329848324
42666.91044114712
42976.28350039224
42909.248793272105
40789.947219357884
40243.383683482716
39656.23028361571
39403.258357533465
39754.85453014976
39661.21450255531
37881.35477588933
38555.29785096358
37664.67033889491
35709.672530758515
35423.554903133925
34382.6284879818
34811.69171584014
33686.98669140891
33957.061641673434
33958.59456885778
34313.418188924305
33960.4685622987
32824.029386778435
33828.530655853974
33022.01976543075
32820.56078222063
31486.611961937837
Score: 9.456328727948073
Runtime: 597ms
336026.353494656
322676.35663528234
305263.08088537765
288578.40824413014
273745.0601685375
257260.95071570767
231637.05362440704
209212.13076103246
182940.2193938526
157995.12442029532
146286.02202274647
133047.96487121496
127895.73862567135
118486.48350058736
112754.79302200174
113195.97547219897
115929.35304935285
115833.57130462545
109692.55999636045
104759.99762425238
99196.20535926233
95778.49898020393
91908.81083623419
85870.02156878871
79438.83801600132
73425.92686086382
70823.13327385491
66743.51360999915
63666.638470465354
61363.59599349341
56995.46798886509
55189.6864013675
54975.76682300891
52849.13707512061
53076.123216853615
51297.35468083352
49641.23780220177
49249.667165789935
46989.5698195145
44878.70219877025
43056.67018135559
41799.65779180366
41092.268568293315
40756.32590768044
38969.44142839247
38655.62807263887
37853.92695760393
38090.83090792644
36482.523852732455
35459.3976445621
34770.991804015604
34066.30196386395
33842.78873200706
33075.696373370556
32244.881276834785
31817.16981152219
31698.100291124192
31889.1450567264
30745.078747446023
31113.642780642316
29740.52415649076
30178.111962103005
31231.3649299013
30517.222324949787
29093.802129638025
29972.358439295003
Score: 9.311520353486145
Runtime: 637ms
336026.353494656
323775.1746757483
310647.1493039341
295676.34583627275
283057.6095750604
273518.0529837757
258155.47598071353
247193.89961751486
230639.5309860219
219286.13166809749
189621.06844354898
157953.86492952652
135409.76630843533
104797.39688512396
98711.3161967522
86706.54979890703
80808.5856725664
78851.92447327507
72371.18299326151
63142.835569534895
59078.013412814624
59628.98852710079
58661.994609917216
58392.43247156597
56276.29388849771
55371.13916080709
53301.31613486772
52660.77767100724
50400.35651229637
48954.22772893698
47681.18929914861
48337.09870302305
46373.90768101422
45582.0653275755
44003.614694373195
43080.259857168625
41778.5924004574
41074.91168320927
41693.985118652716
38161.16096044393
38790.01269620067
36810.7565548347
35987.041627981955
36499.94835959556
35249.83910542947
33606.384467673204
34047.13484125962
34098.064618622215
33952.72642323211
32893.665278419474
33448.36920242201
33175.24917266768
32270.07509836605
32712.1159456469
32262.89715631843
32998.3068816806
33303.51475316485
33173.906323484254
33881.36990171142
33359.38821844011
33083.58478508835
33543.558960508315
33628.27146084288
31765.280907323522
30957.019413504466
31585.088500089074
Score: 8.978705034404456
Runtime: 622ms
336026.353494656
321553.0816697914
304870.3362464408
287787.2217901109
270395.6171529424
261315.88234661997
244674.1201832205
233101.17621482306
219542.58189113488
207435.45087093636
192356.10235247677
183786.02089999942
172590.99935913258
162099.76889389704
151556.78986436545
140807.7888729159
131683.1041841232
122808.74606654044
110246.5787069752
96889.36897760094
94053.9870165679
89246.29179008037
85953.32754806838
85660.81522567535
86221.67719862024
88126.21149718239
84375.90658441259
79862.33358323236
78700.20530376
75682.07145064068
74258.03011384691
73996.55039586053
70344.89772848228
71408.35851226443
70797.3656143672
74286.55377240655
75265.7079904712
73622.06514808653
68217.14344427797
66731.21601311569
64589.0820607107
65106.78175898964
61770.74026537467
63244.14682804748
63639.28118031869
61319.23671514106
63341.28210426214
62217.84603924922
60522.29228259996
58397.9471476358
58045.1055979349
55543.26928939727
54888.35223687935
56374.150022820795
54271.982159790234
52206.54529403646
50920.387544896665
50975.16739045919
51361.28604881087
51785.56922987556
49444.19468345781
48792.19493868523
46875.18700286428
47258.59339201893
44205.8878126354
43309.68416883373
Score: 9.04974556626156
Runtime: 624ms
336026.353494656
328376.56316242396
303593.43799669953
282107.71278665966
271204.1834860013
250683.17115860342
233266.38830322472
215293.73688890308
194989.44519054552
175811.20593305948
160642.90160588722
145907.3772250772
136170.4711463999
128155.36673310229
114959.2717869879
104099.74983217084
93921.51631921856
87786.06985435345
77944.74387467837
69893.66968989918
65084.47182034117
62220.04970475175
62062.6563903092
59590.229849938885
59701.1858764312
57366.1230657231
55937.91622778042
54320.75642827778
54148.050700575055
53145.23588537393
52622.723110068495
49806.600432527404
48980.908708669034
47821.91771476131
49305.53915589159
48520.92327061859
49553.83163970623
50078.70747789867
48762.98208006143
49088.92376061636
49124.84646950912
47496.13246014505
46938.48261212938
44186.90427089637
41643.55317960806
41346.974752533184
40223.528471679514
39531.60217821655
38617.39862208772
37892.99787800411
37380.3913405985
36313.52124149918
35895.974805440266
35416.57935526427
35787.67887993658
35475.39731136654
35679.1604259609
35577.6477992844
33668.81400171716
33616.24585930543
33842.9411680106
32057.439065538438
32191.307210727868
32524.99452489386
32977.579979107286
32705.85526362666
Score: 9.356286625197463
Runtime: 608ms
336026.353494656
325637.2053925668
312689.1480576054
301024.38055322244
282331.84065444046
264114.52097044233
245958.82220176046
231050.9346181781
218436.90955562258
199818.36300223722
177202.59903125095
161253.10937123888
139353.2509070655
119966.00019988707
109102.82425103612
100912.40351977329
96132.25090989514
85086.80501948754
74423.74491851461
71125.71864671206
69388.95434950302
65248.91122617085
63719.23700257478
63038.95887000295
62052.525954203054
56820.471040739685
53061.38881645064
53160.53768627166
50541.230832840876
48839.76754103481
49053.07882322115
47420.91485103161
48675.38514581091
50504.70714164706
50722.37560529602
50969.82457774206
51913.12019003486
52248.351040818
53294.08889791799
51715.26289143573
50962.32209107663
50335.45388464994
47871.39937723649
46333.16224679383
45442.69749245898
42691.1826007935
41389.2713189069
40717.429054877844
40789.68740783388
39871.81491649363
39683.493754986455
38805.45461804778
37929.67797094646
37961.228286014746
38210.75235884231
38102.81695151003
37568.34234241309
37643.73859399418
37110.31492884918
38058.86645836332
37445.90542955125
37406.29454832645
37542.93064910839
36158.98029456766
35489.33265995912
35353.29823376326
Score: 9.514849949908633
Runtime: 584ms
336026.353494656
317732.63530306396
305307.80653591733
290944.44595245353
272744.72007336444
256248.33640510275
239533.50163137005
226204.58592068523
216786.68791005004
207147.9739097555
200061.33802938784
186764.9190172867
174288.3433316698
156579.16351057703
148213.9015480913
140521.9478935824
133498.92091611994
115379.76349384587
103342.49421240565
103332.0944887553
87927.99141620325
83753.24041097607
80689.52824817064
81171.40499134811
72793.87730780887
74853.32987824363
73875.87913555831
75359.04661797461
74858.06183361838
72483.64273916614
70481.49556886444
65620.40086792492
62927.55902312067
58061.166472032295
53745.78071259669
50429.34589046125
49617.30415264205
48024.26632926598
47065.97614520492
46708.42081467307
45956.98807109503
45736.63204021231
45496.24146991773
45220.73997231672
45670.64068664301
45946.67931886161
46016.61745085331
45565.30199939083
45188.326639189916
43675.67025247069
43890.25446669955
43006.14559971866
42403.02091525131
42153.210992617
41736.514564412624
41123.63501923121
39190.452060728916
37681.37856708963
36780.21122877508
36752.69759403796
37850.945515397325
38199.601171446295
37311.44795914789
36763.249088598976
36180.84352692152
36046.32429458414
Score: 9.099617344491936
Runtime: 562ms
336026.353494656
323413.7367247035
308250.79106157384
288534.30170136254
275159.4691176193
258736.12435448042
245670.05394168815
231116.04691134245
210583.39414012627
188459.83169504403
161723.4079542528
118987.07359469678
94330.17841444063
88811.21277866316
76979.47464635539
72800.58384892133
75150.78811993802
69809.30391978631
70045.50845198707
70678.66736555504
72434.95281758212
70111.60682613243
70213.55280998454
70944.43892662767
69593.40046081925
69596.4078054888
68663.13632513385
65561.09818670516
65669.84339552677
65665.8103335422
64191.51519954395
64642.6135138035
63822.637293689906
63148.236711929014
61911.770173682715
58814.890063480234
56181.75953482825
54579.78968361305
50135.68292365772
50493.74366979861
50314.53916511837
48829.170279016565
48817.37693099521
48344.98500444157
45001.30792608763
45052.11052285623
43712.00786118143
43220.32919336269
43420.459438485144
40713.92048643822
41376.72211337187
41763.40451909055
43305.100880236496
41398.37573775703
39980.30603118091
40144.98813570508
38784.96203787971
36925.61533491579
38014.71563160839
36237.1986116122
33768.500294625745
33538.272224818626
32449.0805601974
32422.882073828016
31992.35713931199
31035.69903251648
Score: 9.332129251771295
Runtime: 583ms
336026.353494656
320636.8829681429
303014.25990563934
287957.7916658192
269608.6708587372
253681.62978022484
230559.28733375648
217368.20841283872
197030.92051987947
178400.23818558906
142820.51287773534
119834.43812045241
98533.91891956812
94757.83025457563
98540.72812330513
96049.37818068825
95374.87604421451
94356.03807998252
85812.00009386364
81163.78535314258
76094.9888351644
70010.51252650999
63196.92564046221
53769.583297509045
54410.28865510909
49747.04684259585
47538.251583162804
46636.22158793695
45082.820981734396
46911.36139473335
44555.47089199584
44069.99122321916
42059.031928104436
42101.74829008246
42398.475580663595
41957.810969793245
40855.7354929927
41821.105745263
41678.92212564727
42650.957464014384
40999.408961764464
41896.891115033206
42740.69654552833
41920.92299136103
42850.28537167763
42337.359031779764
42785.77284662021
41758.715702962356
40767.582647852614
40679.76214667272
39531.38652815686
38429.23158077523
36525.40829530951
35510.210251488024
35394.944131581804
33443.51181958384
33596.819733318975
33078.92370201184
33558.74397513813
33344.718046028414
33013.722425009684
31643.69140907179
31349.733510794966
30685.345389784
30184.920021841575
30519.86564896469
Score: 9.46687689627561
Runtime: 568ms
336026.353494656
327105.3924150883
300453.5008656432
282748.2477961406
263483.76340929675
244185.38533285848
225221.57025092817
211916.7242598483
197717.86849273634
168805.42983746948
149670.137019465
139184.78258638387
130498.93053860517
122656.29681875886
121197.83888759476
120159.19767868565
117571.52372833573
115310.22309045412
110328.66232476241
108081.74546448208
104046.63718940379
98733.45468132636
95750.87008325345
94364.72862060311
92665.76263732449
86373.59376245453
80026.03728165281
68859.16557477327
64848.471727817596
61996.63697911659
60174.848254678756
57086.28065689329
56922.46678431341
56944.79021726301
55807.87895465363
52702.50766145812
50471.506234364184
49698.0961951421
51697.36424207218
48232.99047978467
44731.02235439577
46655.55569808387
44497.659893355274
43662.73802360958
43164.96774534276
42723.183999818
39673.43981034214
40156.14332639346
39755.095221257834
39576.706482921116
38620.60543638338
38531.054855469534
36963.62497341079
36140.992112424465
36316.57753135481
36592.75817948516
35355.409201852715
35275.1918905507
35894.418960035284
35694.59727851484
33662.936385849076
32722.515849545747
33230.52360440397
32560.91553538003
32410.874501260536
32449.96199788153
Score: 9.308692018422
Runtime: 667ms
336026.353494656
326817.1154297476
310785.3575543264
294428.2606949702
275789.915099559
264998.15716589155
240902.79473434208
226399.33794179288
218551.59942080235
203500.33883574375
179327.5783780132
164436.63565285443
152334.75245742418
140946.581161351
134634.42879593672
124456.5534779218
115018.65003065176
111899.61565156345
110631.96103151437
103282.76597352746
96548.03618418716
91540.08931520519
87242.18085318923
82629.49364730562
80710.73725669595
76143.83547821763
74057.172613662
72177.82711853461
71306.6047103601
66258.46556992499
66250.32157356438
64278.43145877588
63459.62334327669
60486.41717877974
59262.75897910907
58674.210984700025
57477.32357073918
55443.47374158111
54208.45035991662
51842.39913737244
51409.61034627625
50641.89321991859
49691.78324213106
48601.5561594136
47279.685521829204
46103.97051761626
46076.89657197109
44358.02020979067
44793.414365835335
43729.94428324539
42846.49888694134
41847.691599514066
38560.61715622085
38799.81594437459
36688.02462391649
35519.233852933234
34384.2937469575
32795.4112600308
31980.446790210597
32577.878914378263
31267.538642225365
31185.952934987585
30186.803918253743
28293.35202386501
27751.81990075291
27289.034217668097
Score: 9.668712357780901
Runtime: 595ms
336026.353494656
326859.3425996931
310734.0867182221
289758.3891966177
270990.1878822626
261563.97552768493
253302.98468211436
241879.74329936085
230515.88037593887
216913.01893284722
200693.1996689414
178827.77815501823
160264.02515420783
146490.59676095517
137237.57021542394
126568.85622165404
111647.64394604297
96940.9363146454
92222.68911473243
82982.15748907908
73935.71977791461
67668.27557087038
63103.012480170226
60950.318821952205
55455.44912271743
55331.27093094753
52995.16412994531
54460.495816067356
56655.16477881379
58764.64645203535
59055.41054332189
58474.645568049295
58344.10013471478
56164.172816814134
56239.91063290482
55929.40559287562
55935.862263216695
54166.98244386604
52464.37507545199
49603.40393330165
48789.995916478394
45215.650936433995
42759.74768339476
40081.41116020163
36789.3420616282
35995.697981000434
35084.175945424955
34484.80476472543
33512.987944576416
31738.970089487157
32267.420497213567
31505.333516741102
31103.43548184451
29860.034551546123
29009.39688599316
29726.206778003103
29144.66349300074
29832.584012251435
29974.05734404479
29218.062789631753
27798.93952088564
27441.754392543156
26984.32893099301
27671.7318581827
28014.11535544322
27931.70587374819
Score: 9.148754415057512
Runtime: 565ms
336026.353494656
326415.79529787943
308457.0769805131
296701.3181666522
278055.72300872736
270644.15063654917
252143.66336014742
236773.0540598011
210310.43178201478
178568.68465126207
156746.90397180014
135922.14492547364
112632.23973744769
103827.2610752
98495.28285278611
89693.37003938976
87139.67378627243
81493.14355580322
82320.72825358872
83488.4323636472
84514.9770335037
83547.71417480202
82554.14332963353
81888.88453534583
82439.83722805808
82387.76004766578
81692.47017205229
80302.22485976013
74773.39611313495
74498.42410652146
72579.4202044422
70108.4276688076
66979.53812484695
64346.50410201634
63337.03984220665
60652.812581888196
59293.69264671574
60303.85750807896
56383.85576232968
55766.01593142619
55325.190159507125
55191.19013233959
54599.29890174903
53716.81183984402
52563.69041699627
51165.43333065985
49748.92874544876
51354.44890151768
50347.643578424075
47632.39984599003
46183.68203098289
44979.155795719926
42928.828803243974
40522.12937920678
40488.50732131895
40523.66248858815
39949.974726638255
39649.7767541438
38794.6946810223
38539.67836820354
37067.825214371434
37691.47435429306
37690.08556457559
36689.292923043504
37332.99081801765
36406.79730732668
Score: 9.224613419684859
Runtime: 638ms
