336026.353494656
303808.1801761006
267408.5698354037
237248.02219380162
207768.9095686878
180316.8983392518
152221.51474930346
133527.99661713472
119877.31627346692
109106.52591922949
96420.89967309199
83014.4365401275
71393.12855437194
62971.903430435224
54584.263859977604
52766.66072531579
50897.48923290273
47916.89813783314
46958.310165537754
48185.267299274696
43407.88702210303
40733.13602222357
38035.571549133754
35940.249743369015
36024.908458721584
35359.40954065316
35667.557922760825
36117.58165377651
35873.87350251126
35077.51882193255
35469.32162975093
35965.508332331316
34392.68836877535
33216.86478857036
31472.370207818865
32757.326412375533
32605.599189076853
32367.983936877674
33008.95072040753
33682.705516769565
30902.929848601205
30244.13749733162
30852.751756423
32140.621763054394
30459.749958690758
30116.628100147253
30229.387742142015
30327.708353433998
28744.675945428
27733.68101643011
28753.96719390732
29051.58204352714
27596.79495347529
27863.12937455028
26749.843713039918
26773.391317755588
26613.194349053356
25340.986272336228
25200.065992967928
25042.280548778468
24698.132580432542
24700.29276851049
24488.666903772326
23850.3517511596
23303.447610898682
23479.769329279
Score: 9.531632051666852
Runtime: 655ms
336026.353494656
322369.17454659863
304910.7985156675
280915.2453057144
248713.32034513945
223359.55861016456
193860.20573694876
181913.53142269913
157618.9135466475
129886.8374103498
118087.8361241253
104014.22992233624
98730.84297280689
87233.94529483885
71225.94602642089
63583.30657572641
56713.39012401448
49662.55000075019
48291.181627369944
47201.78226016207
47189.686611824676
46355.91927723791
44979.26196456738
43246.993449335336
42905.87092417295
40672.45962785661
39164.77206961387
37227.90423243281
37559.12877111509
34585.24058541938
34984.00112104508
34314.23334982658
36292.41400796028
38389.39374915828
37344.444932394865
34777.25780953302
33312.97159964972
32636.423355337607
32625.013019002556
32271.63292621918
31044.209268326125
30705.88208991843
28468.17093758587
28714.817876845373
28302.728174158732
29313.258320735804
27667.627530236223
27448.569082220954
27872.287261283283
26741.15641804875
25031.58441982077
24270.568727239184
24161.1154459996
24849.936622787216
25391.720564959927
25383.029274745422
24905.016426754304
23783.05411221976
23954.368533098772
24114.906895528922
23475.175937132528
23317.783521273886
24395.307481857242
23735.522085496235
22627.976568564016
22694.65374083168
Score: 9.843527058579204
Runtime: 598ms
336026.353494656
297671.4497842804
270285.40254061075
258429.66722348245
232108.32613891488
224604.72415066342
217302.6602979747
206972.70877573453
188704.4567191126
175549.67964513585
156000.46181605768
132239.3137535727
119331.26968274021
101618.58687942986
92408.58958358203
89479.4353767475
80361.72301946131
73273.23782809386
66089.18769903033
57752.45178628186
51390.73170411621
48082.55319482381
43979.58704772509
40909.28288677626
39443.581271177325
37823.87300589258
37634.720712128015
35655.602317631514
35880.46735421444
33980.503093365594
33525.4765244155
31326.16127720615
32209.19089139952
30787.361277543183
29201.076551210368
28521.168765118673
27318.8450456997
28432.641668126078
27100.37657731164
27689.326063441462
28112.67713741437
27222.849837681646
26716.134456257376
26898.701835737458
25900.972598388056
24725.09519256654
24636.632592279075
24557.436331148638
24506.788993440336
23733.892482176816
23703.757415594748
23039.51935173262
24120.455570498154
25124.35537338317
24207.493527205104
24387.831506140883
22375.837077748103
22153.586321858125
22930.972276274606
23398.50598430783
23331.403180768353
23035.772146564377
23815.49674340455
22100.66200118801
21827.634450612968
22173.410633796226
Score: 9.78786264773437
Runtime: 607ms
336026.353494656
307605.18236027804
286276.62275261525
245990.29476678994
225923.69112665308
192214.7968912872
177728.56580595678
154879.70089748641
141010.31279028943
127003.13142347109
122539.8357629834
110035.2110966472
107195.82663655512
91716.67548435827
85332.92937837349
72307.3746398271
68511.19681507324
62341.646335157544
61441.56554584035
57933.4076712859
55220.48608961621
54385.023042577406
50669.89707891987
51192.4066660502
51627.673316097134
46416.82324749201
43903.824147303974
44924.5822514849
40933.641855315545
40145.29853874818
39463.01125880362
40445.77308828393
40864.237077583355
40353.110105664884
38699.59348518209
36372.52718952558
35644.065435227596
35051.24354693608
35585.75240205494
32903.7944405881
29954.759657187275
30845.404409310242
31588.69697825575
31018.57624340155
32351.043379582763
32254.33850474458
31895.991797953535
32659.277840252616
32027.863831060433
31636.591596770962
32152.757119875743
30706.907341720176
29043.777823508404
27963.614083675544
28080.90240943925
27437.46451322442
26664.663057139813
27258.026740697795
27780.466112112925
27743.123143288612
26621.05530307792
26372.076522362644
25748.681036776554
25459.619730036047
24917.93375645707
23747.038688857287
Score: 9.519681442671594
Runtime: 625ms
336026.353494656
296691.28018529806
258817.90098626033
227828.6981422297
187776.38829248038
173779.61418101363
160747.55839826443
148621.18402079784
127471.86282126805
105740.82831505232
90178.51134654082
80024.22906483289
71448.25088577821
61291.866239145784
55728.53374002043
53293.086561927994
48714.74921565414
47525.451061966356
43785.564592682844
43319.68256360749
43700.531559846975
44016.12124185574
42192.90432748916
39575.88960321012
38645.631493943896
36661.38341239495
35379.75442055288
34298.11764543908
34324.087349998284
32747.1378085019
33380.258682036896
32288.03022228983
32013.008886159747
31165.754643774668
31236.40252982468
30147.18705486577
28853.916874631424
28862.510937650128
28812.471711746904
28739.370577758913
28112.034314317865
27120.586447579895
27637.50086452545
28264.04935122424
27437.6154640779
26537.046936968447
27244.588521366208
27273.39444876296
27895.619621347283
26336.165921506858
25818.194402683184
24782.804266499876
24477.94455404996
23954.058548886624
24277.898412420032
24943.132268197845
24689.031836718324
25756.66735525163
26265.48295732294
25628.891851854634
25535.37341553647
25687.297316090702
24152.93770860905
24135.31189112961
24321.415842276394
23475.797444477223
Score: 9.529391116847428
Runtime: 600ms
336026.353494656
307186.6740824422
275075.63105975906
253263.9365419091
218627.40747816477
204671.75780370765
181710.6278960655
167880.18248358267
144437.03943127455
127339.39235980064
113581.84593726987
98189.65643090809
86142.26364361029
77578.87876465285
68189.40125955264
59555.05705614559
52983.78652392149
50233.57017587385
49361.72604528858
44477.74843113838
40710.496044010826
38189.66659702935
36053.131835142485
33063.448101768416
34186.21116252753
34834.03082069162
35655.08606068891
32751.992994827928
33396.1305483643
31850.773023514073
29785.65606698867
28391.291243280113
28445.53024706172
28147.709117022503
27665.33764448395
29035.69309623043
29022.909470069055
28667.0379574257
28549.330865311345
28729.04063771647
28131.98591905938
27469.349476405077
27349.630682828007
27375.602289756873
26604.228846989154
25910.495931961294
26072.288338366085
25290.58146946465
25330.992614529503
25679.129685281354
24439.76761434732
24888.200353193006
25060.104598300026
24726.809209265128
23706.663250208156
22175.550900153332
21709.23758278643
22128.432133155253
23536.896789682927
22549.1594680401
22417.4847234196
22165.74500420575
22139.760478612756
21692.685806798527
21306.847151761445
22564.40715011611
Score: 9.499613065716305
Runtime: 593ms
336026.353494656
317452.47313152923
305392.97272806
269679.5273394786
245226.12646292456
209419.55020956104
189585.33627849116
153890.43562069038
136493.95365869606
127821.30038752231
113747.10637998985
108891.38550554484
99006.44215568448
79733.95749406538
72863.25731861583
62920.479680659046
58286.3674173784
52859.72521979736
50974.130885237304
47161.293855490825
44959.24398816672
45483.3689378628
44209.94312436686
42886.01528444197
39318.33956803029
38011.26368401139
37546.54599310611
38134.72330362952
36021.52899017299
36381.69878747666
35367.735504063574
34521.87258645797
34318.67649577024
33751.40358533893
34015.50886878295
34394.20979131266
32444.47346648441
31582.818282734595
31922.349937105337
32446.144513890227
30050.929369169884
30549.001720251126
28590.412400295114
27025.436845114593
26596.326312838068
25474.188362956313
25120.307740575423
25659.82271839362
25632.368120848532
27162.73801715161
25435.784215581567
24837.942375138977
25282.188405704295
24149.127469029117
23363.323738908417
22750.655610007336
24029.58800437546
25006.147675573207
25161.505328929376
23257.86572087194
22817.4502204958
22843.20450468359
22979.262231275323
23620.388570714353
22753.987163719325
21947.31960962805
Score: 9.606466638148962
Runtime: 589ms
336026.353494656
312389.97125850205
295383.30192221643
262392.61560163554
238129.45426535234
212265.91438270474
178805.64995089825
168035.33886223307
148706.0108567057
138038.00424870942
130204.49068627038
120045.40161480989
113241.52097471792
101330.05978278414
95326.25039203133
90988.64886110986
83884.42818504115
80379.722820961
78074.83926307863
73620.5130037905
69076.03569205006
61917.91128075469
57565.936505441176
55621.80220598137
51571.95371008901
51356.5331136061
50506.09932971322
48160.80254374217
46622.566957642994
45643.35195875502
45015.11542948077
40537.35232014413
40277.69712501969
40692.55569526842
39877.04014007453
40620.80332918257
40195.452424187075
38415.258588356126
38135.11526293001
35917.323156860955
36338.77609302472
35652.74874273837
36068.22309580628
36067.54066892942
34126.159252214165
33135.55853989155
31524.642186719782
30408.73271701753
30223.51878606412
30012.834067679334
28818.98513992209
28684.904913233946
29533.530517227682
28839.08007032704
27177.429666328597
25857.338026585145
25945.318910380047
26440.353217348795
27051.822485053945
24969.123336013214
24866.27363989359
25228.64710152588
24554.312300566136
24329.25950786534
23885.595100946222
23573.1291778969
Score: 9.565908395930203
Runtime: 583ms
336026.353494656
303444.3348255965
286029.4902225315
270792.7277525307
238304.08267081823
202626.14244496115
190244.67973082286
176030.96528525653
147131.8752110302
130193.34531779944
113204.49498816772
104412.91451296491
99968.2141732309
95213.04285149126
88114.41046694542
77568.10528239154
68741.17917853415
62957.77961564744
53441.21226422765
49901.37578520713
45164.41706938258
42345.74950112745
40947.68884304654
39706.40863495599
36246.99297558271
38445.04352527587
37758.17040482807
34583.105874417495
35581.57935589142
34077.85123776687
34449.575398477544
33865.858443950994
34410.47126596166
34395.905662325065
32159.65170575223
32924.737244315955
33250.84482255
31261.90279788473
30960.368882216928
30785.955234132703
28803.258412568888
29899.936242505286
28500.679054719567
29140.84052423406
30146.53013528078
28751.733199102073
27954.25169537628
27735.906885002078
27575.86156635498
26981.676550071104
26585.364423728435
26542.937563471176
25895.501187963968
25894.30820675292
26452.5021714392
25471.89029483106
25656.427282392793
25193.327206393384
25031.813938219067
24106.29075981504
23244.574867165233
24293.813207032425
24411.19360212789
24925.84588627505
23870.012501698748
24352.761526719656
Score: 9.623361221911505
Runtime: 638ms
336026.353494656
296997.09366146155
269157.40399779484
256657.82725438927
224948.19631492856
206659.75783855058
187050.916122709
163243.20582265072
149062.67887076616
136273.67989641608
120554.9437234952
112119.5695945862
100034.78881336426
92281.63904263912
87339.31949682276
77988.41720883292
72377.25159383057
64950.50040399348
57603.77729985682
51434.02596754947
49803.75055802317
44011.23912902296
41374.62748499356
36167.980087322445
36734.72416928469
33094.89271778853
33496.30972413339
31459.027973128017
31155.994956757753
30898.46880776775
31726.54093371935
30443.573481910556
30098.433253359115
30546.88412230216
29460.019123519116
28488.794716074117
28969.432731018656
29516.423675024675
28465.5262562572
28948.39656053982
29588.984374335807
29666.374951723334
28317.128788718954
27217.377742527828
26227.702963348707
25824.28306118898
24786.15983129979
25064.36221836875
23966.67537662217
23964.743439942995
25116.43786228507
26387.291046725666
24341.36375048425
22998.993196694308
23352.477801486675
22926.694271071705
22567.537574867594
22566.917100825176
23001.1297453447
22262.891202786082
21995.685453174974
22044.116189499393
22190.75701396783
22676.461819324937
22814.834023911128
22232.683097990415
Score: 9.494861566022095
Runtime: 591ms
336026.353494656
316588.7459637957
282579.77939837496
265044.25217780814
229127.20237159077
203817.79247789184
187938.8280530128
156492.51223691786
140669.9212961692
124123.32805935362
105845.07156924388
95806.02145905151
89049.19894369476
78089.684886521
67538.81190777496
57495.370749180904
52067.87675435206
48677.24018150296
44901.79873615889
43604.558861989564
43538.44975852557
43451.21951809356
40103.54537660674
36798.75049514791
34879.14633060494
32715.60635117391
33771.830043135174
33553.631262763854
33834.086659234104
32466.257964364093
30311.28390743089
30045.642641252667
30109.215897622656
31286.130541210507
32418.026773032176
30044.63016390028
30202.995838209612
29452.398466855673
28884.589780732655
28798.777191455963
29144.011523196674
29400.858647199686
29544.730226999705
29454.743500245117
28357.47542053733
27559.865301698293
26575.977665076924
26925.83129795145
26274.793165757328
27651.632922113764
27232.617048473683
26993.759220105283
26206.720232526495
26239.41431859255
26261.929642663174
26679.561106946974
25430.370281169064
24373.923610562306
25819.000478540904
26004.981584250945
25801.227823108937
26323.540559702684
26219.869058760643
26071.876712816065
25764.286034076427
25710.061533967808
Score: 9.600327531436726
Runtime: 559ms
336026.353494656
311565.2718460974
263001.9455884512
235540.0647673517
213991.94894709144
191965.60955068032
168513.23428000393
156334.43863314972
147946.67520366408
132881.83858888486
114950.20847413786
104104.21101550097
90104.20766294049
79545.20664434721
73110.8731846975
64957.942081217894
55877.267254429746
49769.32253267732
49488.366817233844
46562.322265421244
41888.82345237712
39074.80751802201
36616.941315645905
36250.554203839754
35215.09342324662
35982.97511917447
35679.99300551857
36350.462710447064
34602.36422627769
33856.8012211316
34202.7622733688
35116.44917240692
33288.45532519443
32590.266206728513
33265.070756379515
32797.525612148136
33676.3511079995
33057.36791111066
33214.22279627205
32661.963923596213
32560.509053709226
32267.933253323652
30497.191203779552
29420.375062384235
28189.081900018755
28006.460285673704
27729.98468092609
27266.8145918289
27019.20765181522
27332.213488547743
25636.044917913307
26527.391295935
27299.25609355473
25906.44710183922
26148.572364620457
26636.57649919681
26139.893864045887
26299.70185962267
26256.482525183244
26378.661798870347
24566.803150664942
25427.300407307615
25285.443334247233
24393.113796174763
23241.119258291405
23663.201383286014
Score: 9.520249243578023
Runtime: 627ms
336026.353494656
314010.83849993674
279649.6467087248
245967.6877078071
229727.7800836645
193890.40469035733
182535.66568321967
155150.1099080462
132799.37536605724
126917.1457616158
114532.67959523156
96839.78948810096
85844.624604729
79962.99106928366
69270.215338713
68131.00254706942
65288.323102673945
60119.92437683064
57334.8073683624
53915.1185841409
49568.330568582256
45264.68881881455
44098.148029218064
40063.83952991569
38168.415668915775
38213.28105054677
39070.93249300841
39933.54561595905
42183.77764023754
41485.74075414896
41004.30240840916
40018.34610077047
39130.68410440143
36193.67260437668
33477.59440262273
31421.29775039558
29679.56937652003
29773.950523079955
30279.92724965907
30760.456579089674
29212.885697723057
30037.571536100877
30272.137261936463
30582.86626751263
29565.18508874347
29647.68079599718
28503.483742974688
28711.277630222325
28521.886273396463
28996.778328304008
27689.9497237952
26464.09908554839
26882.438886172567
27431.27802373676
26902.723706362405
26822.172265213034
26229.638373980673
26476.70180642454
25487.672669894167
24325.891744287797
24975.36317792482
25333.802835775183
25205.584323034207
25409.72545654074
25176.085421580163
24445.399705919444
Score: 9.606236880258473
Runtime: 646ms
336026.353494656
311200.5036301071
290445.2255199026
259163.44805438118
241935.19221888526
219101.52914527484
179917.90508943136
154087.95974638566
142178.43931701963
122121.152407051
103604.75972366924
94463.75386934726
86952.56132739312
72758.97746213186
70489.10091069067
66959.6376173192
62584.085872111384
60089.91472212567
54036.77913780713
49460.807775778136
47237.791295160954
44675.084789394554
45527.12250085384
44946.00383270191
39456.39319450039
38408.454546811765
36958.575154327475
37376.78169411372
37514.90966944944
37471.00330444847
37186.11812991382
36872.7713520655
34708.40680788789
32997.239548283425
32834.88849977392
30966.714829712328
29808.815673471436
28599.56318791084
28451.614451716607
27589.947184801706
28705.88212174885
28073.748504008065
27617.967782755713
27870.605189066333
27034.466447813527
27716.828998784968
26724.473067285046
25726.489290123198
24494.636425994566
23690.544003498486
23904.59794668726
23377.58553316747
22853.640513623774
22766.47749661665
22248.438283281088
22254.727845990503
22199.923346382242
22144.650736131698
22199.086026582572
22266.216140738507
22182.493838506496
22311.428385252915
22623.31943865315
22332.11807097147
21393.229760219143
21861.861510337287
Score: 9.515125437704729
Runtime: 602ms
336026.353494656
294286.7685648675
263626.23463186354
220613.71601747198
198329.18799762314
175456.0948673143
159029.66733872076
133580.13650948237
119596.75229163535
109485.11092749835
96816.19007723955
82839.80929180804
78468.50178729137
70392.7242823254
68346.43524760962
62384.067994832316
58564.68601979475
54289.37571656513
51831.467040037554
49884.573425394956
47134.37006006423
45748.694530939014
45618.88464683271
44040.2320965361
43203.40244737046
40848.04097536616
39588.82465586833
39088.86062514784
39003.60263426193
38829.456691306805
39351.3329207349
38720.954083553384
38769.65172401026
35552.72844421795
34525.7605939588
33951.05332277629
31718.686595017676
30645.21054951452
30299.43480479215
30951.55635587438
30978.818699704727
29700.470598491316
28870.584529157342
29918.47347239107
29577.777030242087
27130.97078248527
26771.998535224528
26949.658937363114
27353.48926426973
26130.380277749515
25582.153653896417
26080.322128066797
25541.157015704524
25405.522667333844
23882.30994404552
24033.43034259117
23991.38741077832
24438.69650158126
23734.738059010782
23884.51904383208
23168.426190442442
23042.945016002956
22596.660837160875
23271.26867164988
23089.059253439547
23582.543975791883
Score: 9.549949365598886
Runtime: 573ms
336026.353494656
310321.78604421136
290689.7353005808
263132.214501146
220593.58886550282
198120.01063928282
180201.92445736684
167330.15109606928
146034.0648693897
122321.5709738517
102704.05420381471
88556.17003572146
82021.4467868493
77679.94575143499
69062.821356839
64747.639975931226
63007.89746039497
57182.88058154841
50620.644497888716
46863.2689041451
45468.11168408306
45861.41078908366
45249.68515385139
43372.12161207248
41284.21793180844
39120.57967895652
37988.39073335912
36569.06204368516
33801.50862591011
35129.66663461726
34614.687945576225
34252.099088849696
33893.98030555108
34597.057846749514
34467.96875561656
32993.586350665835
33021.00851643201
32820.83802635957
32131.748058800065
30775.075157296054
29238.90292574066
29378.008403562795
29093.925426410904
26953.48592049696
28442.302344449137
28277.083731408442
27122.504489319534
27042.08669755569
26574.211068622357
26261.711701024058
25181.638871160638
24833.053060924747
26284.558308005067
24958.73749752544
23658.709794195314
24168.69234074761
23422.962108828007
23311.008164829545
25451.721688522095
25022.494132724423
24530.102044986364
24270.49139617229
23647.926226306205
23578.850511969405
24322.092999561977
23323.272314616912
Score: 9.503811163190875
Runtime: 598ms
336026.353494656
311625.86249254685
272554.004566615
242637.82935307562
214836.9144060071
181477.58762483654
159563.96471437783
142495.63399604516
132674.57599944496
111307.56821373779
107101.50652048347
102844.74222102608
92685.28856318489
83702.6170546983
74827.44029767654
65626.99564569608
57122.76332421064
53468.801660431855
50606.6411005092
47930.49934801169
44671.33123177708
42501.85147669703
42125.19051418652
41948.30631235035
40374.33820745841
39269.891233849296
37357.92328686757
38143.538295151455
38028.91672093717
35520.48543731736
33114.44309204648
33312.12647773668
32062.109719914726
32287.949502712254
31557.67946884402
32361.865621428533
30925.14370302488
31472.3647434474
31251.29048954524
30418.51722752721
30952.823162733217
30657.86606908461
29644.652978716596
29927.927787168996
27714.5793226493
27301.33653923961
28095.191686118036
26822.99505589475
26794.050982031626
25090.410960867728
25417.903713318272
25276.173025120395
23976.59068288018
24763.349290548846
24105.60040968853
24546.083471445192
24887.280836622293
24484.64116849908
24806.85541235257
24979.3894659819
25526.888390957673
25053.07726338677
26054.53309442931
25222.089546965828
25816.28317983756
24835.940432066054
Score: 9.474062965424649
Runtime: 659ms
336026.353494656
308577.0861680849
285308.64242828597
265274.29887218226
245057.1234336945
225574.10184026102
206586.28126802982
187259.52426386482
177976.2549630691
151974.35760388608
134594.94903993813
112085.61816841816
95560.6208232057
84936.86970954077
77826.37146752016
72249.4457901039
64760.96449589508
62262.99849579436
59091.1319650175
52509.28131273153
52423.49265457535
50717.00178959696
51016.7426846369
45718.762147555775
43750.6576620213
44226.919509016574
39544.57194767605
39263.20678519239
38784.007250314586
38036.56977929923
36731.55041809393
37244.579817674945
36158.616040018984
35695.75781877661
35241.32731545992
36327.55193997583
34675.526364399935
34919.72182044272
33548.068768586934
33170.541381967734
30990.7788485343
30733.732070273207
29931.147047924667
29321.734959171154
29565.569198724475
28462.242787828112
27998.97962303553
27990.44132391697
26270.526341160155
26275.604264009962
24736.37620316681
24296.201683737374
24552.61429072778
24285.642214492076
25072.283487289642
24136.22814505608
23104.61112117753
22356.91789058012
22534.232780076556
23080.59681682025
22918.113350639644
23722.209880012302
24020.87677340686
22390.962970924567
22304.618204641913
22213.26887806996
Score: 9.726150996265432
Runtime: 643ms
336026.353494656
324719.29137046036
284447.35772365774
247433.1181108002
212059.03375263934
189902.0139072983
163210.83443486743
130618.01395766294
117308.29032143757
100960.94214482294
93622.73638228374
84655.48961712139
83276.38251901542
72114.96741671221
65062.24700798417
62592.90877004139
58692.791921145705
50402.287608550585
48185.415990384594
42851.56098873702
40963.68796698365
38997.654950599346
37786.41217901569
36528.57156409897
37550.046753820345
38073.44344373148
37911.983618075756
38309.066965653954
38211.66245716042
39053.3029985812
38722.702409855396
38259.71847461439
36134.0562315264
35603.24761744803
34241.73978168027
33048.703481877754
32325.043645060006
32409.276280299495
33045.98861783339
32120.707614350977
33115.623751969506
32852.11986778624
31409.18603572798
31442.106880807874
33071.062844627086
32667.764437323724
31192.38003109303
29985.406676229934
28802.970827214125
29402.77256799701
28826.608088387107
28561.269987058036
27600.43232932447
27377.830009090205
27526.74471141159
28105.721125884236
27249.38943549877
25717.423540576394
24902.208418855782
25271.06496540212
25148.021644324464
25075.031899295718
25734.67806671487
25109.710887944253
24866.18416722598
25700.29599599848
Score: 9.573921971724209
Runtime: 607ms
336026.353494656
328814.20056461275
314333.58110938047
284559.688434035
269729.2775098207
253748.79083817537
239277.15435385576
205197.51119835622
181093.0110122285
158690.30592189703
152442.57262093003
138785.17871810502
121323.18905459861
109067.11037722032
89675.40198968883
82594.5440250855
75506.4521828246
67519.00751106213
57720.901917421215
52852.222215114576
48456.07958175722
47789.09005607958
43300.64684468232
42845.197628695016
43121.80515173941
43903.8208423738
43474.49166847027
40483.45561128164
36898.01318028354
36740.70277715668
37224.57961622681
35160.7143952994
32380.06709377369
30815.393205807937
31286.140983610258
31212.871293360724
31558.294215899696
31818.306301011293
30073.653386369282
28222.064159918522
26179.062285904405
26553.099838935403
26265.190879453836
24737.467894637393
25116.816000857285
23770.867388251052
22899.996406757426
22735.810642031494
23454.795490002332
24533.639165641525
24405.805203848457
24485.31065893628
24885.941985058802
25021.8651192329
24124.71209672092
24089.554057095607
23418.876798818827
24755.818947644868
24549.97246110567
25347.50111448098
24819.113688427373
25352.36519017804
24053.322559207194
24394.044251162384
23155.82948211387
22544.390610974693
Score: 9.613868341943633
Runtime: 592ms
336026.353494656
316982.64886986377
278417.60882309696
253901.9840455808
220788.58767122994
193134.86944628484
180231.6961766596
153550.34581053426
137573.20720721126
126502.3977200904
114687.74522235837
109911.3240403795
95128.96812779545
92651.43141656555
81800.30127825607
70548.41188476353
64268.35799433952
59791.116917988824
52861.75820133005
49062.83304778293
44006.6057291958
41930.19610140459
40803.02568307891
41061.92971706481
38526.53575473722
35025.51924827961
34464.284532461475
34313.91022047565
33175.18064853377
33542.06326881782
32482.38317607512
31763.762154412096
30877.846089477276
31873.5604737805
30070.348672907647
30598.3497404469
29538.053777830126
29397.440637103122
29857.657140404
28256.428364653937
26669.554355166958
25868.3334637927
25773.425384987473
27681.707023617455
25118.690027912282
24656.47766029008
24715.00164908801
23004.728336076678
23378.634946997016
22390.330910094402
22091.620627311157
22101.550475282005
22616.553804618587
22737.333704746452
22618.09090012097
22060.13748147363
22102.626649552167
22423.115345381437
22296.032023328007
22099.338129044314
22356.257048850737
23895.064364711357
24078.585708229304
22973.522920313622
22826.655347549902
22343.54237988185
Score: 9.634553593049871
Runtime: 675ms
336026.353494656
316128.8299617907
306125.6682044393
294807.6390686085
272885.4662897576
258497.95801378708
249514.20087272066
237464.78886309787
217874.10990609546
182694.80031899747
161272.39753783453
134699.95512999556
101413.79906223103
78028.98025318244
67957.5153379927
58125.04584190822
60708.88322751066
56549.32912295781
50946.540092119336
50281.46125378502
50509.71166426695
49674.999610470266
46402.00925388007
43948.480737551276
40005.59443977404
37817.87785201148
35465.07721369707
34904.00526653086
33494.985630878895
32297.766933883984
30613.084395303606
29227.780316356973
30451.045314195497
29566.56659114664
29744.78600675782
28732.170553305623
28432.772230238952
28088.38107366794
27991.271400333637
27063.303142376706
26705.921172137423
26938.54702735156
27108.67181433029
28847.138503894002
27834.412017225546
26552.693339571575
26514.2645114798
25917.862788016042
25245.190410539148
25318.081461460202
25840.967410322166
24836.470910432476
25614.688548398994
25073.493871042883
25278.407022811894
23755.927628785284
23991.044363543006
24721.91396254942
25248.655482803126
24453.383450849396
24654.060807210837
24423.77046220712
23904.429349545608
23709.290407209628
23797.328635801223
22806.85109359171
Score: 9.537976286723758
Runtime: 610ms
336026.353494656
302229.7982617001
279007.407666282
229030.09505804817
186433.69928726292
176082.703395798
165278.43363837805
136476.3752014985
123146.08597403362
112258.35343007349
96758.85225674414
88503.31016502646
68609.23631868986
61092.72624971962
52502.33246526583
52434.00913472535
48773.89422229167
43693.58054262125
41836.24985563034
39217.711233834336
35995.767469695376
35307.05554020186
35686.37716201774
36988.40594476107
33676.2560875481
34213.11092832055
35233.45605965307
33875.62754011979
34425.960808281896
32770.61994768854
31284.059349729603
32204.853629746263
32353.873923092196
30664.962733862474
29938.594543066425
31054.91013480977
30112.395801325612
30498.83732035941
29866.697267228996
29158.492265070574
29724.83462332634
28382.31128411955
28512.257909657932
27590.145776382127
27744.61960592459
27711.865483008463
27879.077747482843
28809.646839192883
28243.266751710264
27078.57134932183
27352.628986689895
26307.880675687913
25272.08247090783
25857.292884318493
25624.148567058324
25188.924881481216
24112.72941048882
24452.17142105884
24029.539637126545
24379.698785519027
23011.709281450047
23620.096259244387
24172.98466398673
23688.1709230736
23000.50781487468
23255.91330810497
Score: 9.600011771832637
Runtime: 567ms
336026.353494656
327182.7554573071
309798.37115680636
285009.61103034014
244829.76233030684
221516.14677430343
190459.62620873796
172537.12900355662
154795.60768005997
142812.50509987294
127609.20499532996
113891.7684147554
87347.79653297368
82745.03447384856
70543.43750128153
64245.51913270327
59163.99212184182
57903.00392444391
55180.49589123208
50650.414035437316
47462.80632194274
45722.88861802191
44741.446650831924
43902.41789985694
43024.47321895761
39745.346711187274
39592.50932371805
37583.38758011512
32961.70495532383
31125.850093748646
30662.289942477742
29372.410357616445
30007.220675851644
28508.16675269624
28758.252227927474
28181.852373222868
28392.82203217374
27302.455286696106
26201.072234931802
26616.527975921555
26321.745827087347
25073.772086695186
25770.081505265032
24795.942372799782
24644.273806747642
23951.0041551554
23741.99287880718
23889.222256846035
23022.957435637516
23815.637308928824
23682.420120287446
23177.250353629166
23491.414243744675
23054.502621768595
23526.689656920393
23975.324697973694
24343.697790174494
23932.582910561003
23076.595456529427
22765.5238787878
22867.207607818465
22692.58147705362
22488.88934504648
21650.011939081916
22036.060092012885
22612.41454382433
Score: 9.584147774470784
Runtime: 622ms
336026.353494656
316749.8160886617
297598.35466590343
256612.3585374413
222576.4589394967
207805.019559583
194976.00155282515
169830.60730907368
152045.8483988484
128207.52396409883
117689.84607513406
108735.65052492206
93735.619222812
89985.41890303338
85066.55149522603
78507.84620157129
68063.18873266659
62290.010525455655
55479.34462763495
52684.476033316154
49182.46559986123
46939.332412957316
42125.260322606526
39876.67008364363
38689.93318536571
38472.44517852083
38434.14373002507
37415.53035248689
36868.17980146683
34708.87980859897
33725.609523836705
32989.928096412805
31928.556980811038
30553.682300946173
30956.117165312193
29815.055105247793
28640.28229130772
29186.328898032316
28861.179446778668
28270.091316674785
27334.045803672543
26989.026148831486
27691.288563632526
27131.197006484
25978.959455362263
26039.40661656213
25124.469166163544
25142.44541377989
25600.502123194954
24302.843704505744
24184.76573750374
24866.45694834426
23825.36422364931
23886.456221429675
22883.486230579398
22869.416676074525
23250.55189016062
23026.25817434605
22339.19265582091
22655.590789851696
23238.93434406764
24588.774475051476
23551.09999411413
22194.324874792474
22765.400397076366
23227.855274534355
Score: 9.72845683549447
Runtime: 670ms
336026.353494656
310857.0387872223
280921.0077021593
248925.08800357988
211375.82772501445
186737.97715993048
157850.5025278339
138962.90493288485
127688.17131755382
109225.60957860448
98725.16735876673
86042.36993353294
74840.25901853363
66726.84645870148
63246.00798896384
61510.25365290597
57820.25841744422
57318.66579091335
56815.677226821106
53113.06288601767
53250.87626551575
51837.718822578325
50140.33593704038
50892.02834940774
49256.55095023393
49075.25250076754
47499.21457055391
44725.43494768796
40710.98620206563
39372.00612286086
40474.69630779666
38791.22031140086
37021.63850954778
37126.41651796773
37730.55173568499
37208.71803262259
37345.88209430107
36430.81658792395
33430.64329599363
33515.49969028981
32547.70687588644
33452.11004707916
33595.32442644371
33878.78755985092
33744.84730927633
34210.89339769303
34139.602224383976
33768.79284438875
34899.54109087444
33685.00637584692
33923.042896132276
33054.94904470419
33635.17042442704
32458.88795858183
32143.797869312537
30799.603767498447
28820.58795713385
28749.285488778656
26910.89961986565
26842.864886883697
26143.32304824552
25402.85812728718
24907.716919590664
25174.187282188093
24877.495195655778
23540.537895763966
Score: 9.571230290076679
Runtime: 572ms
336026.353494656
297519.39379720506
280071.2195738409
246618.29427190355
233193.53705801125
198804.1500634378
164106.2296353719
155883.42766285292
137214.93048602482
129737.92942523427
117908.43328480796
110929.00963524877
99448.34116596695
85966.16778458974
78309.10094626367
65711.4972307002
64486.74624727985
57064.58707980604
54547.70268429555
49239.543440498084
43841.47355398614
42233.77753708852
40705.67327316037
40595.766384925424
41031.03424552141
37855.18491101549
36854.41574716254
36454.190399244864
37450.110044979774
37372.94081071124
38482.69704804993
38937.16327605617
38679.98376454709
38070.62257949453
37199.0054185278
35174.68887952026
33535.61959139637
33701.68712189281
34204.37377089592
34172.51798276507
33368.916824193
31696.370697405546
30107.30778298319
29048.484446048842
27906.899945524605
27669.42826391609
26873.847682892374
25103.73467445943
25482.12472272076
25949.450526043016
24774.288290781547
24515.84642750417
23548.3583521533
23137.026148627403
22864.292075938592
23202.571381957743
22447.574957841385
23118.81853919961
23179.449460636046
23313.78488154948
21716.642685524184
21801.030471801423
22418.64087604188
22417.546556472007
22038.789027585946
22211.824476548696
Score: 9.678213769122245
Runtime: 602ms
336026.353494656
327015.56584766606
305780.627991808
287394.8523559973
242766.57037090673
217628.046083995
182688.11615844202
156961.85747280967
148345.01223864377
134354.33121016572
114085.55846835602
102911.24105046436
89814.29414150746
81230.58699456639
68362.4038892236
65540.7057466908
62027.771384110085
59074.38765206214
55347.49150122009
53845.16242358121
53864.11194648197
48832.74361085348
44849.397224229615
42534.63709219402
42147.64699263641
40069.73928466272
37220.70314777318
35688.75280873805
35830.22373051162
36628.97094554674
36171.01697115537
35336.38120413833
34292.09917798464
32509.77936783231
30402.873722234217
30241.040130381884
31702.60130795009
31873.76078403877
30911.66811525848
29983.22459468038
30098.93771513928
30095.910147210016
29912.097666115398
30861.87324024239
29331.11963233763
29098.755916295657
29605.32842998228
28371.898066675956
27366.472910687356
27066.427158132195
26617.292062115117
28050.182215660465
28850.097368746265
28444.047658124804
29091.916886579264
27715.026945394802
27961.882713910938
26851.192452837495
28064.697739291543
26993.361279344215
27664.411510046848
27340.35088420535
26129.90423328915
25616.135817285438
26411.547570099854
25678.617347981013
Score: 9.62389783770315
Runtime: 599ms
336026.353494656
330487.1719309745
307665.703670764
268266.7719730409
232513.70241534038
196088.7349399997
176209.56107612108
157827.6044915302
140129.0041083747
125128.36156735667
110034.62621903773
104463.18884316944
101293.0407972144
93351.35386635594
88993.4550295165
83083.77938056867
83035.60232136457
83570.27344128267
82898.04876967325
72887.6187000133
67148.06896725943
66014.67264985404
57080.08061981427
50035.240556213575
47518.389065068775
46432.06422590626
46096.214603625434
45094.01663507635
43042.05905151564
40615.02484847228
38658.7542609345
36782.47985153645
34450.15415380112
32762.31997133569
33221.62526985263
33284.65371135878
30687.39747229518
29017.010538903636
27213.95813846423
28139.453931896027
27275.49916777988
27076.908089668843
25729.261336286323
26391.38090977893
26154.330551919193
25361.298190377554
24702.458547981325
25231.949563064965
24864.925995189737
26368.9276142258
25580.825614634607
24582.845132445553
23482.053499968515
23369.52151255227
23043.483925445682
23611.126857812702
22245.702154019167
22964.5000784514
23656.6019102964
23352.548435819666
21782.566709750787
21774.260841436513
21903.960277592
22567.164604043966
22771.836521869904
21904.822895640795
Score: 9.764286872282732
Runtime: 648ms
336026.353494656
298373.02734050684
270043.70090146374
239985.7493854949
211113.21944200707
178612.76044095238
156903.06455323176
136875.18071469272
127728.42432488146
108298.23302510826
102771.6436777304
96914.80410622557
86694.84251591498
72805.925441777
66636.25430277163
62446.70885200972
59782.94068968546
55858.02160580049
51136.77828769564
49778.05152525581
51481.47187768373
47647.40721914108
47801.02239463208
48032.0868918188
46937.08837856568
45081.91052134318
44206.051534386024
41877.872829540116
37257.47233187103
36353.160402921996
34728.55458073762
35487.59856391369
34527.19123074693
34720.71503403265
34466.80972999855
33512.87236308446
34621.21797932514
34628.36209612096
33435.84048281864
34056.06074111964
33305.52773571952
32917.981094323986
31168.845479068765
30276.197773623895
30373.42982627828
29747.865657003527
28935.800345014115
28765.579759372155
29108.59453397264
29467.662637155747
30119.819453953438
28980.342751161836
29105.05958017616
29871.9149655849
29112.339171699587
28206.56784187359
27844.18093535207
27977.074928615377
30114.08205824468
29446.440113778786
28394.242514564143
27418.945444652527
26376.71450570226
26522.423410885654
26093.32668401604
25386.07373036659
Score: 9.261013848719617
Runtime: 559ms
