336026.353494656
328560.71024844935
316252.1237385759
300349.6830565412
289063.8457758276
282173.29175994266
265775.53675720806
251459.4310854194
240859.20051398827
229897.8835861052
217102.0378278317
207947.8867829172
198293.15270899385
187920.0959163476
178619.33335543112
170473.4285982618
160177.7939934753
150053.41963488076
140362.7673321387
133467.60844234814
127156.28301465437
122247.03103633183
113518.62897084553
98551.48045927951
85079.4434029201
84064.4491931808
81061.48795438126
77392.88434616062
72445.49498144088
70112.77614038959
67883.65147103003
65699.31937527024
63438.68966074924
61987.798809332206
60142.3790060902
56351.57682791569
54070.6212004077
51951.150858426525
49425.50257015393
48205.47507024981
46029.48262785679
43663.27728402566
42339.37173718032
42296.82128029442
40735.62043405286
40535.19997992851
40264.235111331116
39226.33181273355
37622.226548681254
37538.271267938646
37382.769773643464
36211.37881509643
34403.30775884502
35041.45758216206
33022.97428889587
32112.937308093355
32028.30042636569
33199.48776564335
32587.948522053073
31913.962251423727
32112.0354846933
31694.894625822773
32560.126501788192
31527.82780803696
31739.271568704502
30493.390802479702
Score: 9.355471244179336
Runtime: 627ms
336026.353494656
328048.6235582904
306463.88504473155
289978.76463297225
269084.2340452752
251412.49810847122
234409.9273149916
231784.72356293653
225848.51364207923
213656.65505650296
204990.65792202036
191741.80585857766
189443.6589714882
175362.6737093475
170461.87595808716
166001.66058354848
162231.42828733937
152639.83174205403
144127.27573284166
138546.3966523616
129572.76223557896
119674.33090633483
111846.17644063734
106901.90383225268
103442.3491939628
98940.24460801911
95422.56545614937
90521.10004042953
84778.28530869188
78364.64225497025
72560.02956118349
65946.24332337914
63237.97772241982
60856.5506346444
57547.461538895324
56685.404640309396
53190.18659093894
53609.39255873805
50765.67794858093
50502.349951798606
48524.87635857785
48373.379455728165
47172.31970371789
46738.93742124365
45098.65688666827
44495.837228959375
41931.990480051834
40884.83001427188
41681.87770794403
39435.2597299222
38489.07082216408
37268.30230313827
36298.37248351362
36183.3594628062
36691.1324820542
37027.09972549189
36373.30782868673
35437.04027554043
35543.09445766235
34786.330449903486
35306.9212432767
35151.136446394616
34640.665603520436
33416.75092230351
33514.22782152725
31777.45128571161
Score: 9.108728397104834
Runtime: 602ms
336026.353494656
328698.2296830332
311824.83723407716
304516.9118679358
284387.35122647
274296.35413718555
261584.15637990602
246539.7837133568
241025.90132595666
222561.65305527663
213484.98256496486
201732.49401745238
196649.80053964278
185662.71940331487
176344.66084991096
163748.9011659377
156473.74491808802
147720.31699204346
134375.40880528672
124981.25669316428
116783.3780341809
107867.03301019079
100643.40068240536
96102.26727222001
93726.70593220489
89992.53412893065
83079.16611166121
80503.14924897667
72497.63679491042
68048.41787973368
64148.76017436211
63508.554024972065
62671.903206326846
61393.006010378704
57206.14690588367
54526.51286387663
52027.23595145662
51794.88274238481
50281.406023089796
49834.41454602036
47770.652773032816
46038.7448750538
43795.41052599489
42483.056317057955
42358.08462988758
41915.823725968934
42783.852077879055
42557.09278706912
42142.976790539804
41182.93678282197
40965.17507207103
40298.35561194835
40540.2024889418
39925.02472621004
38471.12159183791
36561.405270202136
36884.4683306972
36988.60783857894
37664.975141035735
37226.02223771119
37760.92223439198
36417.93257166099
36922.85984663949
35668.534612465395
33814.42732128711
35319.25243160239
Score: 8.544257218272698
Runtime: 595ms
336026.353494656
327991.5110544914
307602.33509255195
301317.8669666794
290721.5479856855
273409.6643036823
262608.94131768926
250784.02150004805
237397.63069803145
226535.4384106696
211394.490542498
200684.01915611365
184137.06493363436
169009.56064058654
156470.54019008047
146846.45487238208
136490.4842757634
132285.38518752455
134433.96345239048
125171.10843811958
117398.20638149913
110638.66106968974
98444.42634223145
92610.02215623228
85673.76555150474
76617.882727856
72890.90023394732
68827.06344501422
66457.70103877227
63568.051706629616
62284.40582427874
61143.9020359421
58069.34654104139
56711.92269591876
54833.65339919955
53285.15255986086
52255.83532388668
51032.411844761016
51783.989361565546
50349.02430331317
49431.374692119454
49146.173098126805
48029.21986786729
44360.779252655666
43444.50029485163
43443.316687787184
41696.684410822614
39577.01753077001
39737.78414573691
38833.04774705765
36834.22721213589
35645.288627423346
35693.68804015109
35932.48038584578
33440.97613496783
33167.45054446277
31994.154402630764
31352.482553248217
31567.40042684206
32431.181914843026
30226.04632235426
29831.20788182721
29028.591155578266
28831.09934364304
29254.705673042346
28594.87432493692
Score: 9.600865447226804
Runtime: 597ms
336026.353494656
327571.79125754413
307296.6114936826
301866.8469415507
285959.2133018404
270598.92882574635
258139.40321423192
251129.36100818976
238157.18971119268
222581.75530695912
213051.20521671898
200183.0707580757
189984.8016518519
180525.8092609574
168527.10890425372
157574.11646431527
148196.66106819315
138594.6055698089
129800.90051208327
121480.68490256144
112396.29327308283
110444.64976884256
102571.16960030941
92652.73953562813
83987.44665638369
77695.8850257806
74230.3772319174
65634.71879293314
63266.01434737571
61420.65968825199
58744.27157478151
54996.21771829795
51965.82804207277
50996.1955778156
49943.51457544928
47877.97778800151
45720.99109144548
44390.72488814947
44427.463783494175
42681.81207828321
42645.435853605995
40498.099265862445
39757.599451195325
37898.70270638293
36416.660738176826
35918.449984794155
33938.65192859477
32493.190773649112
31236.315099318865
31432.380806986752
31306.99055665687
32336.00087511693
31874.678455263696
29967.535625422515
29263.433625656155
29847.201585301624
28272.96335395133
28044.24133721218
27736.357209771795
28451.064483021666
28025.869023139792
28113.877249213532
28370.03977631471
27717.787802549337
27586.29266829916
27587.643800416055
Score: 9.366263331491435
Runtime: 654ms
336026.353494656
329188.38318836025
313225.1499648921
300611.6028224446
291941.10601687536
279774.12414483837
264487.1205979582
250972.00870974283
234972.21360887671
224147.2060089282
212432.78029708777
202924.62805665485
193089.10656741014
184280.34843309424
166111.59642983053
164870.38512445235
159509.9093930308
156011.7880754555
151328.7207218883
148308.2146359415
140901.04301226191
129308.17688920294
119218.16337338225
114008.34118942528
103545.36191956446
97605.33592568076
86871.9313536957
72959.93129893398
66627.76775228328
61071.051409542015
55063.18299218239
49384.17835062299
44713.41485420298
41860.21295532307
41649.666909176114
40783.29085194891
41161.4360290835
40978.970695977165
41197.21762151819
41076.293274384254
41211.52685647722
39048.29897636555
38425.04778176124
37107.51719198182
37649.14422130419
36614.840554367176
36908.84249610346
36735.77929676257
36126.15384461517
35269.98519784318
34168.75991521602
32864.05316007398
31898.597477178515
31717.61328727376
30888.40998731573
30150.350805121867
30215.491902801252
29859.372824186896
30139.17363095937
29297.194852519486
28475.09890625628
28222.268006135993
28497.93094343016
28288.670437815712
28082.438404149176
27146.87859264901
Score: 9.331078380132448
Runtime: 591ms
336026.353494656
330104.16287889937
319847.689138601
297034.73442716093
287115.2303788469
271473.99002735026
260697.19978787683
252494.3601592045
233266.82069030628
219896.31245552498
208554.96037165457
191676.57057127333
174938.66046569997
159367.24639370656
141765.22742399128
131786.69676783308
125467.053681103
124288.77782700444
117561.80192588708
114570.22091558292
112640.24858867815
108372.7656430469
106648.20169524434
104648.26146427507
98889.39470892222
94813.96781078857
90497.46006708467
86066.54905773842
82309.23730447577
80073.52875490603
75048.80284427147
74389.42269743425
73290.41665451486
71818.13233672958
69764.6013742063
69013.62761966043
67143.16540698188
67090.34190745666
65518.58671802132
63649.27025234158
62611.63965063058
58667.80534681197
56007.43946941885
54527.453646302834
54888.31088180795
51919.64627796436
50084.31246994716
47997.991750345645
45567.62651166371
43927.26228011461
43498.68843513815
42547.36830033348
41522.32227557184
40453.5672165002
40299.78564087845
40235.86107564874
40294.704347889
40257.794900108725
40237.62678944141
40784.59885430831
40663.10244589829
39425.42465158786
37751.890839406646
36464.3206175055
36022.8869710652
34604.84977612274
Score: 9.217363394100252
Runtime: 618ms
336026.353494656
329845.8548097421
312702.63549929654
299840.9613917991
284203.38615312206
271236.3515693758
255360.77974305797
247439.8461178129
239115.26602138858
229583.7943111993
218402.3668915517
194540.3601661857
171725.0601353422
154968.3126066408
137562.77413800659
126169.16952667963
127413.48399490894
124275.0298589186
119011.31060540384
115749.26962488674
114748.31937481074
113199.39128808091
108199.42259537391
104607.94404084104
104099.60617459638
102046.4469971599
99853.05365722867
94692.83910465342
93009.92117388129
87757.91810130882
85960.61399899563
81402.64416730926
78398.77729516024
78026.27975182544
74263.95716203426
69978.31691380151
67065.5830653853
66685.63642161146
62226.035421478926
62153.95417005632
60161.4248534428
56396.665385119624
54210.27578163715
52634.02644493052
49831.8235069818
48044.70816796274
47136.51233178469
45336.490078976305
43123.75746413486
41703.873968823165
42377.60650313872
39655.477685680264
38465.615131337734
37373.90196677777
36894.46309595551
37702.30230328508
37449.4433403344
37425.23787884375
35909.60732677859
34508.480377558524
33897.64214373268
32934.50821779437
32659.320286713388
31708.826561657843
30493.129822331543
29642.66122250864
Score: 9.232226974511986
Runtime: 632ms
336026.353494656
329330.1010903613
320663.6987605773
304547.5764328935
291403.96652574936
277047.6067067089
258356.20996915863
248288.65920219597
230762.27291168884
211306.51697380817
194041.01255418817
177804.59119970366
161274.4567672655
151011.5377536542
141911.8995790827
133175.96352062013
126880.22132326904
116251.282381724
106535.25174182092
111373.58433996799
113738.81580452352
115317.01727683214
111930.15184670118
104452.68636756414
92745.70927980734
83301.9520332055
82150.60725017493
71479.5763258275
59136.86309782159
55723.1476764939
55239.40094937286
54153.23781458882
52247.1700757642
49474.21014140397
47359.770918245034
45614.18882672926
44440.936657458624
44017.988581837664
41811.36178342613
40874.5246496547
40238.04595466352
40428.22074974319
39687.4822629539
39905.54960986634
39230.324991533125
38548.052577092094
38473.36563049601
38166.34651308483
36311.21799891899
34565.18885978036
34004.00361080122
33667.067780178535
32712.093512119216
31984.998223988605
32041.112638652812
30887.52023206773
31309.230162929645
30486.304557889838
30324.40519178401
30188.21827868878
29275.486545694162
28831.336764432268
28652.8247907644
28225.472134328775
28239.78258911109
27732.327234224525
Score: 9.384868092912045
Runtime: 621ms
336026.353494656
328042.92674256564
317334.68992064876
300153.40357289533
282742.4710583534
270885.0853050744
253214.44502930334
245580.40501649154
235593.11746916996
218346.84728480794
210423.96407232853
203724.5885512609
193686.0297363094
181331.48860074749
174310.17420551952
163013.2578172173
152499.44553986398
137443.80762616388
129448.89949239996
117447.39651781396
107212.15675156964
101339.58876202245
97975.90726777804
86178.22741230261
81826.34861119563
77702.74447495933
73223.4181483695
70457.24957544335
71008.58394474804
70890.05912212841
71478.1073087425
71597.6544522089
72693.88487604307
72674.08617497023
71053.38754993658
69404.91933154089
69575.51558349114
68050.2742236477
67198.16180514361
64605.31794435168
62246.09019509079
60339.92555219802
56722.27126292478
53641.77844432948
53475.800635212356
51822.49821539624
50111.22585599195
47319.28932831604
46786.23557748514
45138.09328622151
43249.171265092635
42027.565441544844
42127.43724445195
41994.511507141506
39330.933117987865
39084.02908419946
37703.865072971814
36548.56796061451
36443.6023033307
34963.61510629792
34733.62887602061
34503.310195184815
34066.32104985194
33769.977290972805
33339.78705633646
32542.302603891905
Score: 8.918839667918423
Runtime: 650ms
336026.353494656
322209.7822785955
305444.4104520096
299220.99835653143
287123.1982170744
266154.5772039585
251676.70870123655
237219.58317513525
222714.7854870752
198363.97589602182
174976.48692388233
141456.68286150214
126959.15185876195
119233.9999552702
106319.97996397845
98639.36459570179
98097.31248486758
91634.79005593693
93154.49602296893
92806.77470316886
94353.74551697363
91952.77569581392
87281.269714177
78651.61523773437
74246.0452055716
70821.66270225134
65371.29278030709
61995.40337524407
57480.66188173146
57044.02659127399
55759.26459464979
54671.856940569756
52609.62719970217
54397.77189066738
55734.09940335845
55949.931260353536
54726.69693002291
54460.509654145775
56052.876745888316
54914.11864511474
53398.739806776124
52299.96088287672
53167.53061454331
52130.82880228889
53722.0815147831
51265.2608926842
49423.70054527733
49397.23006322766
48166.61789953493
46220.29092933387
44656.594809409726
44071.76049723123
43401.09171689312
42635.12016818904
41215.403012027666
40057.78306273581
38957.478364587485
37884.5816256144
37066.421778011805
36019.146124102226
36018.53843532047
33941.845382087755
32621.925056846332
32020.937057096984
31323.16795542496
30982.710954302518
Score: 8.924725629066469
Runtime: 563ms
336026.353494656
326113.535877386
316806.7365108819
299378.5113803429
286287.8457026356
276322.2873272483
264837.2878922905
251059.035406305
235048.06389721
217340.6872738027
204618.12325829233
186379.99389635533
164312.73920332684
150569.39197666262
142261.32223387074
133309.45732026396
120329.02273524023
112892.77645791722
107106.69854895654
102922.68521859661
94899.4896982074
91785.66985658181
82878.98321628985
82835.14215404922
79897.19971168507
80606.26763523009
78044.38593318222
71572.24687089259
66510.0837272008
62788.46598016883
60794.28927790197
60185.68051264071
57736.21872137177
57409.80334801261
56277.05167595547
54794.673304245305
52836.383461820944
53696.508666242284
51842.49864200902
50058.2923579911
48388.456995743094
47023.85361765916
44790.15458268709
43469.109315313915
41613.07143784751
42200.4747881988
41310.64396112692
40951.81427656451
40840.920836461795
39225.754879263965
39056.59417193565
38724.21093443987
37594.606982366575
37415.4503224156
38245.03353573035
36739.30264188592
36242.83325606526
36822.89588110265
36849.390133704575
36976.52799365024
36281.46279368589
36840.79419744237
36161.30526376125
36988.29751688499
36010.0519446341
35290.23485530561
Score: 8.894504780015781
Runtime: 580ms
336026.353494656
326905.26975407643
306478.5009987355
292854.2262846193
283226.71379685914
270463.22808463586
256432.01474155043
247368.2401334279
237115.10947342965
224873.5474591495
214386.16632122712
198213.86918506926
182044.28160862933
168390.1305792946
166865.47457470116
155319.51918943762
146016.45683969688
137507.1761010234
128894.53506868135
126932.69353361792
120528.35986031634
125269.35754213504
131733.31407474595
134646.3136161119
135476.9891362358
131256.0601324339
140860.16395357862
141027.81261895096
138530.94172612857
143233.47208048298
143317.5325445538
141073.42477191662
140616.46415552514
140020.4576435206
136347.6805247314
135933.69270272442
135362.60516019195
134081.63235646975
132260.78160979957
129672.25010303302
128050.30596845663
125691.59849546189
123105.94523175503
120231.38185969373
104590.2881429277
92534.84238785853
90154.9152843949
78790.68224293113
71933.23488229427
58789.24341173735
53956.79989682914
49570.31285415203
57385.26074300297
52143.59253183962
41908.48484307195
40211.16999047206
39946.72983538962
39873.0746883878
38574.10688176175
37629.433078787944
36279.122074051156
34625.76125413163
33480.66956561646
33346.55559904244
33748.94784963041
31725.231605881858
Score: 9.253195533050725
Runtime: 604ms
336026.353494656
325403.8258720748
313570.9242810632
299587.24861331104
289392.51059777144
271760.2795475934
250192.61882748303
231998.6083185411
216036.3744628882
203151.95055245803
188567.8238671226
167108.3447686677
155111.26591122968
146967.99862295497
136813.22098967645
130907.1128984192
121547.0956819347
104604.74649580494
94553.3183710656
84598.0575324209
74736.4728695186
73853.90432840263
70484.64053933996
65824.80225059569
59728.339484811375
53781.68175232672
52161.198282382815
49434.25146999013
48011.41373041473
47258.30169674405
48101.03007709524
51575.255601345525
51024.06158649762
50392.6556971577
51859.64492900364
49978.99093809572
46863.81457009183
45350.10541360064
44719.7384861459
42279.76782458277
42158.54072063953
40698.486574481285
38758.207058892825
37945.041593129026
37760.44448270094
36849.11612450453
36875.29543704563
35102.11446908713
35076.966376156306
35112.39991781808
34426.50634506175
33906.730347748184
33814.357933600026
33620.035163275985
33878.24858734181
32845.86055549947
32482.101783429367
30977.265610749117
32246.430025603604
31663.881283995404
31488.399165335533
30677.39386109163
31388.785553380745
30583.16672729929
30317.478669417203
30417.07128892113
Score: 9.605173058759863
Runtime: 567ms
336026.353494656
329655.5538837083
312746.6028464957
296828.73245326424
291081.0809636199
281837.0510044399
264129.674734551
251956.6436856206
237941.3530759687
224979.2079218674
206766.16774569714
195124.1347052143
180592.71579155247
170083.4436401669
160690.050149552
149858.47685187167
141128.36263526735
133662.60270020555
122134.3062632105
111290.5197719585
104676.19153373288
98763.52742533908
87194.67666527761
82282.43540591557
71077.75820314942
68701.49311160918
64568.44337238538
60412.915066286856
58957.772037356284
57949.30847357328
56342.03927460288
55331.57597058516
54124.3635322339
52568.15829794218
52071.15810614321
50068.07861765803
48870.25919751271
47559.82169606146
47560.4664593038
45349.08259900287
43060.923184775376
41100.82670635609
40218.29202244577
41229.29910106649
40647.63933162815
39093.31859208746
38341.19352964886
38473.797220774584
38250.64945195159
37924.8188650643
37380.51383582047
36428.80421424769
37369.714169231185
35650.78871806289
35262.28201838535
34651.71760952364
34752.08215078247
34367.577609472435
34085.4665973869
34507.37920633415
33962.92504821074
34271.45530829871
32344.009878543337
32070.13496139017
30542.17258311105
29275.81386671271
Score: 9.481602232093005
Runtime: 623ms
336026.353494656
328989.5445159403
317348.6974756464
311563.3210042197
297517.0623705832
286241.21768642723
272309.3604601941
263700.0625730371
250249.5963385413
240465.9970486703
222187.02838473459
196038.64026249506
171954.37320699505
152024.3492604049
149259.82262608744
142901.88325792312
140088.00761751403
133987.6575608443
121188.55149154284
115292.40167993536
111064.18671532148
106355.54018570647
100906.11194596329
94473.57683479709
91981.57559676938
87622.88275597904
86395.88941538264
85243.10980028489
83440.18501419124
81309.14326750334
76794.72404297497
73942.55920012172
69906.23835378146
66293.74284502397
66605.75722518956
65329.248414167974
65205.799184323405
62219.34780192983
58511.87891117974
57023.82148948502
58377.2833089864
56711.618754757714
52683.49380014671
53584.444269168795
50185.625621191706
49255.0278865234
47901.41740406987
46277.572174433524
41599.585807862444
40317.60978671095
40566.99175297981
40496.911528864024
39560.92260824106
38637.44342048014
35442.815459122954
33654.50834918868
33399.7922064268
31746.181787591897
31557.081624422088
30595.969188826068
31215.49529317194
30511.87673325189
30101.84247673164
29937.723796228172
30644.076631489686
30224.123490865997
Score: 9.464564697725924
Runtime: 593ms
336026.353494656
327409.77054243494
315094.289326779
302663.2726508622
285612.99045941595
266294.41989963484
248123.48638256895
243055.99383971738
234747.94457082145
222992.64655923267
214308.61807791042
202398.17916983727
193346.91234484754
181638.36573916476
162935.34575068517
140314.79973468636
120178.2552247662
105655.98856291034
90059.32731905449
84578.87206017342
77528.5573210757
75153.54270926204
69719.5153809767
63946.66225918163
61933.74626670791
58722.2095432416
55878.862197974384
53562.480605645986
53690.33532873581
52560.53206360429
49610.79509299559
49564.39514938404
47304.140371363384
48072.13327957907
47958.828143526676
46379.776484799404
45369.62576492397
45546.45665599493
46114.6024307822
44955.38307772713
45585.09475059858
44926.4851051107
43045.769998202646
40415.751929403224
40835.302043369215
41091.13983633179
39690.93794897695
39914.15035338471
38715.20026872961
39147.20361688134
38325.92745025762
37494.937867397275
38025.11489488472
38208.61070969665
36401.93975628209
35955.983437805146
34744.24213562793
34519.74348674227
35942.02845475144
33936.58165577816
33273.207453011484
32355.604158511982
32349.21884110552
32529.764661601952
32462.825237306883
31334.366084008772
Score: 9.146237927972242
Runtime: 607ms
336026.353494656
328726.16110857524
310811.53819046053
298107.14012844744
284648.40383819415
269111.52516850096
252902.17231464028
243185.4484798514
226791.28583456742
215814.86302445782
206175.05696066798
190452.46636749117
177281.4425451955
166158.70193019242
154507.89439657645
138917.22360618185
125815.23123391459
110952.78867803133
92055.73574814065
85049.68696146554
76452.95151509142
75658.9554082716
66115.00110529251
61301.85516806223
59864.66111640282
58035.8667766431
57633.80258742156
52815.679660288784
50102.89893053823
48745.003336770234
45953.56321177092
44400.02879443538
42414.99351902743
42141.177523303566
41034.95190699182
40533.112464170954
38817.263861466425
39509.00220308634
39448.20110091066
38694.86345870321
39600.25023915962
39764.16540073244
38285.640503977345
36448.862884122485
36387.759246077294
35350.34575096128
35077.30485846223
36072.991033433675
35488.90892405822
35550.53408502461
35774.10399954081
33205.836476625234
31578.091243825384
30523.844629984284
30068.9488943242
30078.93334876649
29427.862679686474
29443.424209562992
29615.2107429103
29512.947263137645
28922.410600168012
27793.687790996617
27515.098044024733
28137.33065224145
26109.55689410153
26232.4167948753
Score: 9.70639920886087
Runtime: 624ms
336026.353494656
328240.061052746
311305.5411206706
295623.1574313068
286227.5808970331
279760.2754859007
257775.6835841515
246376.15261362275
232614.2228123792
230380.9525448155
224425.347004073
215884.7343841947
205111.48159438669
189871.4141601837
180574.9438516122
172784.2720387495
163916.21082405577
153335.44221087784
144454.23681229257
133121.34460984232
122269.33593860858
110481.30179383687
108522.66292949823
100892.40086233753
100055.87153263777
95643.51270538098
84113.9095069234
80492.96860190836
77924.51084609645
73295.79548715515
67174.82824237204
64301.6909361069
62156.36018533459
59208.53561076108
57211.98021832726
57212.2453888078
57798.0983948938
57659.69652627934
57428.393794575786
57048.39977994168
56399.78650675933
56026.66714531703
52367.079938456
51757.19225742368
49526.290572812075
47192.22581802216
47787.73310208788
47281.16397708117
47367.09959392932
44449.88411737528
43298.44884727583
43955.06006167149
43928.54879815731
44717.11471044357
42265.02960100752
40518.105086914715
39277.360590854114
36892.03698080379
36235.62416040059
35188.43042139766
35512.57364532269
35417.48699183749
34224.086739945305
34579.149156071835
34371.7061443023
32555.603222050813
Score: 8.487093278084593
Runtime: 572ms
336026.353494656
325541.63231614116
310839.1595568315
297524.690653297
285855.3572033234
269637.83015059156
258518.79707311827
244555.699403287
231305.10565686942
218265.64898605045
210803.57050588878
201023.83225596853
188022.09409263646
181176.45785369456
166534.28799385997
153456.7730873431
142662.53611293426
120590.76930997052
115249.81963346714
109294.87643712827
102336.89258469506
97615.03898141877
92355.26230164817
91882.59880520141
90302.3685217144
83722.03170232427
78719.76875677674
73937.30492657206
70491.90161075859
67769.41035545948
62595.95017367614
60373.60774079761
59430.11347009641
56229.006886980154
54871.91431644276
54078.27734392883
52884.492856385084
52635.06800765568
49892.40686322825
49595.52524678517
48837.852641858466
47657.896041609245
46286.64506828854
45756.34283516165
45019.66677390228
44226.75367670421
44077.58595975148
42582.96822598859
41251.07219505323
39625.451293194135
39010.604450948944
38923.933667343714
38348.31618805269
38971.52190526195
39411.37661891149
39947.6219451014
40204.039932150634
39731.12344148406
37588.625176478796
38216.79397242564
36486.7842425718
35589.49063675264
35492.435761526576
34200.28886802735
33989.252053466575
34164.1927388897
Score: 9.721689992444258
Runtime: 575ms
336026.353494656
327268.0383670809
311904.586852247
294089.2976715561
275523.96191157895
262052.26657640815
254978.51360393895
249857.17854385215
240551.94369429708
229255.69662594653
217375.24955215276
201777.57970708128
193335.65136737458
180191.60752799318
172829.91093956854
161033.25195529987
157337.22808921261
151686.2296618892
146770.78498111252
138328.4181052381
134992.59900584875
128634.0973699346
119611.60607505684
114170.53564039385
110601.14869036246
106349.6045247099
103120.8338275641
98381.06660207405
92467.18551403948
87605.62548191064
81694.0232336178
79686.94486477158
79024.2888769199
76783.65527729306
74517.63759652655
73620.79849806991
72409.48156985367
68141.02738521923
67149.26952133304
65488.478743217536
63232.314266016794
63444.80102192584
61092.881269971316
60826.285140534725
59360.552329472266
59992.74874362429
59424.121694295776
58030.91478662205
58104.30715018693
57596.65701359098
56073.428245590294
53506.43921730365
49776.42638334224
47656.60175819551
46675.88789796304
46052.03123403463
42880.34401277668
41751.56711971674
40313.86090604122
38424.922941502875
36845.575312268236
37153.996232232115
38774.04316383405
38748.226687231036
38656.77215212585
37599.80905281182
Score: 8.880557648771827
Runtime: 636ms
336026.353494656
324831.4779836342
312046.78407591814
296945.49923055747
287054.96461294807
277758.0490227962
262496.82774714194
241824.7621338417
226259.03503554847
212989.6934920587
201938.2165412562
189554.60342114174
181938.70486668285
166354.17262256326
145186.27167439513
136335.8005761086
129323.63496189046
127260.12732846769
121474.4633648052
118594.05890646254
111844.84947189415
104341.72578027219
101575.6382941623
98726.56529901538
93287.27270738732
92105.62376873431
87408.05919946665
84902.07554548145
80586.84486164695
78500.04666184165
76997.26847086831
75732.00148610916
73133.92916471009
70801.1092453546
66935.67933841006
62017.80173152492
56993.84098998955
54911.870791253445
52115.18026849501
51524.71567911667
52987.54850308886
52787.65180492352
53570.44422179614
51966.87648224725
52974.20848028162
53464.6051813739
51030.091019824446
49567.80467308955
49828.98838170244
48687.403526622176
47778.93574358593
47084.88641721935
47073.3513661567
46263.61719027998
45159.248296167294
45739.580380984225
44400.12777491189
43778.49484283462
42461.12002174316
41742.1038750109
40955.58427660943
39791.413782570075
39104.88076611085
38779.04283316093
38311.36608044104
39182.19013241413
Score: 9.055670785230875
Runtime: 621ms
336026.353494656
327745.37440121954
311458.9428278733
299676.59626700386
288776.5435607111
273952.45806496846
262244.27302916563
253196.03468263836
244792.51129277403
238385.6879787204
226478.62873414485
217009.1945723142
202799.29984289446
188967.08203621916
176035.60983508272
158011.1135681811
150733.05219949185
143432.66881939332
136136.58434410673
126364.5437205472
119106.80742468775
109526.50583871147
100377.22734050313
94231.87823905757
89313.19684107655
82630.92424846312
75898.42928535711
68022.17490392188
59745.58717998684
52497.19400428932
47295.62590785355
45583.59098105966
43933.30838877438
42833.85004260114
41376.22962138491
41067.21486325493
41090.44793681862
39995.89045812272
39081.40466317644
38161.30258710365
36400.926439899886
35687.71749982684
35520.69877763875
34677.75425815559
34507.48105696034
33715.483388527005
33465.65497189025
32744.91444655728
32609.072377622084
33122.86787268882
31163.40888625852
31568.754977390738
31395.376824478815
31870.807999792803
31035.421963436267
30222.97870262174
30673.692395356018
30710.1287614894
29762.552005250578
28696.80106804821
29263.573051223833
30483.482766377678
29815.090101953698
28504.73866698612
28394.20439165865
28047.607580049364
Score: 9.509118684419029
Runtime: 622ms
336026.353494656
325403.7516621702
319390.7263573532
312116.0817977607
301903.30522204604
280430.72586027964
271086.5983815897
258198.48234468154
249090.0347473126
235484.12334603228
221148.6182572578
207487.56259211092
191220.62104307988
178294.1711719341
163265.4185993814
148466.70658534605
127747.84622729555
118983.11093794566
116116.74547460079
108279.30096239941
98202.26265192019
100582.98410781549
98533.3550793275
94086.875282484
88927.91436028742
80062.62240351939
76435.24115217399
73109.03446225106
67975.89563236226
65005.60671647159
61974.44646793508
58825.57641922949
59881.88855992245
57302.02301673089
57395.594345118014
55469.40097909876
54223.879334137484
52776.92563931742
51081.032333478994
49322.05401498206
48781.082341128735
45572.776648964755
46104.076793694134
46062.273867366705
45521.46889797138
45731.24350765266
45941.8361709542
46067.02853293444
44811.34131882314
43773.939245443355
43462.847477872245
42535.81803211462
42409.6492098431
43219.38855917414
41821.62476186611
41849.18055369685
40683.683634663576
38311.323566467145
37633.834965754875
37269.24631881527
37480.86042184194
35411.12687619015
35075.86906224952
34733.680443035584
35304.80512143947
34524.15737980907
Score: 9.242150654901586
Runtime: 613ms
336026.353494656
324974.67624813906
313198.8788782783
303090.83554975997
294288.12965410424
277462.97462734097
256479.0181609855
251034.3649017212
229545.5628571364
200605.37212827097
187237.58583681248
177349.11527329797
165695.57013051835
157810.49353212133
150983.95295700716
147172.8197288836
145450.164974073
138816.85774699616
131857.4909568068
121977.33738551247
115029.92539148607
105601.04141740232
100948.59168173841
101605.15939493169
100118.67232288451
97323.94061992713
83549.26178117993
78495.91244491494
78993.38269571809
74663.04829096342
73872.10113931827
71990.55447992259
70990.29456575593
69715.8007361118
68939.83664652788
67872.48165311509
64588.02853489591
62963.695365354695
56803.90983534118
54752.40147213263
53106.18998168152
53107.122880122115
50856.9791126906
50926.45877255017
50202.724263975666
48857.51757917913
46684.86511576341
46860.56092075967
44975.4648929822
44012.054647948746
42769.02520709515
41382.00481487011
40693.27735321296
40035.56630551565
38308.74204922304
38079.1788584862
36714.33406496994
35737.589053335396
35759.351668376556
33836.347383513355
33947.961722390784
34149.343414548995
34062.25300016502
34095.27732369242
34659.033721594664
34500.04416965942
Score: 8.713149162032392
Runtime: 608ms
336026.353494656
329737.0942884933
319137.6974599119
306652.50018299767
282077.36473202304
269176.7887739249
257054.48381659386
246251.99393823172
231980.5202728716
221692.5263333028
208888.7730369113
199454.9679987712
189200.3675534604
173864.37917319022
164145.5272695598
152328.64428704212
138024.92169840127
129202.65214198917
122717.92046255751
118730.27633459803
114776.6966862653
107886.43121090357
102944.22006592566
97574.97144939491
92931.3367046708
87380.27187914052
78522.22140336751
71523.34621300251
64209.07052235641
63070.20929039171
58719.32653226264
54962.0478200171
52025.03320255568
51190.86660657378
49097.287441373686
47135.454920889184
45194.801918876154
44041.61227380364
43017.47221651761
41855.658068076715
41366.7750601363
40719.229446283316
39586.29140448614
40407.28433859094
39358.426963649574
39771.70648927748
38861.4978523929
38414.77522938233
37162.97486028333
36680.44203089032
35430.74467491456
34842.20226423117
34506.47675446375
34645.52760839615
32946.1604065172
32763.172140361035
33037.579993570456
32131.16001784298
32280.991335849518
32386.70148620126
31095.951466645427
30851.22020145912
31512.067379192897
31489.8543489775
31743.10361247036
31738.657887889844
Score: 8.944858406093042
Runtime: 599ms
336026.353494656
325256.9731949537
309558.01842800423
296561.9934083776
274509.0948117494
262047.6348825233
243851.46681169703
231830.58826511365
219718.2326059119
200977.67975007836
195956.60685142348
188045.2041378614
179095.9864477543
169065.10762535885
153464.66911161473
143432.58283652976
135418.08277458415
128311.50510718323
124490.86923350597
116318.81633721541
105025.62568712339
93288.12418267147
77167.38933303223
67678.88601137663
65327.86246295479
58076.610780768766
51451.00736416409
51508.31409343084
50020.35960800069
51256.98564785223
50344.569023298674
51554.99615406412
50962.681408029646
48247.82745522799
48146.41851750397
47538.82267253894
47563.52482838971
48738.65485094021
48335.52579125006
47890.842300452736
47080.01625439901
46572.853376828534
45866.54745889067
43665.68109148405
43270.59278338369
42687.29585720057
42447.26040198154
41719.24523830986
42220.46178793752
41415.43270010341
40678.74782982884
39834.8042806086
38661.73160385632
38130.40719298343
36435.29935664334
35962.60177100008
34727.2409453462
34520.00261984653
34116.836406829585
33258.106158105686
32894.74800042843
34421.2351147893
33316.967078638634
33056.75099329671
32251.48816060368
32113.850542123964
Score: 8.61987992302039
Runtime: 626ms
336026.353494656
324395.9350456624
310276.70479547296
305170.23090313864
294821.5192399456
285464.26383804006
276537.33371826174
263448.71318869095
250107.66046122363
241842.4410054266
227681.4428288634
209494.58157010784
204917.9461745836
185415.78428347115
175876.48942174154
164638.00821683096
156215.62471576917
148787.35130624054
145211.31067094978
136533.37073024738
124539.52933066979
114262.75593407727
100990.24458345273
95770.32434774905
90309.98852247366
87085.25999779007
85105.06742581393
82857.85899395945
80808.3234971048
78655.65469702256
76021.68994681083
73233.76285410686
72375.99403007282
68967.43137118834
64663.219667034035
62164.563900546316
59808.26509209792
56805.70615716975
55241.03440162939
51135.03449865609
50216.37287177614
50352.52502962321
48088.37499380335
46844.431556718286
43536.06864198415
43217.35876787253
43409.15437290357
42526.83087662508
41566.580372044074
40460.376050797706
40097.33195121497
39611.048229632244
38466.428784905715
38549.45021700082
37754.561251220715
36743.426646199914
35193.77095070632
35034.14413320778
34293.61384642846
32908.86516555176
32395.733152469867
33261.56878856454
33059.92249202223
33380.0360423846
33568.79937904778
32758.936203473942
Score: 8.91786415546758
Runtime: 564ms
336026.353494656
325552.5315855609
314395.9074805354
303919.16771412874
288284.4770588918
282542.91010119306
263960.8579083711
258744.65392636452
247687.0282952457
231786.42882687552
221178.10816358967
207950.28049326007
187887.2743629741
170919.08959998214
156305.0183418206
145355.61511870692
140009.2977551152
134998.29083822836
141388.9754110811
137632.13975962307
126335.09161701865
118315.78281451968
118003.55853321143
113619.21460953125
105668.18361404371
98327.08582257867
93023.35559809595
87097.72770492092
83790.71181437069
79887.10060403717
77820.77977691573
77080.1803005592
77976.50241515077
75221.39966480689
72686.96570445722
70274.46272638829
68400.56183671547
66387.07418523167
64883.751129738586
60515.817426491456
58871.89822882023
60017.3280629775
57855.02074080168
56608.19444128708
55129.636932481764
53975.64003731988
52283.98135403821
51832.13344832166
50805.26438055531
49850.00686230892
48480.419214280424
48226.02307117733
46194.15082088214
45129.53745769584
46151.53621870443
44986.81355461761
44602.58046008993
42946.609528183966
42220.187490851175
42711.89508222761
43305.11769577192
43117.8261091239
43508.36089759055
42007.4402371413
40091.72081711837
39158.25019504175
Score: 9.044644700114166
Runtime: 663ms
336026.353494656
324602.3683378507
318810.17411213816
305338.67368929094
292748.6781016256
275046.0208822497
262691.7366162145
248353.31596000478
232628.32221350205
219429.08941247076
213632.74630143648
194301.70953877064
188789.15457725394
177186.02556918503
160908.25716892933
146199.03737321365
122931.69980078792
106846.1153709241
93228.23756537886
78711.41871078128
68955.69240679174
62313.09010045129
57027.557956064295
55174.45968999532
53867.771483718636
52120.515079251425
50553.08607443172
48792.555133619186
47059.72686119466
46233.93573062823
45354.094961437426
44491.739966743924
44420.28724831858
43385.599449070214
43448.38781216081
43292.28516497426
40861.620147332105
40182.61829435028
40662.797640955556
40961.894459227115
40667.51288333624
40769.63234571359
38224.80012156359
38118.97325378306
38279.042763618934
37257.27089538127
37254.205545199955
37357.719407244505
38158.454261510924
37501.051497998524
37725.43963363522
36513.057862193215
35508.434696289034
35483.90940126963
34762.81805619666
33934.42523148689
34175.81616600377
33844.31650864564
34037.62064834902
34193.198702012385
34679.7901812636
33799.30172201414
33673.14640116699
34002.56715242937
34414.30603663378
34525.96777820083
Score: 9.073217757737364
Runtime: 653ms
