336026.353494656
287990.57914422866
236935.38409673984
204741.34994843355
172569.06585790872
143882.37546139685
112447.57588298911
94396.04543400947
83068.4501123664
74148.89361237721
66934.57924036255
60543.95244144609
52873.20672014525
49821.64883714268
44109.31980879596
40609.11414120997
38385.84161057053
36667.258114285076
34343.130274931515
32351.090652333904
32478.246461625095
31091.6210612487
30834.948360786293
30640.90368544215
29715.691146159028
28918.017180476407
28859.066496685824
29667.643043081593
30426.225910221292
29772.325130573194
28647.148281102152
29055.347587261942
29043.768056083383
29411.935196842718
29263.731837992134
29243.79254790599
29507.11911996556
29138.818791467387
29291.763455369488
30317.089296800863
30059.288905992984
29479.81659531306
29672.503338642324
28861.61684348568
28250.146495184654
27675.319411587443
27775.52722081916
27432.74976183377
27572.162745721354
27049.661459774332
25973.209074819162
26291.017964935407
25765.39897361112
25248.079253667416
25227.77228903201
24219.02357912555
23538.41998212488
23653.9371285409
23558.677375500716
23563.20274532072
23228.58208132704
22663.797213152797
23023.049509526816
22038.483670257578
22264.085189970945
21661.139108201427
Score: 9.665601366526875
Runtime: 598ms
336026.353494656
300724.2358639397
254284.5913357775
223032.3460280388
189117.87457528754
160732.54248654365
131733.86562120242
112424.63859508524
95714.46676768048
82595.58955798979
76966.37528564983
66343.01114816482
59227.09679278494
53263.569642294286
49542.40889699924
45299.75919595688
42607.302820575715
39711.67664592768
38696.16995255338
36160.93330247979
36050.93630246231
34334.52307932189
33546.97737763586
32851.11800296033
32984.66527767599
31603.077232275053
31000.74974535858
30540.433292564212
31391.538795221037
31361.598821078558
31094.987407849683
30104.777829072264
29914.914131623143
30312.07727312242
30499.84154962761
30126.215624192962
28816.906554166006
28900.87071014592
28640.72280744587
27769.53888335574
27206.77190909548
27572.95418822336
27664.048042204642
28589.309957807247
27923.472391474854
27655.735469657942
28527.745571608422
27880.02067784708
27343.69483387399
28107.863124417494
26453.44914417821
27163.86698472994
26953.456120015977
25914.038981852307
25277.16640340958
25553.57247789591
26167.100230770175
25430.49663033864
25067.96739834632
25380.244264342782
25504.971931265813
24756.505166022085
25205.013462430703
24652.252788900874
23877.200447477113
22839.440225869166
Score: 9.662275163487136
Runtime: 605ms
336026.353494656
299776.81462495
252898.75264503856
211309.38772531683
178654.9350645466
155177.30186680035
130623.86014278505
108980.98288719666
95830.77641860826
83997.22165154795
71939.72864017409
59587.82542753303
51806.822316547215
47724.58640920411
42745.934059663035
38599.81111214266
37281.187083213146
35506.68255947839
33386.69525770404
32654.115150325964
31966.62187140183
31629.962581563097
30214.577230155708
30319.716299425952
30054.624818634962
29956.891759647908
30243.656498786164
30318.236000061206
28991.744336149495
29184.639445126326
29645.177451652326
29346.632927380713
28591.90352306433
29124.473608163087
29648.468283743587
29469.555820315898
30197.41812487707
28839.758703735835
27853.017128469128
27228.123720303363
27189.475195936877
27015.609045129888
26881.997031896593
26260.153117890015
25748.43438244272
25404.104525731007
25423.87037479701
24535.574846460302
24133.003331587555
23518.031023072213
23441.94508602807
22653.77692624638
22539.317582579173
22432.02096755383
23095.447914402073
22732.036316429003
22356.88232937013
22259.342978764973
21555.564555079694
21458.387746224915
20672.344269036974
21505.98427209183
21468.352435906312
20980.178377422657
20962.932416917247
20402.423528647898
Score: 9.509137335421045
Runtime: 613ms
336026.353494656
295844.1462051645
251572.79503206472
209597.75495475842
172157.17036449444
138533.73819152437
108963.05822965858
90589.18829056622
78226.96179336181
65081.41551439845
59085.990935327754
50234.09652530891
45666.33437000905
42240.25592131415
39554.7457748071
36543.640425458
35288.17692422634
33783.64684764047
33399.38614632405
31987.88977773428
31608.078868844794
31122.456878321023
31062.6200673294
31023.064817984963
30545.879125177227
30418.113861257283
30762.923753353727
30670.432165988925
30309.6016832077
29984.473667671853
30019.253557229902
29644.098081165073
29766.51103552196
29214.558388129983
28791.767881898388
29494.054586862465
28915.76571505633
28931.8409896509
29037.53514497307
27740.131219960236
27566.80058578534
26218.918661544856
26500.02419607513
26254.260773170055
25983.531404553927
26001.34033372217
26302.857677115513
25751.50930696875
24849.35847451181
24661.26482656861
24652.587345433472
24082.16914342845
23837.437418277095
23906.990089835166
22955.94124098851
23125.694711007603
23214.739296546064
23018.288707698284
22976.89320042669
22088.72659117034
21853.19852522656
22251.117763079958
21993.46774397569
21682.36001393478
21370.547236961578
21614.086611152146
Score: 9.55135533682425
Runtime: 662ms
336026.353494656
301223.2316438726
251798.55580936666
209542.0599593643
166348.3298056668
125668.9949567886
108560.7862567352
85791.60188824483
70446.75735904824
60038.496093552785
51360.90671358472
46316.47977236578
43758.74651635268
40780.05039216169
38914.8843459573
37499.88715748446
36333.55009476713
35352.865293883944
34814.94809635318
33325.40496400945
32790.99733226188
32122.668034913728
31599.81743144149
30020.255193714416
29523.777125570043
29975.567440483435
29476.445596631867
30383.39177815198
30938.499164167955
29987.696682877224
30912.7185915813
30500.91386637725
30008.977501815516
30129.028913329465
29661.69940476782
28440.022918377523
28059.365488198564
27768.729515857038
28095.194286372905
29323.63270790005
28261.02810821992
28039.210118572333
27556.933196859456
27683.690276710535
28350.459412423934
27569.77710496638
27345.022936869085
27246.102785036986
27004.006506022488
28276.82949002876
27191.15753747226
27539.461341429844
26768.514708548108
26247.314588822006
25883.222443727424
25089.605346848868
25684.997762520066
25238.549875904486
25054.217355361154
25201.593639727427
24988.664676686356
24394.02054542391
24258.94371109222
24480.439012576215
23904.773299197288
22813.22326579344
Score: 9.61615708932287
Runtime: 650ms
336026.353494656
296006.18943812326
249448.7616698037
213745.46547417235
174889.43208170775
143268.98225288166
126313.44334390642
109254.16329752243
91326.59692102144
79527.12240568518
68138.0357437623
57845.09116250633
51702.346287533306
47712.31982414056
44443.05578448414
40102.81990523986
38139.54746130617
35055.45162352612
33143.69829933982
32322.249084366882
31675.06755224547
30925.13285160107
30018.22812368329
29530.797753747822
28564.001173681947
29376.59083182146
29063.117580359758
29948.13955568073
29618.64760520583
28930.61954561059
29103.936749133343
29402.55224363688
29800.110821356124
29040.968286742653
29397.552257699062
29653.069372173253
28621.42878247762
28191.678789174395
28005.373311669464
27718.779386612827
27174.887899592206
26427.79834156777
26514.37167962051
26435.62753982593
26416.252584877566
26865.79160118236
25949.598917663923
24584.525435039857
24806.943188088502
24869.248600118823
24660.1167930488
24457.49788608501
24265.803930939688
22949.43751329775
22618.00145715118
22231.149766204107
22406.87439624396
22102.808117628418
21815.191609544563
22054.202291192298
22177.172023403626
21530.495815147733
20424.962317744583
20336.957917024836
20087.71668364228
20758.647139543296
Score: 9.63870897850409
Runtime: 634ms
336026.353494656
300197.5297268555
249504.33974669265
213074.22281149315
178135.31292725494
147870.22239530337
126513.9226691142
102224.72686607593
81846.35308347904
68662.10541834256
56719.27685908258
50027.340737084276
43595.93492149702
38643.72583893792
36305.7347278097
35417.36184129544
34240.019087105364
33640.22647104447
32650.49893831652
31870.291200100222
32025.553745411322
30770.0542379807
30588.8531872943
30081.71663583608
30426.823085955275
30607.253040312728
30833.676750834024
29714.583840856776
29804.847372606906
29786.70318724518
30269.826972267645
29682.344497479586
28624.872247602918
28755.89355340195
29559.275640367443
28856.02672792853
29134.541606451174
29220.49598549674
28977.460417124006
27289.622741930874
26538.314119357765
27518.28885483283
27213.373087268155
27183.757640621363
27729.548696403468
28292.5704343044
29052.881309376455
28065.702128245928
26886.558456510105
27510.525875423227
27327.730847244762
26541.11889620638
26474.574343152137
26179.267651149723
25566.8643998109
24497.638234545568
23725.60331256186
23552.77823165637
24607.443252902627
23974.335807268977
23706.54470089077
23144.875725556398
22878.43803393839
22978.597877226122
21682.41356944719
22086.010242958688
Score: 9.517946073464898
Runtime: 618ms
336026.353494656
288360.4732541039
247112.85168090853
204744.8456377931
173143.53086139358
142050.94528256656
121468.48034138624
107666.47776211344
92536.70509287063
78748.83449914346
70412.4474409805
60204.03521179962
58909.32783834533
52960.728373288104
47777.31122197746
42751.57676809493
38410.856150902604
36338.44855708125
34379.22516238961
32327.762083651774
33008.93243737833
32186.755405246742
31961.352315444718
31475.61359462591
30816.246905581265
30297.029732553205
30402.9596648507
30440.826367739708
29943.431910807943
29826.39987544775
30264.511778291097
30232.001305783655
29191.35351916909
28816.072970843026
28604.71884640339
29165.351857555655
28762.62776990327
27762.69251076827
28275.186085860612
27903.376817914428
27978.494557193826
27898.586968758784
28047.250915448458
27747.275958139315
28045.635455690845
27306.48154635548
27379.446143037698
28118.743395596688
27755.168902521506
27875.507808215854
28121.564120401817
28023.190156955476
27641.194583251166
26535.059391811094
26870.161949243906
26047.370761658898
25590.89839026571
24933.272835233918
24796.11532133235
24450.359225096756
23979.298265126075
24296.449228475332
23709.231329247672
23032.940198264692
22713.855747774513
22477.231225805033
Score: 9.609315085024617
Runtime: 664ms
336026.353494656
297663.82909176534
253340.34882677073
204882.83342132598
163444.7515600226
137343.656334947
114695.5427682906
99799.0161736794
86259.6538121369
74061.15816395477
64810.79874484679
57346.055091718605
49895.42800890531
43566.312440432215
41070.67838034997
38481.92855505576
37308.91105287522
36175.07451410302
35765.97620321246
34262.01417864376
33133.499311193926
32612.57266342295
31340.061040507466
30838.00489826177
30181.225327731627
29381.68607859565
30418.251605102665
31948.145772947526
32593.580203337802
32570.90224221247
31868.963072109902
31364.044223476212
30915.908804569353
30601.029941176464
29402.505703187093
29651.493480755587
29147.53082623622
28647.955991659663
28634.16902972099
28549.023651189982
28052.85711656944
28951.643206266795
27909.924695733185
28405.643228509514
27454.894953398947
26606.210992091907
26968.471996871147
27061.05719289674
26985.84436633823
27251.71315478732
27343.498601753712
27466.825964666445
27369.969303476923
27873.645780358693
27282.14933208566
26182.550196972887
26062.531259026357
25404.375494982323
25382.31606300397
25062.733261915844
25523.045223361234
24600.13404797929
24699.273947946993
23258.54566800279
22572.773112859428
23151.286422156605
Score: 9.449576450098835
Runtime: 660ms
336026.353494656
299906.5963809067
260352.043238916
217753.86633795075
165865.6477482092
128185.23239074848
105772.89461753498
94495.86799159457
79707.10441232161
68023.60635164424
61511.00037260112
54473.79788734922
47777.13230569869
44644.915882436886
41818.58851825135
38977.1861205541
38241.00125019049
37035.11053515867
35463.382348910025
34660.54462480248
32612.715187151363
32662.096422116447
32440.041376305686
32454.111899283016
32173.310967602887
32740.372676737446
32897.265275099555
31847.374578503553
32407.894983383445
31550.548586295226
31043.175148246177
30669.366914542643
30751.132531484778
31111.059480637967
31018.77617522858
31011.356469938266
30712.150826514036
29928.050238545602
30316.6988703782
29477.20148867278
28539.618356109604
27829.724715972505
28915.127458296778
28092.601688556406
27098.556597937415
27812.191303775162
28130.162665560158
27156.30620514628
26014.38635761328
26072.58897650081
26310.803747133028
25903.51924854492
26161.462712833498
25082.211662752095
25104.03113712458
25420.19478844785
25194.098443420273
25048.77373560669
25133.1322385933
24959.34602984906
24461.395022651242
23635.653613574694
23722.43549339964
23834.94018505323
22412.262898744502
23238.652415323242
Score: 9.357111763633212
Runtime: 591ms
336026.353494656
297389.9936312233
243259.0215775217
190762.83079892272
161133.78704548202
133443.18742882478
114341.27582624991
96465.1513921101
85374.49255752885
77527.84741453943
65921.44214427046
55739.3052783905
49631.729749932914
47263.74270112682
43813.09897927742
39739.549623539504
37654.45462168448
35543.867270581206
34748.04482585182
33228.63165248126
33422.10142757304
33185.20453335781
32788.00490559113
32915.69777630841
31121.029692850378
30976.458440008246
30398.613423616665
29959.10624681791
29196.79465796227
29042.13487595002
28491.52359379501
29162.573630397223
28997.085098522297
29091.59087282114
29263.16987918469
28735.03922358874
29121.23544790202
28978.71318150306
29728.464089153807
29641.397663728254
28588.650632538236
28017.17451775797
28150.618983843364
27538.64366531293
27873.03493479014
26840.53097611909
26313.182566757918
24969.990360083382
25217.406643653874
24961.00139967937
25663.75941851617
25630.612187308074
25750.959468121633
26208.953011664773
26115.598393969092
24969.136726370525
24736.735350110604
24526.864440691297
24610.4393331046
24085.797316808057
23453.806362016578
23738.6736409047
23231.83899028918
22744.416888426975
23093.623520189154
23434.243982210653
Score: 9.502166161281188
Runtime: 620ms
336026.353494656
290649.5686070245
248070.00953405522
210387.19139734225
177871.9337929119
151080.54215871228
127147.21238438785
114331.71591196021
102886.5972921634
85043.7418409136
73606.98829909725
65392.93213221321
58021.22019864231
54991.139316151646
49769.10560716595
45400.03077295281
42550.862110516326
41152.43209913235
38864.17962212055
36697.88592633232
34958.82255313166
33965.2925650047
33532.686791474785
32496.201661222647
32629.486303282283
32858.18979924919
32298.841825869884
31607.683030525368
31373.481802094146
30509.134416478173
30596.38196517276
30861.98319503726
31217.39325828108
31473.769152303186
31950.22407733546
31472.55494913428
30259.666596387735
30321.996103733287
29770.62762449465
29872.50115595695
29016.70960757619
28925.98806573782
28074.959746257355
27893.52284168886
27293.546431734918
27844.783794999385
26842.078767525756
25518.366712067713
25259.238423205377
25076.21701886008
24319.564669181706
23494.373121587574
23541.84096755005
23840.293059675714
23386.757515750603
21618.592383994885
21681.78634480592
21662.207118353086
21818.81279789983
22170.538420215755
22049.95767238919
21889.713463784465
22161.877095155873
22421.49582261566
21802.78119845421
21690.057420995796
Score: 9.487023501621882
Runtime: 638ms
336026.353494656
303268.8973028619
268111.486323951
231251.1295308555
193709.48559381106
160612.37525878957
131862.38842827757
106985.33825792861
90782.18529612615
74784.77693796912
67215.71853169719
60289.559960101134
55869.77546495535
50758.526317287455
45328.27807154545
42286.863525261346
40218.488094884415
39069.548792878035
37396.42531647706
35367.8196873152
34139.847045036775
33707.395901635646
33103.02361298546
32809.17175990617
32487.825836568783
32354.002743410692
31595.40197340343
30647.868926810257
30661.566210572233
29335.258349710748
29673.146467041573
29659.679217614408
29175.74996312885
28058.66230351862
27751.17801023779
27675.294908903932
28639.81154850945
27813.69005222553
26688.886607600627
26542.26443453572
26981.479082026737
26727.807795698976
26049.43400320866
25586.431056664016
25163.03063156385
25189.598591354246
25467.461210835714
25205.051019283957
24712.785059100544
25128.833079930133
25362.951875529223
24809.300429869203
24493.229251378998
24823.587896995185
23954.065974532474
23870.671502792968
23191.004279895504
23459.293652047716
23643.24262037707
23790.470539909005
24080.074798823734
23355.317620147795
22697.529545234083
22602.27255208734
22236.217606262937
23307.85404970068
Score: 9.693593124447533
Runtime: 628ms
336026.353494656
296398.6058259818
249213.14209081657
218423.40630475534
182171.81255137935
155654.98933532296
130922.75607613995
115599.63113994851
97485.49563519453
80454.88045946206
75620.79882602769
65630.60111919155
61159.59182561667
51942.049283168126
48276.01737027584
46697.56324233516
44992.70423639424
40172.20907440987
36883.421935982195
35412.74956833529
34952.71359506684
33527.43323628358
32262.38078151519
32340.116074892077
32045.367272055282
30699.727287897487
30490.673261119995
30201.86869023105
30408.489022836406
31196.697626344976
30680.216290381875
31426.4899379146
31461.209047147124
30740.20604006921
31114.438687341648
30502.879171697867
30573.49110907035
30952.440808206207
30400.028840013707
29935.33488456136
30160.884210547356
29228.354180567465
28593.322875958256
28174.45560679634
28861.14313652716
27749.916084980472
27080.815983667475
27141.248097342534
27234.757357870436
26874.894845110386
26678.88884848004
27042.88167088914
27031.83975675733
27234.07945619784
26968.695598738406
26020.868571713898
25382.530074840342
25444.326134923896
24917.554034827546
25256.07394171503
24232.32292071636
23822.280426743942
23565.185162377722
22954.200299128905
23327.06742154656
23652.639320607374
Score: 9.479101402005512
Runtime: 617ms
336026.353494656
288475.7589095799
242862.45154834757
199557.78912506407
175829.882513387
144549.32170024927
120935.45539044647
105695.28066306502
87998.30996244213
79092.37778188159
73195.58000874623
66255.28033913118
58440.233983762126
53345.65005088835
50083.90218409089
45414.41323643351
41918.76017486203
37764.782130787695
33598.47494983438
31970.24299002928
31367.355689414588
31406.913557627668
31936.494602295985
32143.93995601828
31015.889741393683
29998.002208751383
30626.838595650068
30479.565750515492
30888.857806155796
30810.543422419407
30623.141147083763
30298.492302520684
30324.430118220553
31961.654217186526
31208.18222971871
31339.211541183493
30859.253032791537
29525.146799909857
29458.019012314402
28504.257538084115
28037.260165614596
28135.078979801194
27778.06657627465
28313.43322868426
29285.20295492335
28749.94091731995
28551.288062220458
29203.040211769014
28800.55571051871
28520.399895801616
28863.399269772126
27967.886036873664
26073.945008296098
25988.8253648735
26727.17830348915
25385.769634240638
25675.044444933756
25555.609712222038
25067.925869022874
25062.102382460165
24337.838321393305
23903.62001085104
23042.73154897783
23460.039821727263
23783.45219284249
22859.956803779798
Score: 9.457989186472862
Runtime: 632ms
336026.353494656
299120.00128353067
247900.1961019681
207848.92695437715
166204.0598330721
132953.4967890382
102424.71172917436
86773.90928263027
77864.33079004295
69155.83007962196
64765.71591191617
61667.84151494181
51866.02308334946
49401.46488683275
45886.40750708275
41225.66709582004
39146.608781816205
36225.368780264274
35148.00135317833
34252.73010951492
34079.71230113664
33978.59123534501
33018.134686861005
32847.757108644386
31983.79306297589
31613.17902760129
30713.44940161425
29101.312003668085
29217.028953915113
29276.133991068695
28904.802916272485
29116.006252134084
29112.107360113398
28980.690115656766
29183.046808936193
29617.280722224335
29094.58042826945
29442.215497268393
28977.43652975375
27449.3331642702
27646.921675555688
27272.50009835253
27173.581015045816
27340.609343395103
27067.22373288621
26580.33712193878
26496.733488060323
26568.352376496285
27134.217691611586
26432.1349572528
26738.896207217487
26889.610655523033
26329.722813955803
26181.334590463368
26830.741170811558
27018.04977649145
26995.1052339023
26612.032593150783
26452.906755957134
26209.097666614296
25244.45830721643
23573.03884974536
22664.883902761987
23821.27339897303
24187.95198206341
22603.32668827647
Score: 9.513634853088503
Runtime: 626ms
336026.353494656
299169.36904945865
257473.23893561843
210056.13800740364
171343.5580029118
148901.5240193659
122438.90500411055
107826.75159919146
95718.68276612817
79091.38018482154
68361.8971404076
59274.21493829815
51811.003450138465
47313.28746722664
40956.312969233906
37490.16165476002
35597.27013175404
33414.69359377834
33230.52182760551
31448.448629127055
31881.50823962321
30553.10757400284
31069.004173253456
30722.20578064567
30898.56690776558
31781.694506255855
30992.55871279383
30493.120131913027
30113.828175250255
30043.180150279757
29475.745097419065
29816.887836453705
30030.103438953847
28972.53102605068
28092.13163652314
28434.751648294015
28442.800584856246
28497.106667760054
28628.54591871206
27234.269849879856
27057.6539273383
25622.171089982
25504.70595414866
25157.83306513895
25812.845023533846
25320.797972831217
24302.269367212248
25279.091340032715
25009.467253768453
23646.987336483053
23382.20129564761
22581.008263189833
22228.519860139433
22056.52386031621
21725.22945513014
21704.01015846231
21228.718977279757
21221.32102588812
21580.4617967767
21372.71565671253
21441.742599169167
21404.397826006287
21243.27316718596
20552.36036867463
20645.349839124017
21014.573520711187
Score: 9.51549429555815
Runtime: 655ms
336026.353494656
294221.51670865156
251022.2859740203
209296.0905124654
176220.71470594156
137903.75518970186
113165.21314928622
94539.98967934489
81534.56480730504
72380.16185648303
62202.09489957239
55519.54836752474
51134.34626430683
48306.89991996853
43927.60793817402
41671.880744649345
39989.84590008464
36828.137588207865
35406.93554603241
33074.16210251888
32166.94738156735
32159.728484992727
30743.782819776487
30895.758400616578
30688.248984043912
29954.906043754145
30140.640068650493
29055.07571182638
29515.539681702296
29728.435672651005
28972.034701177396
29067.579522824988
28684.765568216462
29305.84418486074
28865.888213329832
29000.330444389554
28973.05031497227
29218.695423754943
28601.21991057288
29301.891197704274
29570.35778218643
29503.120429322713
28548.251530101916
27893.343236894583
27474.944900704628
27154.677438640094
27045.098094881803
26858.009552107203
26798.06078423591
26311.803591317723
26433.999447419545
26293.94264193484
25998.966045402176
24213.11103535852
24929.359239358957
24914.530582760217
25951.840656013854
25952.402264893237
26281.799958173375
24951.974378147195
24543.060510634805
23253.90249720474
23766.091396681273
23283.611757817816
22878.57251918539
22316.23148397266
Score: 9.620335776122289
Runtime: 631ms
336026.353494656
298913.0303528939
261740.8535309009
215573.21785603283
178000.93007432972
140754.57384536215
116929.62318398157
94992.38448390574
84242.67801401943
72253.2289368813
65524.0694761416
58806.50713748212
52997.361443709895
48748.496687170154
45005.07411730982
41030.28035150857
39810.513618976714
37617.841255685125
35166.4990581435
34870.08150176049
34340.35762283536
33763.5458563536
33404.86625761314
33829.370447269925
32877.89273485073
31774.47244355757
30811.701910381005
30383.07700983374
28854.966681918955
30271.684879125
29657.523933809403
29020.352217733667
29233.960372582373
29462.823939547838
29525.79820375211
29332.655204563904
30261.251203284883
30681.98372161975
31035.266825632676
29612.181748410556
29875.283200948805
28722.04989829703
28908.391247387754
28716.913329325147
29264.39254253555
28002.688718905756
29087.80175484523
28415.11896719318
28366.42903776193
27554.105243778475
26552.9862842825
27725.43099311512
28397.3127747165
28171.914600887943
26744.78694268209
25820.91371744944
25666.602320003025
24887.450701468057
25859.204106279147
25062.994714195305
23348.394727225357
23639.23854748414
23342.839972264028
22774.381846142773
23628.89842493651
23746.851190489993
Score: 9.617358161309399
Runtime: 606ms
336026.353494656
294750.8798637769
247180.17122059164
207678.65858066134
181307.90163576207
154737.11276094022
126168.91662392161
111581.16467028641
95289.82660257023
84114.06243902889
75593.70143603833
65639.66728482467
56605.31719091002
51488.58576134413
45817.921660736974
43519.077135643085
39607.66341831779
36064.66912026408
34654.8276040321
33277.361792607604
32178.942492300554
31915.468394890766
31528.936917025534
30747.456141508635
29362.239159058405
28608.022864826893
28556.17131232364
28670.305776933725
28770.984611842698
30129.877521174953
29458.030073916885
30049.999442746044
30200.196960614336
31145.4647932088
29774.550218333043
29567.173019277943
28824.381119799047
27746.02017718988
28280.544181814847
28411.226587064346
28371.837809931745
27504.827366364763
27410.382249191967
27321.905035589436
26085.778936477545
26820.926522101454
26237.939755903106
25237.63798970567
25353.68029510034
25405.120763863557
25522.79352585478
25027.0730549202
24623.239588183027
24544.438675903624
24845.25524737487
25000.296907683514
24080.97520189632
24438.969026171115
23812.993261385833
24000.283693693407
23386.17259021633
23133.93444237976
22265.5762255507
22552.925223546335
22531.62755435943
21484.94236686895
Score: 9.464770268711542
Runtime: 642ms
336026.353494656
293146.14346607047
254655.84154085635
220843.90286448025
180594.93727587245
151067.29859745808
129088.42654447837
106728.48374129826
95257.06596138672
81377.39526719466
74299.03328981447
66084.6694625226
58130.84681324776
51344.091235793545
47771.36614075802
45635.92006473227
42350.50112245769
39153.012021433344
36206.64456803935
34452.30591995358
31453.777848541642
30732.49148365658
30507.323678758697
30452.629246155753
29209.740093717723
28918.520855121817
29961.552281182903
30148.148650483083
29952.204754637263
29210.652913248552
29265.03965304155
28293.406650215584
28443.894996341427
28257.48403758191
28403.887273558383
28965.118593102132
27873.18229431022
27260.647266583688
27086.443591937517
27695.375784192773
28454.292655199242
27577.20113388693
28578.68714386991
26752.9633682118
26175.597172808753
25385.683638770257
25254.201929353836
25607.188308547375
25023.418790732077
24073.0975126026
23821.36161543079
23415.03138006142
23407.832898019264
23820.25376894292
23256.725569501203
22978.206151382816
22689.902430626476
23013.017118586402
22605.80353515905
22255.004300154418
21608.35579055754
21840.110938678616
21494.42221972884
22083.27152296426
21268.63483138381
21835.702635122318
Score: 9.724718068057586
Runtime: 603ms
336026.353494656
288651.0164819661
246487.25630555316
198843.4462715746
155070.2819385777
130346.49132220085
115037.99375841176
101801.83763891438
86259.07310112611
73806.55296421718
66050.72390250649
57176.36776187679
52268.54687373663
47307.60696536081
43632.77532757773
39548.04844347662
37699.57389139008
35219.462240410554
33074.000870256554
33117.33239469309
31864.40750521291
32127.1593168456
32860.95217048849
32492.002433531008
33136.57942616598
30744.440702107095
29536.070175270786
29729.969162033274
30266.926726514437
29596.543318857443
29317.99376987464
28075.795349069693
27497.623371022008
28026.773470519358
28158.78919223648
27160.23288794283
26621.924509925127
27478.469082957825
27467.363144742354
26082.58963944735
25963.41082735227
25739.079587254397
26427.393326783804
25514.61571015602
24188.370276369937
24646.653051165515
24296.254916077334
24359.82335664611
24738.210971994195
24116.87702529939
24523.84520751334
24909.85266126052
23040.038008165433
23321.044195309078
23357.372185418462
22788.584971304394
22647.61234508726
22624.850151901053
21773.95765322866
22035.852418245933
22527.82952664144
22452.487048408933
21378.386681362932
20887.343650782605
21406.533724821467
20570.51974062751
Score: 9.658834406764802
Runtime: 647ms
336026.353494656
288140.1374908249
246759.91564417758
206851.63783821504
171947.5427126998
142067.47775422139
123232.20299183935
105984.48547844298
93391.17649790934
78373.91034543255
71678.4104124274
66587.65972905303
59093.07614096525
52382.0939558491
49341.246769235826
44590.34262699255
42458.69817323084
38584.21995158522
36001.02160264018
35000.47763614016
33902.2686059159
32362.53224566893
32594.072255909497
31856.312002036833
31519.285098886492
31629.803998855165
31733.074248563935
31935.193053639174
31636.330563334577
30842.771824174095
29743.500829207413
28723.5518285364
28739.111908830542
29023.435817654412
28947.40031270057
29047.411157501076
29192.325073730986
29869.5392132264
30322.56582946927
29636.173148332622
28782.362310670225
29767.67822971338
28606.603177457153
27061.76026885262
27511.941977105707
26866.219601787798
25516.882138659472
24754.431938979644
24783.9044864164
25350.467936455312
24915.791023826427
24608.595708136738
25249.45127762685
24052.318548480052
23949.31974453234
23527.399571581114
24032.387749332363
23484.23679991828
23727.891551593606
23041.221720105554
23095.835623107112
23303.439206071842
23062.328721475595
23187.633427483077
23717.111637963026
23106.167535796645
Score: 9.479028942301165
Runtime: 611ms
336026.353494656
294491.4646533796
250261.329318963
212715.2052956415
181596.96280767603
146254.3568727751
119453.27031728397
95453.11323940055
83373.07591585834
74536.82043360999
64757.01303294554
58195.050821522804
52692.12769617278
47748.69504825455
44880.11277241824
42288.99610556053
40179.21759024461
38316.27740332545
36330.08689343074
36019.40708496381
34764.17669903052
34170.559995109026
34813.1586412221
32833.709391606324
32650.435686421442
32275.488821765917
32561.89598973273
32867.70446850417
32282.909135210513
32177.40037867858
30887.80189635401
29688.153307735687
29766.911270330434
29976.21942717116
28648.27927146332
28248.383096643065
28612.477652633137
28032.537271704772
27899.18115382341
28147.90922189112
27665.33851896653
28607.2859142547
28478.837385343526
28947.144429023778
29735.954178025353
29300.18217391933
29035.923762426166
28054.950020313332
26910.30788102692
27296.674513782644
26722.84658233237
26396.977535450216
26559.28571543488
26149.48362503906
26316.9365819034
25652.28371310872
25284.76173855842
24355.29007029753
23947.43259342644
23661.778800613993
23623.441018156864
23278.73575097243
22772.808423057868
22355.953483971854
21732.8854842841
21101.98322705449
Score: 9.64203159391216
Runtime: 671ms
336026.353494656
292858.29742524965
244245.1042052189
210258.46359655244
167295.95375750805
141208.38531188475
112455.77052958618
91697.87094084028
75567.57062797766
65815.51237261403
57694.26963592032
48656.516566024824
44117.96127829891
41461.45769003792
39340.92667309058
37614.00859339371
36488.95684872954
35763.23932107887
34233.92627565442
32666.434841022277
30906.364945394536
30973.55962276634
30419.70852454621
29987.48283589389
29245.482123287635
28090.526374856046
29421.69766897735
28515.1000998679
28327.17865367171
29581.988660114483
30509.074274758877
30042.814890235008
30589.784694329202
30238.867521899523
31445.995870165727
30882.10506457246
30850.129530755712
29838.51037080413
30338.022364727352
30597.294884181392
30326.371055200285
29693.126915400928
29617.18231989579
28759.89654348364
29659.47870700998
28950.694293171397
29032.949146684496
28521.7593058915
28023.614944602374
27552.022302048517
27847.412638332222
27349.67853875434
26753.095500763517
26111.31734154552
25615.213649247748
26590.6233824617
25669.769383652027
25811.28412802162
25257.305186514765
23706.17926947003
24070.05810666551
23778.123057127443
22996.917778903382
23765.780929444976
24197.58919941165
23174.36046086752
Score: 9.5446964042288
Runtime: 604ms
336026.353494656
296428.2149033223
255727.43996632195
220224.46438982687
176930.30116359083
147573.10957208712
119294.85526818887
96568.81145856534
81541.42282572325
68661.51761603891
60310.674454415144
56200.96912486037
50811.76661175578
42127.24016547314
41095.55726927928
39404.04425339278
38554.57629299911
36913.51006617064
34960.09554972131
33079.31382826447
32155.318829726468
30825.303835171188
30990.950735633207
31371.228284165623
31675.258498970546
30928.67234289572
31488.15730739237
31393.65420743238
31356.588336756337
31818.516636399676
31734.702171520417
31678.227461177496
31092.550350788537
30698.523312595444
30101.43176995823
29890.802363999486
29662.321184940232
28973.53889115555
27991.77268910285
28314.720480309858
26877.026037874763
26649.215054395507
26755.299472404175
26040.732110676363
26593.31331365834
26435.85808882368
28047.17016417137
27687.307995117917
27179.816666537674
26543.260484223632
27499.45469913986
27192.42576420852
26906.440984915997
26160.498477392342
25893.413715995222
25432.514635957352
25107.827387160018
26052.622828897136
26038.632891778674
25655.179701359164
26235.093251124687
25458.916332387238
24560.42344313458
24641.983782546144
23449.018302960354
23176.64616180114
Score: 9.443537607502268
Runtime: 617ms
336026.353494656
290768.36827351974
261548.13494769536
225188.98822871048
182562.93797163115
146194.53615532807
127677.59813399601
102497.9841518735
83068.31542369713
74577.03197906619
64628.98783498569
54720.95826623259
53376.00648892459
50963.99553204975
46809.31182774884
41532.33974638919
38255.00251536603
36821.9286620993
35771.092341318734
34906.73373714184
32763.733728135638
32840.163737047114
32202.701629269955
31427.60775797378
31252.85237453631
31205.69242082246
30223.497715070047
30462.367689245766
31070.25003064081
30552.99236004221
30488.986231143084
30817.386841417763
30096.194304719043
29760.59617960206
29215.029366653107
28570.39415771943
27959.07393925811
29337.87475422355
28672.434040095468
28978.086413363675
28800.137088951007
29589.643667001958
29333.31794170789
29442.062804827296
30013.860917382055
29316.780277129583
28707.81606603389
28780.469068706705
28335.8765796153
28247.10813259293
28792.48447256513
28404.79682224025
28171.76468416447
28267.270601488664
28278.21143188321
27831.49327740537
27709.091827683584
27639.109986812524
27157.921558684287
26718.44974938255
26695.65645998743
26521.880610623386
26098.31044211121
26152.20346479284
25154.563800366126
25034.62760721368
Score: 9.417781446095944
Runtime: 628ms
336026.353494656
294850.2142335796
246043.66297705958
203126.4192178097
167150.11243403624
137650.3223557653
121016.63306136437
108396.84513969327
91046.57994429476
79238.21696606252
69916.94113779507
65022.53788316069
57006.1300388182
50052.48981518665
44620.978214226285
43085.025178566386
40574.4479543622
38048.3434845958
36387.551261300876
35384.47287951246
33591.975645832645
32916.55486770086
33170.28308057116
33790.75997433023
32393.600287613335
30462.811870363857
29545.20632747588
28838.886699511197
28657.201687552893
28855.212801527003
29009.992639902994
29977.61419801159
29837.31071596119
29070.560301157704
29551.9914033063
29597.08883662989
29106.047566398436
29622.375266451105
30508.69606690053
30656.53399877869
31372.48025828256
31798.461221015605
31003.32520450716
30298.353140647578
29548.46848655766
30113.595183230547
29442.533878918905
27926.823696046147
27444.578808619633
27560.191835221452
26815.462419993455
26744.674853916942
27203.543483364407
25927.41143307268
25141.712208498036
23795.41206580052
24136.297901431677
24528.255281807044
25452.102623746152
25031.850049183344
24189.525386221034
24405.167190280637
23528.408825998973
23044.168196854374
23550.46100126907
23411.941804100472
Score: 9.577496231629247
Runtime: 633ms
336026.353494656
294913.87872556876
254142.8672117204
218606.20816404335
184631.80920018654
155441.11005925378
130003.49970765048
106591.81658125648
89785.87975245071
76963.6814411095
67567.36414011271
59752.36588537111
51859.471338567346
46089.92326891032
43590.520525943306
39859.694340319336
37364.18402287345
35830.937389946484
34460.3475922429
33401.87401217431
33414.63839799036
32770.218895181846
31885.921764035083
30620.11188377551
29638.875746604972
29484.617302570856
29538.211997089435
29505.830106005684
29691.837237006665
29736.141090847297
29602.948799338017
29923.399828488396
29984.256160756588
29984.95954755456
28574.844915904432
27306.734822258044
26551.74259653066
27077.262952341942
27269.48333886981
27246.969179414074
28322.529639148648
27403.062573074665
27185.040990043086
27123.716654354022
27870.819799698013
27791.820313672662
26802.837594541354
25518.059728197848
25225.580075011854
24816.173125155936
24728.316669105843
24753.674032722956
24463.367051954847
23638.59029793632
23938.242403984423
23992.77367685184
22385.56957264749
22158.97991799426
22976.51230596935
22982.641024603883
21764.63323099628
22485.318468849764
21836.640256203886
21020.020472776945
21007.538981450805
21613.837434462417
Score: 9.568638649458615
Runtime: 638ms
336026.353494656
302490.1059317649
252274.04555171434
205255.26922644494
168532.7012176902
138831.03700629124
117273.99280770608
101248.50906148454
89569.61619681474
78231.68384926247
66675.35826933874
56837.93730971432
49886.08670494418
44991.98919048267
41100.303664945146
39555.20763687877
37063.38170502943
36113.90061183941
33987.07750191878
32938.18899653936
32462.765194294218
32264.696609711187
31905.64285670223
31438.417437552456
30837.285356682536
30273.366215749917
29880.195276151775
29939.21220677171
28899.943523672267
29163.68222337152
28692.038515203316
29151.258255222223
28873.67789833552
28482.235504057433
27680.332523814017
27917.8482521729
27049.665300265246
27693.99554311293
27183.983614537356
27376.786105134728
27553.720649292067
27608.99675581099
27167.385529457773
26660.926539377095
27855.88512270378
27258.458175060245
26748.958003290198
26113.895942999858
26430.42308422721
26007.176801407604
25757.391678899527
25060.58066140887
24555.583995165132
23842.746505589672
24734.487715342577
23251.57559707807
23780.09528787054
23321.05606107202
22929.474504514223
22590.830270237067
22275.236485427704
21972.743696288282
21246.94637469376
21928.48697568029
21604.699137277177
22334.583182548984
Score: 9.789626357176575
Runtime: 588ms
