336026.353494656
325207.15711766214
312127.7951119582
297321.78626797
279607.6716222258
262378.7219999741
247502.43778842964
227787.9522595654
205833.93213838708
184702.83811133492
169061.49449181292
145626.46963897077
133450.2401736979
127388.27806813538
124048.20319840452
120821.80113850224
116266.30668262512
113557.74103463932
111525.08316306444
107330.71239398001
104572.65193660361
100838.50864844462
98034.81678563799
93705.7954254628
89049.17081655588
84050.3460584198
86939.44482232592
85701.96971909518
82640.58589806485
74365.8369497754
67895.87957426581
65859.2740080646
63473.11956509389
60184.89896501487
58081.5551084748
55660.90884355348
53796.57204632925
53887.67399123205
52492.43086752284
48564.264407869814
49536.08750495106
48338.16570358006
45618.67194211116
44251.16236670224
43360.400175791714
42655.92109040976
41657.329150822734
39213.13249435162
38559.478254051624
36726.48056665097
36913.70825046001
36545.05804404908
37218.98105679252
37072.974054717175
36115.853449603914
35529.71660774202
34911.17637962176
34840.40364425573
34905.492303555046
33432.14300052017
33104.02339686929
32486.478429678107
31855.353815194965
30778.223963026954
30570.324018982104
29714.95216638476
Score: 9.115215651243382
Runtime: 601ms
336026.353494656
324291.2233611767
304915.3554150231
282884.11721874925
271892.6551886217
253505.0357838663
236445.3430254336
232311.37641525266
221540.6216329695
208591.8981481298
200450.50288094286
196161.72208898282
183620.27765383647
173452.31133390273
163189.2678786313
153622.28920711754
143532.7328653389
132792.3254064101
121500.80233192687
114497.61536281434
107196.35837812438
100699.07609079861
95372.59653436852
96367.78277689203
97884.41827354526
92623.95564782563
93198.19985160835
87771.36459764179
90581.67789089905
87665.40251330483
88231.15521148614
86082.6034202739
83599.64703511466
81813.50305215844
77424.48812704573
74072.47697234442
72460.68566159045
69039.5021961512
70103.2622450224
65430.44354546727
64384.881381589716
61292.42942588703
61681.29502780833
57997.936534988556
55865.11407625183
52404.87993110162
51952.355298072995
50203.88516936546
45332.268387189055
45539.598431633545
44782.34325125515
43692.26521803401
43576.57576838475
43172.453651504686
42612.46472777655
42430.37113565973
42743.903325430634
42331.37833697745
42395.74123310156
41276.23010527397
41181.160558316995
39580.2369220309
39786.88354404042
38682.34656649488
37796.485400466
38697.92538176676
Score: 8.805404544821311
Runtime: 670ms
336026.353494656
325476.2765380925
307610.06452114956
293706.14814609353
284164.1946872929
268762.4385989997
259017.24396446228
251298.19145277282
247830.098032747
245895.69048682635
239028.14951334175
230352.12712435957
222456.78536528832
213173.15318241547
206323.400096698
199738.74474757578
187244.27170687448
174572.48502182445
160133.5081300036
141900.8659259359
136240.48208640466
130145.40790455823
123557.73743380985
120417.69423496573
114997.85413556146
116043.04859234595
110918.39048223833
115212.07038154888
104943.36199086296
96975.76578165787
96775.45731145973
93707.62124042475
84448.38514022728
75428.92344013444
67644.3121164659
61228.64032225074
58231.04517893145
57895.05512376431
52211.62844064373
50962.75755168856
47214.463569251
45201.885899497065
42735.66042775534
43168.62427889704
39918.278762221285
40180.20036215103
38383.34547173201
37758.0106231909
37215.75161641123
37580.01108995742
37893.843127652566
37562.31503701902
36222.75492855795
35659.92511255888
34207.636540877305
34349.051557290244
35174.251243265615
36088.980173379874
35682.35663634536
35723.871211438214
36205.20633658369
35225.54312718903
35566.95913010314
35893.55158343919
33426.69662770103
33779.819211718284
Score: 8.792779174962163
Runtime: 692ms
336026.353494656
327028.1964491785
316665.5138553159
306642.51385364216
285050.09057412547
272142.3788784657
262213.29660999513
248404.91758718353
237212.97432985064
228534.831455992
212353.60828611415
201476.2888949215
180817.8966621561
163543.08154323525
144247.47965750314
130508.2873152605
123861.52474151962
114396.63587164335
106509.57254846286
94270.40152357549
88293.3408058209
78786.29900235089
68603.90292326927
63718.119061129604
64413.20338213985
63102.99248478068
59620.92354557719
59967.541740999804
59415.53593010081
57372.23286299253
56841.16455710478
56574.217718772954
55224.37182583585
56004.34939677607
54500.18570904334
53000.187340583005
52483.04963748639
51657.55495284737
51275.27928080952
50998.22368584607
50545.55850257402
49726.43074932546
49484.26104150122
50512.229288297625
48932.41550357727
48476.81252665232
47239.31761280844
47348.737926903625
47264.26050813398
46926.40060849174
45730.55829749227
45105.30361054699
44990.73276645148
45229.56167675078
45120.63449973304
44773.10233728873
44863.67049875172
44603.276909999775
43773.61670301398
42633.05690515004
43516.32132444503
44342.83899033296
44260.754080626575
43413.839464003446
43321.28500480159
43619.91093762307
Score: 9.257898504894218
Runtime: 655ms
336026.353494656
326437.25613156176
315709.3827100222
293776.02510437724
277868.42733565526
264432.5619912184
255972.886283783
238650.47014938117
226321.7491500434
195457.5032389702
179896.9698102977
166240.50914830944
156418.7696901261
137626.97768449105
124970.74726232406
116475.62781943679
110079.90757094693
106193.34183129045
103524.44591790752
100281.59327343052
98357.2080140226
95822.70487853464
93942.35301555037
91037.58556917484
89867.26576036039
86882.63432884697
84557.70983730996
81271.588962671
78926.73695583992
74752.80401187699
74020.50915464015
69854.3599239803
66431.2882345631
65646.64262330715
65058.03005450045
65693.28961145427
66662.00809189606
63556.08181975825
62282.67822551681
61400.926477400964
61817.87507925696
59223.914271105
56855.071550359404
55291.761717628215
53649.67136546315
51194.012532506145
50350.86407259779
49519.518867607025
47087.4940965381
47894.472446062035
45974.66209975552
44229.37326434595
44740.0706364787
40639.75391073041
39426.2667365926
38332.192309214675
38283.92387507564
37208.21613253687
37240.81338453315
35779.274396068526
34262.33221975404
33910.267833440696
34355.36959632816
33671.484163374684
33142.796302126786
33650.51638474554
Score: 9.537469946888352
Runtime: 623ms
336026.353494656
326593.58249701175
318043.44992657803
307846.28138155554
290582.103987249
272373.92472714884
256229.22374690376
240824.43647290888
223783.29833385083
204341.33698406874
186299.1649622262
170038.40372664732
160564.0509555758
155101.59015492143
144793.90468501986
140354.04484826568
134024.52984472725
124844.16826945049
124078.705156739
122732.49017504045
122760.3994735685
119172.49783438414
111691.62003988239
108908.4035861399
101073.84646281388
99648.34844373616
93528.0473448265
88890.75650174665
84081.64528806595
82221.48570297555
80716.38148277426
78241.91407185985
78159.88371214455
72098.27868589577
66158.16386687855
64949.26432652385
65181.36232623101
63542.601136846024
57407.680438586096
57106.77787251469
51479.536719703035
50590.949522657545
50226.819580828414
49935.62271084325
48396.891372100414
47544.86039647149
46639.53359909161
46011.40975040025
45643.55531607967
45929.02423705305
44924.15895076269
43602.749430401476
43896.34061150617
43609.90827225115
42213.93277239905
41392.22289167783
41131.57975328359
40584.55518080469
40354.77624507963
38205.3607468933
35760.451408585766
36061.52650886248
35200.442861123345
33985.03554500778
33481.90060708194
33492.472265128374
Score: 8.934734956269278
Runtime: 604ms
336026.353494656
327733.67441852606
318752.85376862105
299336.1630610159
284155.3986696324
265938.407875829
242892.7408499189
224870.84057910225
215014.53551155177
206780.84113483442
190598.9333058495
178556.14777366805
172081.65576344242
161714.25245586582
157320.26628563702
151536.76018744643
148483.94125408644
152281.46639229485
149040.56133467538
147534.47771735195
144109.327892929
140589.3740971481
136113.5705144162
125168.62734199128
120971.98634726746
117325.21586622075
111695.73008421448
108584.86004485318
98289.45665361451
91030.63309729508
86110.17486847803
80120.21914534528
75116.91489782977
75242.78427649025
72187.12264749802
70922.31099360183
65998.95042665055
63399.53777149581
58713.1102605422
58072.80909432696
54916.485249908364
54006.85166151066
50635.71573607597
49892.39685322943
45424.56085835479
44554.052655167885
42664.789832065864
41977.23655882863
42829.5038236454
40499.72544484596
39203.396700986494
38143.56805915939
37203.026164291005
36357.192750987364
36473.70384048461
35974.97773713712
34062.820332236704
33199.65969035318
32330.789651105395
31855.009190247427
31557.001460634652
32076.786363484363
31364.117707828922
31632.36433100352
31293.26136558426
31966.68965029317
Score: 9.10557126166117
Runtime: 650ms
336026.353494656
326659.949568771
317740.3646922289
301457.9659135964
289644.1633618138
279675.82836957806
266670.48539216485
256012.69688290192
249158.34917717386
243529.5540871149
222543.763896533
202150.04423866337
187396.06666050467
174933.52402992736
162778.27044583732
154992.8692042421
131437.74433755994
117693.66679131446
103834.47846483375
103068.87106514533
100491.68889019755
100914.08483240471
104698.23350174654
109260.88252763775
108434.68686089868
105017.50949994763
100999.71277984991
96702.79238600281
91534.02307016548
85600.34436839023
80748.80793688701
74719.35502477786
73117.41829988085
69555.6860870733
68422.94356157875
65451.72082768277
64109.28635144978
64249.72130132478
61962.24808078132
61465.597693241485
58937.630771186254
57489.54823006196
55336.62152676296
55116.3814242348
53765.98496497488
51233.55022610072
49376.83786033664
49179.59206125961
48227.09445946416
47089.32540070741
44968.15197579576
42530.68193982084
41172.1302857837
39751.25871086152
40824.91693357774
40427.352410504434
41145.21057530051
39385.44933911034
39419.57236959056
38685.68380670504
38116.45351264332
37124.65861633166
36971.78795727513
37808.90005610412
36447.915230000435
35251.17824863864
Score: 9.367757075239284
Runtime: 607ms
336026.353494656
322043.82680181385
309197.9769616568
299583.5412434176
287780.40753578243
276440.66880918946
268106.9150911924
261625.58770209082
252089.27543171286
244474.22841333185
235539.52845828442
225713.95134964437
214266.3878003974
208517.1302534821
196833.49619313516
186695.053137982
177614.96894174177
158285.28967920138
151200.86612592373
139990.49457373255
121154.66058841572
103962.99213381055
97776.40501702366
95150.78786606996
87825.9995489414
83125.67533806263
81259.58444853379
75486.07135029313
79581.91324272937
78428.8887543757
76215.43301900564
73128.94593897393
69406.01875541969
69013.39905524744
64890.47454901839
61742.15205538129
60312.3005063802
57893.97827246189
58794.51326842116
57394.3528033717
56548.09761445201
54776.918045177204
54187.19260671658
52828.655334988
52359.112038917236
51439.58131748865
49889.019588823765
49391.37251587048
48279.30825827299
48926.79235613451
46512.49867563973
45724.95935171913
45308.33364093623
43869.97020023552
44388.41212335182
44195.02799536315
42763.2394225442
42406.839232459904
41760.82065471414
39608.43104208051
39630.403914164475
38355.99723094726
36871.13276715925
37591.43947099541
37843.220740796474
37643.04486699449
Score: 8.566771400213169
Runtime: 626ms
336026.353494656
327785.9816334894
311302.8561197401
291548.0875793879
282670.9057623748
268848.82193815085
261320.9482630436
254125.1121741485
239297.94740049614
234088.21926101737
219253.07070786585
201963.57437764033
190557.70164179557
180418.6161239926
169387.8464495493
159221.71252093263
152674.47077321445
144485.66559986008
139389.63189787825
132664.27095011956
130587.64785491732
122719.03024287798
114635.60155833632
108209.18553740333
98967.61204808901
93903.66925841682
87604.48294159547
82178.56029816528
73503.35152086624
67626.59755321976
61673.817845583995
57163.71983583684
53737.25162011477
52005.24853748689
51848.46233982
49578.10632452417
48496.9833349514
47684.47390377907
47562.31689805676
47403.227012878844
47365.10040835548
46616.801472350664
47391.864826923185
45672.24061086878
43496.24783776485
42234.537627358
40931.794665971014
40484.08787894025
39250.05946215522
38288.32263057196
38475.7483170648
37610.50329339549
37387.879369150796
35523.867599024976
35328.671004615455
35574.15965935259
34699.3044744229
35269.37051544709
34647.8742566664
34693.833362380865
34435.30019702626
33320.04984548467
32267.640750087656
31962.035322751577
31921.15629630198
32696.948158815754
Score: 9.072688795518275
Runtime: 673ms
336026.353494656
324791.7327915167
313732.1561677249
298762.67354981764
288750.7769638531
280938.25171772315
267707.0164709037
259576.92653360846
250180.81006767217
243196.38522054814
224849.06102143475
211947.73239300406
200799.3533816331
184890.78212645277
165628.34846934333
158562.05655966653
148575.30055978088
147232.56006558737
136941.98068278664
126404.22745296583
115659.21264903723
105683.69531462339
96126.6261823533
90136.05743901247
76348.2753066474
77537.87365637279
76688.52974705897
69110.46472177329
68134.72979735589
67476.42598042377
66940.7456486028
66809.11845817316
66779.3892532896
65492.31564686113
64464.88783198562
62902.69893528378
60542.671245321806
57414.1538810136
57346.93140410236
54670.5442820448
52348.58646566515
50877.57662814472
49112.96207357555
48103.07550459173
47072.0379199078
44413.46399692227
42547.63920964743
40904.952635453585
39130.64968962099
38406.15569266169
38750.178482028845
37982.21557673393
38423.34384337857
39032.255660590454
38557.07839142056
38318.44864988458
37840.18682746122
36825.73285562375
35652.03174594828
35720.5908944155
34968.35841418588
34601.29636474393
34849.46713292562
34389.074788424594
32981.352984473444
32607.786327338745
Score: 8.195613515467926
Runtime: 631ms
336026.353494656
323670.3726977179
306012.06908449536
291879.1125737582
284994.51560197666
270012.9221713867
259228.43416923104
244446.56477017875
232434.61312330258
222505.63705588615
215442.56431231677
202031.17389741683
190804.82327427037
180417.29430011008
165944.9359077898
151452.4853095289
132802.7354554093
123715.61907466436
126410.16215037266
125057.62811069751
124237.18046940364
115140.36985469899
113818.15922022997
115143.80206402787
110953.6144375267
106518.36521247578
97740.44339714383
94820.84532734848
88081.8384482375
85861.3584055551
82718.10904768584
75410.72240985968
69903.04936473748
68335.26511825608
63851.654973010016
62697.84858857311
63244.20648186156
61933.155417436225
59270.955713258634
59820.37112365817
59858.402540480594
59721.33286067141
57887.57459373783
57185.474587777964
55890.82056957128
54366.17796325045
53802.045650402026
53211.334365401846
51931.19389831164
49818.1363896455
48495.316871402814
47425.641418744635
46929.79387455016
47990.2318552842
48044.17943809089
47561.79394042413
45008.36904118242
45488.41989907591
45584.77084686632
42823.86186900812
42572.77631619119
40998.446908873746
39396.10525977087
38659.18931431035
38687.125427990686
38127.36927003597
Score: 8.8568017705208
Runtime: 644ms
336026.353494656
326318.91709776
306948.7997924849
287107.60635719245
271600.24876998505
257417.56711513764
248539.85682471097
233875.94394679007
218151.84983287877
205055.53749889106
189501.11177751652
180551.4044864423
174780.84732690555
165415.20082511025
153387.08520133127
140624.2960688537
123047.48417032346
110312.9313172738
103771.10568155911
100040.55223158485
96634.5001471882
95274.57540213717
88830.57265291957
84020.05019899097
79777.45735747105
73525.15352383631
70244.59216371317
67109.48829390339
65528.85293898988
63765.53945504584
61084.50559936456
57449.969536580065
55312.58515190885
53382.0770249551
52729.47324139698
51930.30859026392
51632.49617934822
49720.96774120213
47851.886458001616
49129.05910232088
46852.50176866553
45216.347389165945
45082.24682837296
43316.55674877563
42674.60872577536
41407.62779685997
40708.554128821175
40022.24977774987
40633.3723243984
39117.741844263976
37955.82951658709
38021.70470289386
37548.36904905335
35900.504332084034
35922.21425439627
35041.815992393735
35084.32170940496
33657.82442604849
33662.8973512609
33113.62295885299
33777.36961542521
32792.61159615811
31804.534556036157
32184.177108708784
31662.684544513697
32497.343396405475
Score: 9.319639775737045
Runtime: 624ms
336026.353494656
325490.5921765799
309401.8734522232
286977.2416149342
274695.0395186461
267476.287986967
254783.64719002816
239550.5172519773
222815.85311717665
214309.93351520758
202845.64842120273
197706.70863434154
189710.8808463634
178325.47053489013
162107.77635564186
153164.65118370735
144469.74480695798
136398.55913791753
134094.09931364364
123561.5013314786
113374.60021417016
108011.05983760142
100253.87853204539
98180.18820406731
92071.02697866438
90556.88805988888
88264.30892649599
90168.06198534727
90097.05044783819
88501.09563335782
82612.31231685927
77991.14502843551
75520.27698440841
72730.7371928266
70618.05344888303
65406.22475042679
61992.90695547161
59614.36011026706
58966.38152014542
57114.39776968349
50583.968187179016
48993.47879268529
49501.18473695878
48868.10542691496
45474.548551377375
43935.526235094716
43726.32081076667
44585.77957198749
42834.02267221624
41276.541209815805
40831.5218677712
39454.034100864075
39798.54906451236
37717.777081366956
37802.07305441824
38345.101690802534
38016.4528439275
38111.360393213065
37034.50932998871
36105.45238507361
35556.054044754615
35153.24403014009
35533.1803700337
34876.66603424352
34111.356915650096
33513.397829009446
Score: 9.360801420676923
Runtime: 665ms
336026.353494656
326113.4988924023
310292.64077172807
293562.0664964915
281572.22830528027
269482.3074660165
260605.66104876087
251833.42859977164
232037.24932636088
218851.6209177209
204382.54638602026
193681.36231050224
172447.60761846963
158515.553980935
148014.11888261416
127541.67533117738
108779.58564977182
97889.61597309972
88883.9784692416
84288.65155991794
79311.16064360009
73221.18122263576
71770.11512129018
69826.99606093395
63846.40348641877
60842.67042728082
58016.373612608884
53453.487900397406
50686.35191132232
47715.41472336054
46052.80816704991
45730.97621992282
46623.74220674076
45340.43512227013
44095.695568836134
44550.69119731485
42992.15607181925
42065.23503422144
42105.72703558201
41739.69651697772
39567.93585561285
38712.38678619304
38456.27507592599
38897.77015364082
38179.89574417678
37913.63190851951
37325.73972068408
36180.46454959861
35669.12038365606
33694.41742130269
32886.38121746844
32687.490313589045
32148.00222131915
32615.98282245679
33236.40546023424
32296.10362335015
30954.496911626567
31120.258267339992
31125.791893939124
31053.288762720833
30262.047493166963
30702.35656872735
29396.432958851714
28494.535125170903
28609.126355998087
27386.365535317935
Score: 9.516983904833737
Runtime: 651ms
336026.353494656
327250.86273244704
312395.4329815013
294068.97336720745
274005.3494107894
260067.63427137941
250236.50988892667
238381.87105082683
228608.48642361828
215971.29806447026
205383.76324704784
199939.9757781163
193558.9378575176
184113.65915825294
176309.9219104751
173671.8167758502
163128.63973362313
151157.41944350058
143980.74669281743
135732.17493042652
127699.93777738797
119876.05047637472
114955.39126318633
107768.92413543066
100581.90012846529
97614.86014203257
91491.30082543605
87454.38675118158
83400.32570026733
77641.34089634039
72368.88434872159
67106.22806283136
63272.858000551445
60523.24192929938
60186.32229817292
55664.4248649096
52578.30567359091
50824.66840224868
51207.461350506615
49307.08946944979
47469.92827812874
46419.85725061656
44779.27317616522
43318.42307744125
41845.34539253341
41864.451738193806
41212.83056748198
38752.30695292908
39101.36375530037
38224.3500221353
38080.01933253058
38862.504349657946
38655.64186223892
38623.8261821785
38224.8987071911
37305.28989700866
35651.73655305793
34990.95516882424
34320.84803049103
34325.30059174935
33966.37278569042
32721.005338021587
31622.426920274323
32109.551320202652
31943.658228527263
30530.315818686006
Score: 9.398409970873146
Runtime: 613ms
336026.353494656
327685.0211554352
312735.90056309977
295716.46223411395
280466.5050539698
264180.32503487216
247075.29685529435
237648.70376634144
224914.15960843646
209942.32317701972
195396.1991235216
195490.50629639244
179783.20227694692
171671.4566137356
166388.68263174643
159060.94003597708
149868.8878995607
138115.62979179723
128181.26011448822
114961.14080185277
103257.74693552143
106577.88918141191
105438.93121740002
100987.98598180861
98828.50279370767
96696.9625609164
101302.50101057801
102597.51917525487
103290.43871705439
103120.81229857588
100091.96744867529
98997.53343464287
95271.58322123234
91064.8845715733
84462.56973647697
74897.35709213113
68002.2867342148
64547.70368566877
58520.71883717123
55084.44271350706
58744.01918820782
57382.45611553711
53963.051800052024
50987.021360656574
49175.346515963334
49638.614122426916
46639.65898004324
44800.12014521906
44528.264653566206
44278.8710840488
43910.06321321939
43426.58138539216
42264.32540744492
42924.45075423129
42711.617589092864
40818.44183529996
40484.645617821254
38617.543780619395
38394.12139457753
37731.23876814791
37725.21982590548
36192.575352464104
36091.08377122158
36920.11464705712
36096.28661386719
35204.1293168834
Score: 8.534485715565847
Runtime: 618ms
336026.353494656
328402.02168787725
317169.9326934861
302880.53495331656
291427.88954071
276276.4367744908
264932.05956645997
253140.9644852689
237284.10882511266
222435.2713312182
211356.36044631494
181481.00877078966
160291.89405563747
141924.11558810316
128054.48485479612
116851.6939210523
106422.36290333029
107868.77464028397
109053.56955300289
107195.36051898531
111755.31736468816
109470.31829472785
106095.5365125403
100225.179947061
99115.83681136623
94533.0436630931
89120.431217136
85953.04394250627
82906.50072485967
80014.8693314759
75367.57516849179
68545.95635100805
67020.61449094879
64863.50470752607
62403.274965540324
61887.87727724165
58518.90385363965
55569.67724322855
51701.5441019565
51540.68029909581
51307.3896976779
49424.51626798264
46937.34803955488
44990.28343054991
44961.36442104743
42100.29876194298
43070.08345999129
42395.91753396149
42023.4325262971
41534.38431724764
40017.54426780216
39584.464800986905
37308.11339135907
38196.73044476653
38038.26331645948
37481.017051135175
39132.51854357267
37164.81746612695
35770.12547424091
35684.04029345205
34272.03781598061
32101.127300863707
32016.688418913986
31693.798890870832
33584.94442203168
32335.73779537961
Score: 9.246855930614492
Runtime: 666ms
336026.353494656
326729.5733599393
322160.092578019
304050.7608163385
290856.29575287696
276498.4976430356
260742.84373770058
244885.1683969346
225089.77940481386
216156.9329340015
179567.7710100838
164491.03713209135
155686.8979010433
141692.4309080496
131158.71597553388
124889.57437583043
112423.69441448271
109020.79381486226
105910.1779544244
102156.74681616883
92366.28281042415
89120.64806595327
84152.01458706326
81476.88602191971
74505.5836282494
72699.28705591388
69310.32978785371
64492.66879793666
57060.06162266379
53736.29724853394
51454.41186847498
47786.853225146806
45823.30004040086
43574.73960074744
41460.29461093784
40608.70978444271
38997.19379911935
38749.56403871668
38128.29142761637
38983.223697865455
38855.286225702206
38777.11779211959
39131.58154479547
39615.554507020686
38613.89147413627
38866.49488695074
36912.250344545515
36985.29364443058
34947.694890544255
35825.798249084226
35886.46775277086
35235.31923688319
34438.710735702785
33313.092472532015
33822.780429329396
33072.13576455835
33325.18648059576
33465.34072373569
32872.30562129795
31792.527947497372
31711.98431528276
31611.768463997894
33476.00744107754
32560.494868993817
31476.768741475953
30679.874212456933
Score: 9.209015724100166
Runtime: 616ms
336026.353494656
328317.8837100766
313886.35174118076
301231.097042861
285004.87202350586
273473.17561903846
261956.33951828966
252405.71069839527
230773.67396042
214646.45942211937
198427.70766716916
190595.60944275733
173727.94155587483
156374.18732413114
144218.95547556493
132581.92709286066
122269.04837892762
115309.36266832473
103531.89482942103
95072.81780613404
96170.87399395017
99042.15955562383
97596.91157622858
94448.72913080131
94356.12636527566
92801.38813449742
89441.11787388548
85803.97381201482
81051.58621233441
77532.06641481257
75337.7969595226
73622.4702330245
69620.81889735683
68692.1314506903
68742.32453487799
66336.97561519024
70137.38810338159
69509.26227733349
66888.43259704811
62433.836853020985
62946.42072700858
59244.65153886611
57190.28595897649
53956.776401058
50040.76604699024
47934.603949672026
44862.10848245559
44276.81921327809
44365.106883148736
42119.47711216725
40192.211685281894
40479.31513522346
39140.4696731143
38430.97675634267
38360.28686403257
37444.710456917026
38251.736312070374
37303.87812163152
36655.98247571233
35847.83843244586
35862.97182129338
34957.014266576065
34642.98246012605
35632.988982518305
33955.472129914364
34096.48281341612
Score: 9.623562228186348
Runtime: 594ms
336026.353494656
328091.4601370946
317354.0473067983
306592.4510212777
287739.73694211204
275607.30061575474
260610.42753654442
243254.53004147846
230849.10663949893
216383.04213361104
206939.41250353243
194395.49985556552
186297.43431696526
175008.33563285656
164256.94074889855
154907.44377540186
143423.10415221218
139124.36836885766
130899.1144300682
124390.97736840288
110237.08641849014
93956.55101274721
82898.44777058424
77950.5538896367
71921.12075633826
70713.22385221759
63546.097768492764
55219.457698188686
52565.737419062
50771.05571460083
51644.390062545346
48705.89748846511
49697.954500485044
47896.58402678196
46079.03115794865
45671.37158133918
45574.206564693566
46725.50207128932
46520.406031718165
47866.78662669961
45364.75284682768
42740.30746064067
42571.23884560755
40892.02756878516
40591.40413757147
39832.85604074733
39624.23170755835
39655.967955618435
39312.165309671895
37813.53873671793
35460.53568654943
35857.0092626361
35538.82982201508
35402.5730410655
35165.79449227894
34620.49329291657
34209.217768103714
34140.79303156473
34518.73094734402
34063.585220009736
32999.63473705931
32239.829799194624
32606.25034951965
32405.2043815428
32889.45754936342
31165.18345758352
Score: 9.174385830007408
Runtime: 582ms
336026.353494656
326183.05760685384
312889.2357125709
303918.4882641033
297095.3303770415
285277.6713357361
265459.43189626565
253940.52869742818
241263.3283509653
233379.72801075483
217450.56744055534
203505.9331202599
186700.56137000854
168365.70283147573
154241.08246035714
147481.93326587157
142804.73917460185
139716.61095956143
137500.060277341
133891.60770793975
129211.7354573604
125643.57804774505
119533.872957701
118591.44321557901
116525.80137768183
108086.150887883
104228.41078991062
104248.82997797424
102319.49993672052
99676.3865541833
97800.17968051994
95679.18271719207
93788.03743128445
88958.41206129862
79967.58987160135
75390.88460537406
72463.70303466257
69906.54624774009
63126.36512423926
62285.04941010647
60304.32580193381
57589.01250647393
53924.64651610532
50263.61559963272
51267.19356437254
48319.80073532286
45379.36994971192
43404.85974831969
42921.04368822611
42780.00970562605
42338.32634069722
42684.34394469076
40557.789798706675
39974.226061505855
39042.2797107661
37827.73590775747
37300.63772557312
36167.3827271108
35627.73437301432
35958.80281355311
36383.584585519864
36278.448967659686
36072.85350545891
36295.938099824394
35933.646050912605
35269.33217560054
Score: 8.818358501674492
Runtime: 655ms
336026.353494656
326407.4244871732
311852.64379642945
298749.7446367419
285648.5563207655
277301.48389021814
266094.55992616364
255693.09858832986
241671.83570333978
229807.53363828151
216945.76753340612
202653.48202802442
190439.9230898044
185112.8861762326
175518.06001031783
166252.26953969
159273.66350856423
151517.69262058387
146003.2056711681
139711.00562038762
132540.33494821916
127225.42639270457
121924.90281556094
119643.35426104102
114897.05702499123
110942.02226606161
110708.32055463981
111546.8652535954
107231.47249053125
103637.96893229359
97776.56020923743
91607.70924764736
90644.1046925982
87059.11523842992
83901.15276427202
78959.9819371918
75243.92424333897
73182.68084565886
70908.04698668029
65114.0974575313
62972.213752782605
61974.975990022904
58636.31826674491
57656.06409746267
53438.359566290266
51254.012244129095
48274.391843814665
46886.32648353667
47870.50272819809
45565.65459626813
46230.86283724226
45247.88759835021
43712.333155899316
41984.34127018353
41777.047305543005
40841.22626016114
39941.73436364843
39902.316078307376
39617.880445892806
39458.874789536494
39376.02831303767
37806.02395028849
37442.23814884318
37278.82684299703
37280.42773296824
36770.89800093401
Score: 9.270028476721691
Runtime: 655ms
336026.353494656
321273.86945691344
310876.7750526166
294134.4325990516
282408.04053468845
265643.3384851119
254006.12830992014
241806.3913044592
223737.05074968823
216616.28086847672
203158.91010299875
184614.3722316676
178769.08102833602
173925.36738019812
167860.53412598438
154446.18083416362
146443.98933715015
137196.04031603286
123761.89920017535
117024.26643943861
110558.76974219373
107210.34201647091
98925.60355155662
95530.9115769746
87959.4118393402
81838.61224361998
79601.63714928858
76184.44898525084
75840.04737263209
74593.80051070086
73718.47424269654
72239.9026824993
71765.98391779055
70615.87375549297
67670.83256286477
65276.69666208835
61963.82025864428
60652.133022648035
58173.64834726567
56280.41752180487
53487.546021111724
52171.053811325
51095.07883734223
50720.234934736705
49999.64288936936
47581.812117205336
44913.46840716117
43768.35690388813
42020.74718611756
41384.84034373126
41087.374130133874
39165.60137334333
38169.51224936773
36620.42422349495
35385.529159204496
35466.520131436795
35123.26065902482
34357.70534623616
34659.67338398342
34724.76191160726
34062.982341230134
34070.355989334625
33584.5263313212
33304.45389922519
33970.81180906406
33494.82003347388
Score: 9.261385388831911
Runtime: 607ms
336026.353494656
323720.7336095285
310624.050244119
291595.6210533163
281128.1944084866
267192.18960998015
257284.0939218995
242568.09986310906
231125.68429522752
215943.8689126445
204501.42276839874
195520.16258725786
184502.5327622231
169266.62814292236
153611.3529228787
141543.9003992772
127302.69570560745
120251.20570997338
117228.46857240573
109410.71977722876
101511.87953554039
97409.6736600131
94425.99014096792
88988.7179531767
85881.54513818274
83263.1167796398
81973.8541961912
80626.26193335245
78455.02640061777
76818.5719489873
75637.71521211247
68387.78312701655
66345.86707708372
63957.07284891572
63226.03561796275
61056.22634910155
60833.58659108045
59770.73730828311
60032.3191026648
58910.57612957011
58044.78039486698
55900.7300681452
55379.634950999854
55965.35446744611
54829.52115964012
54173.22510120792
53496.14827084017
53553.13149940519
50774.47556575559
49807.34135133908
48321.43642084705
49164.8415978033
46845.58414136747
45922.22532655677
44660.683188497875
45120.40845290317
44243.723306311855
45038.728720634565
44667.179290667715
44380.30907184944
44670.220923310146
44267.81222786078
42612.693878090446
42931.34298565603
43508.62356460059
43415.446547031206
Score: 8.91351545787838
Runtime: 618ms
336026.353494656
324573.764132936
314378.8683672972
306763.0870198812
290883.242042152
282493.9789598583
273681.5177897607
261315.7110858103
240513.698354418
220015.64642381296
204488.54045148595
194245.16276918416
180446.08827930994
165004.78354993585
151302.88244825433
151572.7677673301
144595.79999151718
134281.35607876186
131247.00917928736
127603.03285243655
127749.18781093578
123500.81030475367
119332.89842171992
117183.67864618616
114228.42522076826
112427.85427035611
111525.15000511082
107572.31780580163
104309.74181577226
102085.77661858306
101949.84491080229
102414.53602056572
99748.04611756538
97325.05882466694
95660.79206934258
93214.87994184816
90996.48178234244
90896.08686945116
88018.54296654684
81220.47916603497
77354.62839980326
76406.17590878066
72745.25475073107
68100.07398294167
64975.996751193576
63744.06716403476
60687.164172371646
61154.87945901528
59748.59981526572
56547.15352182809
55299.14633275061
52847.78623253006
50920.67334166637
49548.41825061915
48997.49658557058
48159.46374435652
45864.57409614488
41300.85608156769
40278.731205857875
39094.25913767808
38494.74078231014
38185.38083049661
37474.45457080481
36440.31171568294
35851.75043473825
35787.8401034705
Score: 9.418581086366121
Runtime: 628ms
336026.353494656
329074.8437413171
313431.0630720904
302231.96705806075
291193.58408504335
281443.1108357631
269767.0289634594
253939.76035277863
243990.49334254814
229571.97276241885
218723.00468097787
210020.60932418916
193836.89772618233
185026.92248514766
180131.6768976033
174217.0614762272
168597.55630033257
162524.22360508947
154531.38291132837
145146.9919831542
140724.68028971384
132655.1910363512
116047.9503772405
108011.5469340422
102280.48838929975
93889.40960819283
83427.92936469283
83912.16265252637
73456.34959526181
68372.96173966353
65182.25537368601
61876.88983204332
61186.97259792182
57338.1177278542
54882.5393627789
53594.50472263768
53348.318019912294
53070.26179861601
50141.185407855606
47723.854703036195
47344.98405766263
47278.38821051191
45995.94990863216
45436.90347450437
43845.31255104545
41980.79812717626
41472.014092404606
39791.998044444335
38368.326844231306
36327.72506466278
34898.525201425065
34293.73688103234
34276.15558035499
33732.62869125487
33478.155772031416
33286.95156427946
33483.26371025634
33819.07538975859
33899.19929797111
33074.286250679346
33780.43500312487
32474.552659298977
32506.756985320077
32157.414363056236
32422.233143317724
30760.87114969782
Score: 9.436512487330361
Runtime: 672ms
336026.353494656
325679.2126286013
314358.5434503713
303097.94749339274
284907.94468106725
269612.30600379466
254119.01964930925
238219.67860640897
233512.57268371296
217022.46777897814
209592.1470897792
197907.96302458708
179370.23452631576
162025.99826510425
148513.91563046558
139122.58664608083
137546.1712127408
132193.16252162258
126576.6066122422
126642.99063125561
123936.13930159608
123306.68325590283
120758.53804428634
114991.42156465561
109883.6254256527
106483.77264240243
98133.18428069058
92012.57277385272
85461.85800274351
81579.12263540117
77287.97172729352
75662.42487692313
71435.40009100342
68627.88309184845
66645.89435242314
66788.65204577766
65103.74105825584
65045.24737968488
64297.66514043276
60878.54365815121
57959.90105273945
57231.71555805381
55218.79464096076
55320.04915284209
54567.857642418996
53455.334627457116
53597.84585409972
53232.98852991721
51375.723757272965
48456.63405829318
45522.98023794459
46048.86107860242
45383.188720773855
44389.78353271241
44522.12737565596
43082.90936816127
41980.82100548491
41982.13606530504
42716.73694759895
41744.62142795684
41662.808765819675
41551.58679461471
41454.674358828386
40822.393307370294
39138.79813189602
38652.58866553313
Score: 9.09125540576607
Runtime: 612ms
336026.353494656
323923.52315832896
312654.46986286395
294633.2372351085
280248.7806015562
267334.1826377198
259208.17008081186
242604.69488902963
227027.46356137426
210958.8783105264
199401.22868370486
181069.76992027162
171976.57628615786
161174.16198919283
157160.02835453174
148448.95983459445
139343.0553122314
137611.73624014558
138154.85446548357
134586.7437981598
127349.37832659077
122799.76404838395
117914.12923550988
110155.07765695723
100674.29245833802
96000.76175179241
90886.43595227902
87134.34637881238
80586.8028414907
77699.26616593385
72269.21379147796
70663.65800828379
67169.46845892964
67036.35675806849
63697.265455531255
61689.21319819869
58301.22133819225
58075.782243667694
57898.945443739954
52584.12496097582
52798.28633373073
50899.23161794855
50063.19595298583
48450.99655990891
48630.61175212209
45654.00655056294
41084.36124488746
40469.11923184153
41606.928419126445
41999.448336504596
40724.97145299037
39248.58689539331
38561.98980875114
39284.53833651046
37757.40556284388
37573.84595449795
36910.13645234048
36070.54928586261
34490.65310617888
35498.76582422138
34719.851564691846
33255.124336531684
33019.97295158759
32674.878732015983
31413.670541614436
30163.756784161313
Score: 9.05618808728039
Runtime: 627ms
336026.353494656
325945.4299379085
310811.48939033406
304407.18919044314
286444.27423077286
272609.36783253564
249980.20891193923
232041.37991866053
211157.26344537712
187757.4780604866
165205.37258891613
140212.71632932458
134912.81998963456
122432.27090270267
114006.60988633728
103438.30928419763
100926.90592708414
98149.48079295532
93226.03506288414
89243.60531142527
92167.16220858117
89324.32428440698
90817.50592710778
91356.13649537027
91302.06605621631
90029.5942968612
88091.26973860232
82090.0840306242
78893.36082567862
76295.6398056725
75615.6668923953
68470.05966795876
65849.93903487509
63655.00756209162
61709.00027589641
61687.74259243858
62078.05696190653
59599.79419198986
56487.21271970456
55756.271523094256
53438.364844962336
51189.77653617204
50852.33726890159
47027.81652856511
44990.19264504912
45323.9833224225
45562.767787533456
43433.975892268
41121.606195922745
41090.53861403809
39364.69630605934
39615.34102795145
39210.88204937171
37370.86439096177
35595.55924455472
35099.103584146294
35785.83735730718
36353.42656312427
34618.13484472843
33221.243867214434
32987.45648116162
32565.07102688284
31586.614598097247
31730.195049051672
32601.17119483953
31987.93758826986
Score: 9.21275571477916
Runtime: 667ms
