336026.353494656
325414.4304961552
315135.79778617417
299416.4434290103
281711.2817340642
268151.4924689165
254017.50056608755
244557.7411812703
220956.52436686866
211008.88943288272
198193.09538738147
190210.84357544722
180182.48459043796
168369.60869686288
159300.2355386431
157698.64185755304
149077.55733780915
139238.1708587561
131457.81774490207
134633.2883424438
129892.38038068471
129891.90018180593
131349.09647172526
132393.97573303946
126733.15315822727
123076.97498927984
126222.7531920302
130000.74125822261
131077.98493960153
130621.8624380373
130058.0587178262
125301.31698531221
118196.80390341018
117755.85065790788
104413.83349408847
99907.2476055366
92129.49715562403
90761.7190381078
84584.82071270587
78277.60430134022
68267.97441387459
67738.18156563235
70304.91114578074
66821.48257796222
64445.45675805026
64499.555486661964
65684.16041409
65606.69647812906
64569.59610908803
58364.36790589998
59857.54035849544
55535.4164241796
59153.934428301494
55067.26625145477
59057.859101469156
53919.947902914035
57706.0575178864
57141.4953026537
49905.53183623605
47546.88553326344
49486.981553601174
47957.33220595694
48923.75987727267
46799.24231643762
45592.74025043471
47514.40763443527
Score: 5.838748823086885
Runtime: 600ms
336026.353494656
327460.33653171
318236.90945154143
301137.3009953199
284127.8479882955
271707.81085529405
257526.26945213947
239753.2470827964
222854.41654168375
210597.77755758207
203859.8703883524
184608.2420148248
173169.10230843717
160803.82946418473
151178.41958696226
146771.11482999078
146402.55905572537
131636.95465306763
123144.89939659077
119214.31502916092
123984.12179305246
121398.92275777273
121740.76313194717
116149.45523667675
112696.47824390257
112899.63952564263
108453.00112170169
106493.39819317198
100123.03155741243
100740.59968138614
104444.83045799816
96944.69715673823
93637.65532699553
96177.04064702176
95558.595217149
96245.99717150876
96266.9355470195
92272.28624293883
82980.31353661582
81783.08444996609
82130.10310617332
87369.4032255182
84719.8860478592
85942.2351127361
84386.46414295724
76399.90447653187
75754.601232077
66896.45958027757
64625.48713391958
67259.56444430507
62210.072502687726
56622.492547647824
58389.01135283196
64430.29697380653
62811.3831444096
63476.59361771598
64239.27100304015
58977.293037222815
52987.611478745166
51493.13855742454
47394.88282929307
50406.97324464703
48383.51966475026
41064.71307029521
40260.066086677216
43476.89009457037
Score: 6.867541703182145
Runtime: 606ms
336026.353494656
330711.50529635436
312994.02765776997
303854.6571701295
293150.25109081937
274739.5062443436
254603.17923512787
245185.352561512
234967.5795005445
220085.46828753225
211148.85254035238
203600.52426973585
192772.22410013233
186535.3526194227
179258.1057618384
171134.60162204757
163719.74019464178
161211.9907667029
160199.5178252871
156496.3306650936
151874.86408205086
147758.27735334277
137542.05069613003
131532.3424626919
129161.14489528628
124667.66353851925
121647.6082657261
113263.84455931843
109112.9327960391
112652.0032202415
110427.47173064816
116985.31484944794
112871.96717582444
105458.67248089158
99174.23215776916
92016.28711424768
87034.20686432502
88034.78968605625
84783.92667969156
73190.34886921158
69081.91361420669
71015.93825083025
65900.0546253778
68013.04595029283
62243.38684370324
61333.903557394275
59220.44070781374
62293.13787573587
61787.235093422976
57569.53912602735
56865.50677135552
49307.2830272618
48994.09078376249
44409.4305145686
42827.056926810146
47392.569403902395
44213.62158124514
44158.97670333603
48737.80734938349
53409.706093344066
49901.57138454858
44146.59334325661
50161.80455476329
45264.01102505742
46371.93349587003
48973.17120177894
Score: 8.374199618015872
Runtime: 568ms
336026.353494656
327943.68148220895
317872.85790957016
304188.62801195006
286902.38015069714
277849.05230489624
259853.14805909616
247328.5388173111
238791.59673712993
231260.0048345488
221170.17711610103
207304.4146140934
203668.21322689843
195569.84017879787
182611.35129786085
170944.3481390412
162115.18976018543
159549.62288869472
152659.4349282716
149009.64269628123
143117.054421489
126631.62913549987
118940.60672199495
108146.59526731729
103081.02700854953
94625.75334754583
102173.59741702731
99130.7561743733
99239.56021469242
94991.68333609145
86061.81899563849
82855.13708738596
88597.24028785448
81118.18460299473
83733.90418567864
79487.1632462009
76880.85256141302
77119.82327439674
60840.66496373602
62617.47001352012
61512.80917132715
61196.76572618354
59430.65820371393
65750.31549223668
66554.77261087712
69228.0065471687
59919.20550899698
61540.306630926556
53875.50813259977
51890.983537952096
48542.581647855266
51112.47681396677
52269.71679870983
55575.056354355314
60878.2461575975
55245.639626515345
47064.822030877716
45672.051142539705
49600.06574623922
50348.24123164795
45109.67219955043
51641.15972549755
55643.65909168964
52060.52107528634
61861.38284155067
59152.8475611293
Score: 7.552457762557675
Runtime: 561ms
336026.353494656
323001.2377592741
310169.69721630885
296370.02135810663
280136.6299217994
271175.31606558093
263061.4648667017
253029.9197023387
250432.52086069196
235219.59239582793
224443.78858597548
214968.96776062963
213657.61603834966
202980.64817292074
193949.4239402423
178076.4487441625
166416.9882219477
159414.0966301349
157426.76028647396
152595.1860400588
147089.69842407675
140523.46354178974
135013.54459420295
130650.56920711274
131293.09906349593
130544.10806470647
120301.82140124374
121876.65513016406
122243.12094814467
116586.58159063318
119666.5590866428
122535.4050764569
120970.641664011
126181.43399300482
123990.3046753314
121968.51611300274
118686.92083771763
120987.45365993587
111782.92316615683
110238.98806119074
108087.60385245435
105124.79107656279
99526.06409917827
100863.57090709943
96404.88441850626
96560.2442704192
90409.61606626924
91529.31988091943
92957.13860371469
89370.22887434551
88991.70905827712
93419.4457352591
90624.54598261199
88835.91763783118
90970.20631105987
90367.61155350607
85206.01633285619
86902.1179120331
82547.5153087167
70981.31065468326
71303.56423277195
61045.718437080584
64043.630960999246
60178.21067398852
59493.07082715898
67285.8857653815
Score: 7.108735206844989
Runtime: 595ms
336026.353494656
325838.8149551037
313544.68892879866
299263.0161571767
283890.0824424664
266441.00368298206
249067.02376136076
243630.52045532272
235957.24470027813
226166.8244781177
210644.0428637818
194538.10149720628
190544.11664822593
180654.13126871194
169740.75143053214
162663.41642604824
159602.74202981102
153931.31155539845
149951.75129352463
147286.56952697525
143533.34631902017
135973.38528575015
129053.4104703074
129442.39641638978
130816.49150209244
120354.8777636295
112439.35793976684
107077.49423372425
98312.32426112537
91794.33967201758
85028.79624589397
78778.04122424476
73327.62455190677
67229.99821140047
74749.27702358252
71571.23368702662
55970.43485660058
61355.28814119821
56547.8447024264
64861.18761555477
60623.87352575868
61630.7849458198
60854.73783824331
63178.26083959147
52123.037169669544
51767.41130699334
54694.29296852063
53568.77898537989
50670.924101822726
52268.863563056286
46595.50387134834
54493.556016895905
55704.256493147455
52149.88762657612
51445.079357324896
46275.32909897248
55583.79181395215
50456.18291230487
49074.808487961396
51751.16527498369
44274.34474738047
40525.63715396118
33508.76755817753
30307.213822258127
28844.597862985232
27018.02480883288
Score: 7.071282007255343
Runtime: 572ms
336026.353494656
327867.29966192035
310843.08914399164
307343.5025574668
298143.89117757516
281129.8902821935
268139.7232546802
260102.4748765287
256207.89226523554
245132.01059435948
242658.19867232334
230648.2710602117
211917.1496158785
194870.72457973412
183417.10062645143
170524.09928574355
162239.92473821368
154254.28013035568
146985.28677028863
139421.2527054522
131753.49041015728
127777.15699869851
119271.84367247515
117638.69021386254
111156.28600712292
99736.16762968762
98669.6417202929
92030.52828530413
88205.28910432383
89640.44628246597
84085.39713620093
79979.49125031885
74158.20978924795
75081.75494755512
73529.11268930908
64048.49278487834
58581.25313819518
62538.315137832855
61711.13426431295
64702.157536100975
53643.66177587264
57212.90827779059
61507.496401453376
63402.33979686874
61065.963118383224
52783.17661281167
50027.88826478623
47339.628472877586
48688.860278278036
46477.61674855632
44374.057642397616
42260.24796123927
43254.28219747971
45618.148858167566
49228.479753962
41483.33796405306
41250.550216599004
44825.378174748075
43053.04375240904
40071.89639512561
37300.855632233746
38572.05387289019
37274.829190782606
36375.16040771398
37128.43720079176
32501.44263470131
Score: 8.890592404474573
Runtime: 631ms
336026.353494656
328055.5395522647
315390.659325093
297560.4073869822
283294.68858586316
270377.64404833096
254448.92154781378
245475.2149262024
237652.00298055567
229754.19352448545
212510.0048007076
206731.15399177984
195518.47594960427
191166.37322952188
179774.8206349705
172697.76943213918
164234.3606573481
159879.5955204093
155888.35276988556
157902.06281489608
153968.9411247702
151421.04929380398
152452.24774936296
146886.4309924137
134830.901568442
127416.55450643352
118377.88275645974
111032.3891334015
100959.28033001436
91527.70103830735
89978.8830092233
84839.76181291565
83764.14173621734
81491.78115643308
81727.58766599288
86891.31772462664
83208.09418062762
80527.79261802121
79086.56165501688
72119.58817265842
73747.27300516689
73075.80013026347
60108.97206229972
58497.31426303845
60476.7068241148
59950.83468262991
66187.47187102897
64568.877154404785
63916.8891704642
65801.77564642558
64221.296356654195
64573.15661754083
58614.338588779676
56868.71177658989
57228.2151918683
61864.8041833165
59490.28535630574
58262.72801048596
52094.0432526567
50323.274414486696
45499.513963970334
44779.66242295174
44514.76564003196
47213.9258544464
47003.633251802734
45740.34367370327
Score: 5.465840155101738
Runtime: 618ms
336026.353494656
326552.4288326485
311544.08933682676
302206.4758162066
291986.5012305499
263909.9922333296
246863.73988470936
232577.3445129145
227206.24074113747
223542.27119608776
214992.07369427598
207782.32275553583
201581.39508091364
195482.89740157963
185654.26973649283
165513.84256353823
161577.85752628543
152321.35502275778
149071.8126717325
142220.22200934403
140184.53271295957
139070.0686455112
134348.7549419254
134571.01125633725
127735.11798425966
128550.67946713808
121805.8150131098
118030.59079036745
111404.25579337282
106089.55577892622
101525.43451683925
106350.21947505738
107376.06263546021
96076.84266721644
94025.96396935044
88036.01272272864
86047.20486302556
80931.28200432152
71250.12882542434
65703.942434623
67169.5444904538
61339.258364599984
58339.87055313384
57124.225483170376
64436.86335698169
59241.26968807451
66133.42717643312
68039.39315762445
62218.9901562651
59494.937976157125
63090.30058112189
67093.07409605218
57249.35539304539
54937.368267530925
62950.742338879696
66506.02094088931
68968.38405753256
66625.79470689975
70682.14722458902
64164.98895074679
64473.96103566758
63291.309691608825
61517.30564793495
56328.69154865319
56282.964395381685
52902.35793541688
Score: 7.20603158121222
Runtime: 591ms
336026.353494656
325493.94656722504
313458.80966293236
301552.1169311934
283065.84252295323
274175.1562343952
267892.1279166982
258196.74773871113
252868.06887371303
240920.3764831176
230353.28062520077
218444.7746095114
208628.87534372188
197386.50739259782
184458.26107844978
168472.49197305547
167158.4296374498
163010.26880833527
156488.91080901554
150027.93197402774
156325.51178363228
147130.70431109777
137842.57645579687
131758.78938098912
138480.9837993298
131562.4080189763
130587.28412696687
125845.9157531169
125268.03520554063
117213.16459043346
115225.74476783592
112476.47991281707
112961.31496524942
110589.21506964245
104501.97036473548
92933.77869047195
97988.4670053782
97310.14600904814
84320.12791732099
77209.51935738408
78693.21059379732
83794.56860970554
82838.66950683344
85754.97600444092
83939.61633499236
79411.7812011969
80805.13388385947
81946.42038755932
85536.29739227843
87875.10432769034
88220.54086056452
83209.74196295685
89510.17664556502
84417.05476265731
83320.20779455501
91229.07866114531
80662.17366802381
73389.53875526179
64075.48741856106
50169.256405552085
44596.677942856244
47567.65625705033
50335.46380033728
46828.229332309376
48702.970823833064
45239.84661463017
Score: 5.933653242192005
Runtime: 591ms
336026.353494656
325533.3540298835
314338.17104805267
304226.6619361154
290738.5656449179
281299.83378799265
270522.3689799319
261898.67165668312
250209.10979369722
238353.7051640287
234634.21107542462
217737.22951839425
212232.8974035945
196219.49257115647
187222.30072667246
183097.0822156043
176705.1244628692
170640.94983091176
161495.20941043636
158864.2919159055
154810.88699709758
155717.81412024528
154656.2905589187
146417.40018257764
140939.34748134649
134804.75028991982
132293.16319528088
138025.87189386375
138889.0626969743
139005.5933591563
136758.29260640507
128559.0800645357
128582.79960015356
128342.6975419508
132410.120642476
124938.66562489426
122261.74539399425
121940.12629075327
118024.41116630929
118097.29362789304
115258.89380198027
111250.35198861665
111230.33664809896
101206.43880021753
101271.74257524346
105053.53854490076
96235.71699982256
96041.1457786562
90436.65955103902
91937.38481953282
83672.34316293774
86742.9969901774
83565.30587821288
81881.08694302464
80316.94510147907
77418.5245847834
78720.95457541669
75357.66643738294
75442.31184869102
73790.9521678423
70410.34926868904
66300.8229731384
66103.84900116235
69193.19276637754
70689.44334975112
72199.91833254113
Score: 6.197154143635386
Runtime: 587ms
336026.353494656
327773.64572466275
313151.8774088924
305065.82257683773
297864.3625587677
272391.82493819186
254521.27614139914
245574.14320087066
236092.59097167727
225745.0096135615
218940.1538077159
204792.81376995594
198634.08953387843
186995.38376843583
174043.88992324175
165268.7694573111
156764.0425683285
150567.8057767191
148035.63134549017
153508.16402701646
150602.17317952655
149261.18364360335
141471.62702448762
148996.9599326984
141628.97749020415
144800.45218204398
135524.52978415752
134705.35228053227
131596.17053683937
132674.4696047214
135698.81359751747
130643.62839738086
127163.89031945926
124994.31213592144
118219.78874467008
120758.60020267595
118931.24666776833
119671.4591347763
117364.11366691068
114011.61602918514
109581.66928480518
99455.11892200216
99469.67565512999
103001.97060238919
98030.32191629417
96603.59227841273
94492.09730958243
92122.06666899419
88462.00883696349
82197.93602067982
78421.08227482298
75318.7583745877
73361.0743123308
70539.38414745648
67256.11150762462
67970.85968907179
66695.61840918151
68821.97539096761
70041.0748480983
73889.80073809712
69693.48002440215
63888.300830556145
74614.46919360246
75282.46394744919
73180.93317102325
68533.32392425982
Score: 6.376594574699213
Runtime: 597ms
336026.353494656
324761.96085008385
310586.0688534766
289508.6711209404
272629.0080226071
260372.31825717632
240917.62213550357
236466.8207624443
224977.67317142247
213211.5005452852
201981.80454631592
192985.60693092732
186133.83893469186
178289.93271557527
174358.9240207131
167096.7620113454
162885.1019658954
164113.1363581388
150121.2123605971
149519.751892913
149328.72608674288
150025.08041759074
144360.23821483905
138261.88541156036
132134.20962678432
122632.372342033
122968.91685538746
122165.10021399427
117109.38687153911
110744.93540456664
109349.27403730314
108458.85144033177
115996.59432953852
106844.1533320599
108074.08054141498
114152.33632964632
117068.26313756063
116873.19060574817
112234.79617916465
108620.89384335064
115020.06132547822
113529.52486891288
113137.67140894597
107668.41646974513
105953.3567066502
100557.77406604784
107222.62499518505
95566.18346939872
98398.15407126262
93059.39582124977
84359.08582153701
85876.75172257051
76442.08058951933
80430.32157070258
78099.93037844112
77928.2370318427
73999.18585392139
70059.76586176819
71678.76848596247
67337.1440389411
67219.83166818353
66292.4585689532
66694.14443706126
56200.448597970644
52065.58209238893
55498.98376154849
Score: 4.568278052464913
Runtime: 590ms
336026.353494656
328618.1183660046
308242.27461658244
297525.1016541363
282339.15892512025
271087.8060566083
266076.4936886359
262240.7646124464
253879.18654204722
242366.28988440914
230097.141524784
220369.1527602324
208611.92119462558
195518.88307201257
191889.27659237364
179816.79820287807
177562.91028639124
174558.14228406007
169471.81357530778
163523.3251914039
157538.0327507614
155922.3475252853
151923.8607440443
147174.80242580778
138806.64321598527
133029.40661198055
126946.14435483285
130083.27861184104
125499.59733826143
117565.83283342508
112601.93547621177
109646.61762935825
102654.7502244706
99049.86594851543
97932.62383588223
98314.86780628552
96704.40672024475
89086.55486922113
82145.26643453045
82857.20349376921
80742.58813547679
73245.33635461319
73292.50194182919
69992.36077237461
68705.95336421988
61639.09420671828
55370.78110704073
52217.44386549833
48663.945836259554
51267.60633287114
55314.990602433834
52075.11001207938
57448.00694522756
51054.1648041486
57485.6256482235
52106.36075320175
43712.21291002217
41067.040930359064
50535.79041076577
49218.022872765876
54482.43576971118
52216.99978767902
38911.77194023241
38930.820193694
42954.8844641727
39886.37696695062
Score: 8.539393104378716
Runtime: 572ms
336026.353494656
327964.57379326277
314117.33144371543
295698.10970048886
286847.4735001912
273163.5408782339
261041.58830444975
237214.99715900928
213499.616763009
202259.91201095638
187135.43873370168
175956.1071471533
174504.17583686995
172228.24941167477
164230.46663855246
160694.58409054935
160035.23261170348
153170.42605706397
149734.0037432136
143072.082255002
134635.8816253887
129327.13383597422
125187.89375965837
118401.49487008766
109882.53400800473
104824.57550137742
105664.5530431922
108585.96672958069
98350.20717663043
94916.27523847554
92856.53985222316
85917.19496946069
78841.15383136451
74725.9811457357
68316.59766662598
59635.32694175283
56143.1097874181
59116.896486333055
59466.9680976555
59881.97002075577
59400.62084693776
61975.778122853626
51238.268052120504
48195.88876215233
46981.20245319429
39754.90928855401
39695.15161421029
41554.35878672964
40609.24994451375
46894.084546240396
46239.16353166761
49783.09037360751
53006.796529617
45215.55106721979
49438.09359376801
50461.23282001577
51051.39346026605
43113.61701293625
42319.25090332133
45174.274153299084
41869.262812287154
41299.287816171985
39903.67311424739
39808.569003994846
32162.84997488024
33882.23698728171
Score: 7.444817183191372
Runtime: 564ms
336026.353494656
324213.6627045036
312342.034327308
296013.5218839324
276747.8945857829
264251.2286520267
251316.66984587247
234952.6224291542
227582.31867746773
216297.23447780573
204755.13901546833
199345.27582708106
187715.00860642185
179624.07569143976
177950.3057096907
173633.80072427215
162798.29189115646
157720.8309249173
154688.24970209243
149199.49227873815
145320.04076421264
141768.2059049967
132175.95422636007
119330.91680923682
119716.149157796
116970.81707707312
113793.24731365113
110653.9055632759
109763.05379959867
103457.36223809292
103951.89003364593
97398.19109558334
84879.25619973594
86101.99490974586
79744.0043782885
71836.52366474393
68105.02681601449
65259.48309211178
68243.28457352439
72290.15198701297
70974.15503323614
66142.67269688119
56862.194325753466
52324.99294399018
52364.57192411437
46958.66787781935
48387.668619478776
43454.61358806906
42209.4177524576
40174.91189044742
44033.88422030181
46287.2828757616
39333.202255829194
38036.33336539239
43557.80070517746
43377.15137260841
36930.96792297353
38817.91054830397
43969.616846853096
45656.54761286434
52558.29596704412
40204.29432661354
41695.57990752047
41348.471627901185
43040.97986481798
43276.98328090011
Score: 7.459067929497389
Runtime: 585ms
336026.353494656
323016.48445661296
308848.8475045534
300497.42444737174
288752.8946862181
281556.250071157
267797.1310686356
254871.13841053113
245032.5744759207
232966.21604111465
224927.69744197695
217044.0315717176
202057.4209255852
188478.4780625748
182193.47743568112
173334.39727266875
164096.91572654905
156885.69270252073
148380.91502041116
149335.71612357887
150975.4528278599
148573.24146888105
135236.2035996483
127949.55072454846
125481.64689603758
119156.63460329665
115460.67385353328
107964.77278091598
100525.1614787425
86841.73518075219
91002.7908490149
90233.12069110824
87309.3230070422
87014.7861727922
89282.25974723056
81618.7934231173
78460.27120587823
67762.91414590899
68134.12314476375
73354.76848242989
64685.87942406346
64433.101491415684
66625.62058310464
64074.37183499715
69502.25405066916
64790.96915114804
59297.470510940635
59624.01766165874
59540.67203097532
53934.552268004685
64571.43510353273
56307.06191246934
52305.57181565341
47894.63785858621
47615.59810588763
49854.09540760494
45658.25533235526
40248.17623252929
36576.42945858509
35871.9823737329
35082.63610548978
33379.81547004532
31765.497573297533
33632.23274116206
32081.23200898839
38787.8042855159
Score: 9.162427272736624
Runtime: 588ms
336026.353494656
325239.3550295963
318511.9232128974
301558.6819785135
297088.66478420876
290094.38403206115
276847.4776190349
268243.17453171563
252768.24921854943
238111.6339109306
231632.36099613967
224003.2237883805
218655.28251617803
212687.70977436536
209140.87924563498
196856.400390543
188949.9382848347
187209.06062271408
184889.78178041373
176669.508054534
170066.2738991632
167606.0880085134
160222.74164393637
149817.78475633697
145078.93805508237
143276.16352144248
136203.52515222208
136937.61741422166
129448.97806156958
129373.31463981746
116839.07230818446
113784.93828431042
115725.62856973374
114032.4866900057
101734.06698737937
98144.95735398403
96088.25716790052
96702.9927307463
92456.4895139172
94386.3641298756
97738.87548947486
98853.95343800394
89074.4845236063
89889.16349739149
88875.80809805794
84215.83439879997
85770.46911566635
81864.17313749396
77790.54006117299
75771.38520931151
76889.3847287619
84830.79723067001
81919.45542347236
83843.8614311594
77485.58623576912
71917.06323581503
77621.79887461399
75210.07087120613
73371.2893186956
67962.5164582505
65751.02432169269
64162.482055703964
65785.05261438941
61606.872818209165
55166.46871954732
47540.10743600192
Score: 4.855728996328308
Runtime: 568ms
336026.353494656
325551.9014896559
309985.7014672203
299727.4450235471
286954.9122336512
273790.8838959822
260604.68270020242
247953.93300189858
224052.02606145618
206175.0456892192
195048.32677189485
180631.20479620152
171340.84470945087
163769.0771587464
153108.9115210381
144387.85738328454
134261.66539171472
129081.33316306076
118919.56430137884
111877.44847538175
110820.4567185642
106772.25800064283
110941.1741644967
96881.37476685375
99668.06068326664
97012.25437782746
101235.84331299439
91620.1737827493
93056.74242467247
90575.8606838168
86909.16040777594
90873.82603141572
89893.43802949457
92707.91225993812
93636.56242520797
94502.6284668783
90253.54499681115
89577.54195870244
87627.44397145552
90220.26937690718
97161.25878405586
88964.13669623813
85799.00281635208
86934.35179527517
86355.412620398
82441.18592920815
77712.26496029327
77203.68415322114
77443.06407801382
74404.42199062913
73170.8032632118
69890.74816941016
65628.6352943032
67210.51235175035
62650.91100245544
64200.726505333965
61726.76899571208
63775.65770744237
60889.162670752456
58740.19449598536
60173.27572768102
50418.24431446448
49948.825842827726
57772.3352239075
50857.94061927211
45314.11526134676
Score: 8.303670558224542
Runtime: 628ms
336026.353494656
331657.05992161564
317399.8375986317
302175.78871018917
286470.3248286741
273861.43157661316
260278.44980238957
254571.63394597248
243461.8014517102
231123.75480575406
221782.1510213696
209941.3485779895
199181.41087790666
187800.0792261103
169400.09551196318
162232.10354674532
151660.47629748893
142503.32902739634
134908.84844534515
132618.53597852218
128538.30411474791
120313.94908616142
112080.22665429271
108187.76233960758
107887.95243304796
103449.69024591836
100581.50387632076
90560.6562899246
93487.00171025236
82888.83674109312
84718.79634415587
82090.47251515956
84191.9794588981
77559.7369942722
84279.18102159048
79202.6795111774
76759.44096394947
71785.27399408736
80300.24819390598
68058.93180296101
77093.47612463142
75849.24219017949
70670.94881591483
69205.29256684195
68755.49174162991
67348.51210920815
64090.44972306809
68083.51095520353
68062.25236984868
76256.88521663252
75841.59837040158
78296.37511298982
76569.32374569561
71725.04966767994
76481.36765622471
73254.88999097145
71749.45223802984
65495.69721120206
63325.971385891586
64687.582670672215
61438.24693394746
59932.123807737575
66219.58447394415
64614.50703414489
60045.15712795218
64272.4773160538
Score: 6.663488016050806
Runtime: 566ms
336026.353494656
321427.69369938
311601.4512141151
290855.74369270634
277978.9272390261
268352.009621629
256690.62843952893
236314.96218067204
228350.78332366212
227727.84628104174
212675.90457265973
194972.30405150176
194670.49210794253
183736.66968384976
179834.194578414
163218.31593686392
159981.1841270045
152528.77043979964
152194.08191314203
141394.0283296594
135595.66517827852
127601.18498969407
127659.78556733778
121627.01187435782
114852.33716327378
118723.3341230622
113055.43175791018
107629.63179642764
106186.805057002
118400.03338080388
112084.59951749333
113192.11977412264
104354.14943099163
99586.67902257747
104656.27325368088
97913.6684949044
98584.76710806986
102143.96315978124
97879.98066971035
95683.53151718841
84965.63586215129
90952.07053759306
87060.35944393638
84051.01518500493
78416.70886301315
72336.94639004598
71358.16211602307
71719.94042881115
61622.78611112894
59177.53389063062
60891.03878431682
54768.32485963037
48027.42611100888
52265.027018069246
48795.89576446045
48582.496766772725
41631.721354339665
42997.60194909491
41135.86669585349
40281.66781919238
39794.24700259157
42136.78178300666
42925.2246928346
38348.85736547103
34523.29173658446
41914.81287848554
Score: 7.846909714470748
Runtime: 590ms
336026.353494656
327475.4871263449
310502.4364955126
298306.81534764625
280994.1289043951
270552.7353750617
256501.96742392497
247586.75439789143
244655.4133164984
238264.18623622908
232560.52079828843
221809.42555329402
215816.85879795908
204070.58613806212
201696.13781997535
203900.50993011994
196532.50062419678
192496.5576496918
185864.13670751752
182148.37540354705
177848.08920618726
169611.14337931667
156977.23429184963
151099.87980597583
146740.4374162796
137001.15665557297
133960.593143175
122541.96896592017
121022.12357316841
112337.66334200285
104345.09743264026
99283.39466392966
92879.68480464272
84501.71774155539
80531.71468003311
73197.92946056894
74211.18346397621
71228.69175236124
69587.94885250085
64295.38076792242
61430.06450780606
58619.12069497793
52393.72325107946
53703.516811900416
46053.96529892632
51853.718176585164
56516.74214492927
54203.578964371154
50513.596273094256
53091.71875820819
46320.01001148915
48221.63902498271
49739.715905445075
44420.38541805555
37253.23836498016
38465.05713137065
36002.8569193032
41784.241059747306
33720.56395636444
31060.112782098742
31405.855253725353
28514.912920509116
32255.589854464757
29995.61877979766
34256.02256696896
33013.36883395747
Score: 5.2793926705770575
Runtime: 637ms
336026.353494656
325423.59290129395
313182.2476716856
303331.684075626
287709.6265949422
272840.14937940676
260387.16242522813
254095.15012707107
243726.36646424286
238667.21655032688
228082.68024768948
217268.96771863723
206268.23793673035
200735.3473496608
196970.50532081324
191680.14697448903
182599.18185153743
174907.643928809
168448.71737556555
161267.94019692647
153865.3435329136
148469.43520552161
146675.1811886254
133137.66204837672
132347.03892988685
121741.91564918715
116281.51315576574
112615.59692337738
112046.70536784607
107854.1942705417
101481.91306520457
97552.36506715296
101268.4359017145
99422.03217021502
93921.56905991359
89652.19576159073
84591.68924158916
86289.7047979093
80554.856348617
81749.35007545883
76145.98056983238
71629.02308338878
68957.06606603712
64216.11207470945
68332.85581022676
66767.31535587709
56493.50468070311
55437.34683000937
47048.92626812186
49103.12517065184
49345.94175436046
52099.19980004003
44295.34342580917
38850.585018005666
40730.70185917251
39934.383526035395
40939.63641866355
37097.47157423636
35252.86774172916
35820.62039743617
27707.589636259316
25303.792196139093
26682.08555675537
33813.989535358436
32135.00107479295
29052.002155719627
Score: 5.612406744311977
Runtime: 572ms
336026.353494656
325670.11014583684
317607.26945514913
308715.4278851094
297818.92485623586
286503.43464532547
279351.736277919
265407.46399114304
257746.1206629981
245337.28845039688
238167.22409415062
224416.78644013408
216517.6283461347
207669.745608367
204007.56848071868
188924.7812776208
186184.2582730919
177949.2186342653
164284.3553412011
158292.65374341642
153208.12992368883
149730.81159367817
141993.41988829462
141109.9005647443
148589.8896589146
146551.49638508912
138747.03636237208
130100.19230875644
124490.59150996001
124916.04352517234
121699.29485769186
118262.32515001472
109727.957890906
102775.5217757289
101390.59994559125
94195.07855313546
81296.45527676288
79002.87536765178
75648.91237602595
80015.64645821837
77547.01490172834
74845.18014410094
79746.31056822858
70123.60856212849
68732.6797249508
79587.08659357917
79225.70498763803
73574.72321956945
82992.93310643043
78852.77099717736
73501.46944399817
66824.26797714113
67385.52310219702
71549.23046935415
61906.50073260879
66826.59754288528
59734.50168633342
51804.128348858634
55783.334279755654
57639.426892989475
48616.79873861744
50865.62962089091
51833.91492392017
48903.80074595149
50495.08498207411
49460.53276996692
Score: 6.6449038567402985
Runtime: 558ms
336026.353494656
328445.9545826568
314067.00007464585
294476.0540309624
285508.59172593436
275015.6798168081
260022.4347084635
247955.05443470945
238379.3986918561
219318.63702153228
213886.78304965276
204565.75895377676
194241.6724700479
193084.91767144785
186750.35406823692
180148.11281888225
177283.71143105684
173604.48348684725
171843.40480316116
163640.17332554335
155397.47466365437
154837.30583589405
146147.4373402041
141746.94622229395
129118.71861351143
121623.85021201259
114293.4357348325
109273.124955975
108719.89324704412
101268.66562344566
90956.2493486183
90488.52202832083
82948.73752574726
80204.50372387479
76800.97453433236
74594.83180619213
72152.06420801218
72613.2017210747
63484.48602680503
71596.01625878473
67714.55940843812
67783.54238054519
68787.59788275698
70598.56769828209
72900.37534794434
74916.30778658882
69445.5507887665
74337.48795974701
78329.6125449652
77327.58705285781
72612.572923601
70297.40972322562
74211.33152393701
75104.04295596128
71425.38956215863
68919.78063321726
61174.85878701609
60619.98415907781
58548.39037425209
52395.24894588224
53415.745469042355
50237.28981747778
44496.726528095525
42162.92795467826
46158.74858623573
39394.385309761616
Score: 7.743300837570653
Runtime: 587ms
336026.353494656
328777.6354994243
308983.59282113943
300711.3838296265
286196.44620259583
276338.20321122266
260668.69576110842
251861.64682406353
249286.25321965825
240617.55726473886
233340.45103172373
220754.4102845536
211997.25341740868
206822.3835675344
194525.07516206888
185126.9626182291
181513.26814814092
177681.8002118989
166329.41957849084
166395.15250250202
160862.9605072229
144278.64071879614
145281.64054343203
152072.51552048544
142992.45817089174
135601.31948121762
134481.5752927322
128045.63335981443
128761.25924984245
122973.38806788517
120409.3134873376
117434.80100793349
114698.15765184312
116245.80792646967
117139.77568153587
113702.47007683164
114945.1056663028
115527.76682784551
105109.66902319924
108392.66833435581
102274.04983723428
98832.44689991954
90213.76204174434
83950.87830934688
82757.77177577325
76712.67998362788
79258.39192238844
74813.484183672
73020.51693165141
72576.89083520268
71044.93958053352
68935.111596386
65400.65462142307
59792.99365256637
59382.1702589118
63513.11910909311
59539.00694357095
52530.324771255015
54790.29567783335
50197.538383281055
53124.20298851918
42709.661963520964
45560.692706513655
48663.6401067501
45006.77769468482
42152.413337335405
Score: 6.929359197029409
Runtime: 596ms
336026.353494656
324432.316220071
313529.4640056149
300387.880883163
280263.07167404855
266623.9237536733
252253.8762081629
241335.48330500428
233836.88454983762
218078.81421649831
217118.03765996028
213476.46609929184
208319.85618282013
195313.78164844404
179202.36999068945
174399.7907377581
168448.15069063485
161613.0483755871
154874.10006469552
151173.58492010055
143836.2254374132
136240.38201514096
133099.7911523231
123944.99917874175
121218.70070425957
118081.27508824634
106629.9607452201
102294.85090585206
105600.21913194678
102115.89677638609
90997.12934694705
92049.921200419
89660.65626522838
85038.38301149313
90218.80710904663
91426.57784064759
86551.29396432039
82118.67933136449
81071.57334737378
80784.71726028199
82885.81975132241
85546.6846808617
72860.50568573343
75415.63703499235
69582.65406369799
75483.52754280505
71406.05741197386
73700.171667766
71461.53139755917
61893.679000312026
56995.083942544894
59366.378599906806
53718.25988957374
50862.58683891322
53392.680456178074
48514.62152712021
51111.943189787526
54089.59168438676
45440.78038976531
46001.23483240379
41779.207411214025
43199.348562971354
43235.744669986816
50069.68505482038
43804.51623033545
50719.16898978966
Score: 4.818491646835851
Runtime: 622ms
336026.353494656
326680.16903222475
313584.2412842174
304342.9868934495
292558.0045066867
272108.51036534336
262906.9213941163
261307.57088883864
259232.3025701995
246658.27988967384
235809.66225466368
226808.0172824514
222111.14385200263
206335.17067361635
190042.98534828442
173061.4649926748
172755.52803095535
162219.7137092362
151403.4209457519
141210.0980270975
129969.57901571508
123440.30792135034
118907.27895712295
117181.55523031019
112611.0623582061
99785.94866516854
98277.17326368032
93847.33089074492
89385.85909000105
89041.36353169798
86091.78493528413
87632.05898903756
90842.75466939976
91136.80627901282
86563.75583341409
88691.6938325651
80274.31729611366
79404.979323458
70940.2540940803
71059.06534592174
67739.2119490446
69383.99804115632
68203.3612805765
65682.9291639045
67793.10606007493
67989.22616343337
68981.1346541274
67835.5157034468
65586.78682330287
67527.97165911134
71695.38148059993
66575.10228119457
62535.63489217991
62278.60247001277
59746.36365666352
59433.30031476799
59115.286242329006
62272.65787778209
58710.169269111444
58950.85050338266
59710.87262382263
58080.98580415424
58241.31460889023
55765.11741272517
48608.55334389135
49036.52617239136
Score: 7.364036424979337
Runtime: 608ms
336026.353494656
328149.65723480785
319846.8208650706
302801.00825092633
293030.4124494454
286882.10793737724
274563.77905414574
269303.9101910813
253267.4916338128
233122.3868951934
217348.9075298795
200185.46055176557
186124.94086152597
175236.08850273283
164078.57546579174
157394.42804801057
143130.2555051736
138785.4885232925
126729.20710076565
117067.76907441851
109725.85482451788
100654.02215758305
98997.61677318483
98402.23060509367
90954.53049015066
92466.52509980962
84139.55821443518
84864.91615936001
88938.49083212868
86583.732593019
90308.15776974306
88437.57288521975
74802.82582915724
72790.64086628193
67554.64712926197
70296.04010514892
70749.50788232787
65177.829168996046
65796.10599558441
60451.30943576644
57469.814052883354
64272.380266761495
70281.63062182585
63280.146732046574
64768.83542496645
65904.60159326854
63450.36470206046
56606.48425679188
57866.238436221785
57125.82518903928
56374.098764889306
49858.79661289242
52613.891014120825
50033.520728878306
53426.66387113414
51204.779745630796
55986.42604021598
61450.11747064584
54855.769467790815
62071.35317282469
58019.49954644248
55117.36710161884
51982.61543325212
56947.56117620585
52096.83638371953
57767.017219802794
Score: 5.480342477969272
Runtime: 570ms
336026.353494656
325007.9781570663
311242.98592364
297647.5534737417
283170.2279643142
267764.8751008081
252996.5654611066
243199.39216849758
236914.2891919684
226962.87707878347
216431.4816446694
203870.65128026478
194859.41977392408
189478.2710476573
184192.03742155843
174956.06397443055
165015.5669587335
154250.75801466074
154114.3660776611
144047.81437963148
143782.264892021
140131.09813958776
137908.8380969846
138462.605224745
131661.5624291187
130721.62970062469
129776.6319845381
119528.1625180466
120823.03640190788
115935.2797989548
111680.03811755725
108472.18464436701
112686.918976189
104852.18101820703
108332.76127296437
108874.09792139941
111774.40750372912
109489.89083146461
99577.2472124107
101783.91365999814
105177.43500128773
98511.59442620883
94709.08846747261
90338.15146794684
83365.35485354466
81552.51030475975
75341.84041810126
71004.44900059474
69653.62336022225
65518.62698071609
66159.50630262394
66058.26908670689
68689.06416214134
68809.32067679305
67214.1669636751
68227.51838160465
71447.34446847237
68668.51204910951
62159.912542970334
58308.33110722897
62811.67773923859
59505.023591047444
53090.95885893798
57265.84523723754
57447.4380351712
51568.64791871689
Score: 7.554903462859338
Runtime: 580ms
