336026.353494656
305964.1213260873
288342.07493873115
253951.31782163703
250475.65061702149
235379.09341758714
216431.45595407876
196021.6772546505
172208.95034469076
148513.00078679982
128191.68468272558
121505.55526005874
105283.07269103969
89595.36063752354
79753.39858563332
71763.08969742096
63767.755668711194
56314.72069011045
45541.80286525816
37290.40003474808
27872.124701465684
22642.209842663597
18637.219719070355
16899.50886519725
14699.050273912055
14012.984551836416
13329.999860475204
13237.648515301782
13437.449251313075
13613.0822423627
12835.27283339388
12818.740071749815
12774.169422359651
12244.670829305489
11846.856470278048
12029.176226640908
11355.468980272975
10751.322602678165
10163.304905181121
10338.279750256004
10033.53613901039
10233.746333397925
10555.881702056051
10272.245941212512
9816.59646568857
9675.486880815311
9988.95310299983
9660.315200496585
10026.626780851306
10000.347429173631
9804.42488306403
9797.506771427054
9528.655965168264
9715.433172595118
9355.057316044597
9628.333967041144
9719.886904644745
10141.628099037935
9919.638286259522
10226.918903352513
10197.11225208732
10099.490285945363
9971.195639900237
10141.301115273469
9964.803478240157
9737.0540582776
Score: 2.965288195102696
Runtime: 222ms
336026.353494656
306621.3550865455
272121.561354342
249154.43045704855
216215.77643554148
195737.11239465026
170861.13255890837
163248.2688959055
140716.7738898847
120844.14997875749
104523.15366143348
87680.62708891764
73782.79461530545
62710.32323219803
58544.746768619865
56059.83723229272
49668.000729210435
46371.583112364395
43714.82006220946
38626.66169805979
32876.51177993463
28193.04324028172
23504.690250092954
20487.665234076463
18847.823717343257
16142.606205452272
14551.481140921112
14291.556909013127
13282.536582561628
12986.039006691912
12761.904019139494
12506.30004283088
11776.143090761987
11394.792737917225
11149.373547882395
10495.934889317108
10172.899981331058
9933.316665891687
9887.740179349976
9618.627013657764
9321.026074197074
9586.890191248376
9602.058298563034
9895.287275600549
9853.536534155783
10253.315392421806
10281.061801879576
10622.07189107679
10463.604135349326
10388.570748370143
9801.703726217731
9042.259391052703
9006.50494068515
8911.01401609063
8746.145803727557
9049.975640785315
9100.240452584781
9093.798553469323
8990.857075275157
9023.900345054182
9436.321165295578
9972.340946441946
9966.03236613891
10014.438352874142
10235.261375940758
10580.401163444156
Score: 5.773116809034137
Runtime: 220ms
336026.353494656
325817.45965745946
300139.19190096756
270458.50533098314
237947.11237444732
206226.2126572088
188072.06399642283
155751.19097293116
131975.98555835107
117816.94941462151
102773.94154774726
90950.39480457253
85296.68371139774
78421.6270718149
71829.72104666183
66862.1243191016
57429.985662997184
45630.429054424545
38935.562925949685
34133.01226878859
29870.80755420733
28460.733130756988
27729.948544467825
26119.083638119308
23663.034643073304
21384.041216267207
18804.171430043247
17197.66357075931
16915.06804324111
15487.062778189056
14316.656540481868
13760.250088201074
13082.143148515921
13067.64518786806
13017.538486335627
11945.19979175539
10617.036151167364
10569.431157006768
10518.039700190608
10252.332945083075
10163.618781982685
10022.545071947203
9988.142450599255
9886.746315978771
9727.99755148902
9495.64773811851
9737.998417063327
9906.73278320959
9811.212130233513
10470.033302499922
10460.478825362292
10710.989563009965
10138.694130950293
10052.111758664376
9798.795981572115
9874.033910750066
9330.636931771298
8861.471302761134
9344.216158476462
9643.348868371204
9654.364760368611
9623.772660083565
9742.877037371702
9791.349542827807
10326.389004356886
9954.464401807245
Score: 3.7397753501617177
Runtime: 254ms
336026.353494656
323214.0522419891
292966.16531519295
267470.48657270765
239609.13340853574
227910.25051045287
208671.49503005273
185780.42425004608
174049.52038140577
159124.28359802134
133153.1951209493
121442.11479420336
108806.63431326459
100479.55142401888
84409.366949014
78920.00757211371
69493.25902914291
58578.28890466468
50136.657020367216
44046.910330206876
38649.62292642044
33039.076406441585
32152.158909012516
29542.19721890499
28905.098159566416
26540.542637898932
22762.82494660503
21360.682284781316
19654.41800216359
19149.637796543477
17705.22413877719
16864.299796603165
16250.325818605626
15487.97344091659
15419.680734649932
15398.640965455965
13561.869030644677
13323.525107019585
13431.663294102398
13278.214170809277
12191.644027592212
11819.367351941371
12225.884715740202
12217.822636135987
12057.417421493257
11780.446075160296
11871.029566557196
12034.580703792646
12391.581528217112
12033.885567384039
11543.19849144672
11348.109962850562
10817.798434096598
11091.434388092684
10934.592706039288
10514.709814962607
10206.095182829209
10475.4896651512
9514.424620415286
9698.466281918882
9458.255489021289
9866.701150830591
9772.143213650685
9364.230160874793
9320.236970888853
9265.120058043538
Score: 8.46529248402332
Runtime: 235ms
336026.353494656
311014.0605212585
284823.27814800845
253221.49516148766
236448.4323013828
220493.45388544697
203817.67166778594
184167.9766885838
159415.02687443345
138488.7774824212
124495.44647502108
110191.28871193866
103279.36220675443
91669.77315741207
80735.4937007767
69295.40688046033
60486.88234462505
50533.14625164682
41833.045485213544
35038.18253806041
29419.92735597633
27099.735622240678
23236.50950112978
22967.81503840945
21798.88022103031
20923.578104164648
20091.4921871283
20028.06739792017
19302.29468612584
18841.39857159896
17778.487951078554
16863.94454783718
16403.41669951395
15579.543886027617
15701.71913510449
15324.271325791324
14384.751875655853
14144.043264739765
13932.4017734116
13764.362091053483
13331.150523323384
13195.402597176455
12332.009432749248
12585.37247446354
12673.719154783415
12469.506290421334
12027.97070158033
11891.629539298716
12439.06308054612
11619.300197232682
10977.589549530121
11210.35413483795
11786.924689532363
11317.1262455978
11813.837968443357
11552.381075091555
11643.04916695397
12329.55443810788
11662.00700176329
11383.14357439975
11235.861046619424
10942.43008048897
10395.688095242522
10524.324689441557
10551.513360341667
10655.832689921266
Score: 3.7121085788026265
Runtime: 229ms
336026.353494656
321570.04944987816
290789.8630174738
276534.3425737052
258366.57278073794
227962.77168727393
200436.5810176208
172678.77061176414
147991.03017112473
130322.11834859742
118690.42459969192
111354.15255199731
101870.83959819343
92417.82109345522
85819.72644478153
75395.05740510175
70041.50887002397
66372.32416752788
58228.54262833649
51861.69618982371
47375.15485080855
43679.91523534598
39333.98976339111
34049.9052375882
27696.302668278615
23057.957088547297
21561.025329880056
20835.99205206168
20557.45478059169
20081.681973399856
19153.207095422975
18538.224130407576
17264.82809763673
16792.473723582254
17468.069033032963
15317.271131966192
15945.279833775174
15767.8068687641
11610.372384143377
11160.659645832015
10861.275438925957
11261.716725478036
10526.204245148592
9900.546154464018
10011.121737364578
10804.105871371912
11019.020960322305
11121.69751425283
10604.507471648223
10286.199607403554
10185.047498558026
9892.632053477304
10074.474414133885
9937.528452171171
10125.646364485532
10476.67291029192
10766.161392465849
10704.300477560202
10399.183366133375
9815.075114629028
9936.708621407903
9644.164156475277
9590.66373415979
9288.264500706886
9096.678410026803
8928.780016189436
Score: 5.219605705288155
Runtime: 226ms
336026.353494656
322428.5317858706
302567.2709754276
287218.0937990303
281848.7373766818
260879.94099059716
236248.15555281582
206654.75940940954
177147.2353873582
155185.25049971545
139174.618285326
123113.26162686074
105153.00197311077
96462.68534653075
86255.35612128262
76091.28181449404
65831.13702194176
61958.930543779396
54156.22283038718
57987.52810307269
60795.310754904356
55935.54380901368
53793.25616498167
49845.68979592793
44642.80678100502
36225.69495428182
33098.831765809635
30635.825552674323
25647.308238955782
22393.549276116268
20816.977862471493
18001.927720341228
16291.625237447479
14330.524931851625
13965.893126506717
12891.048346165087
12328.7945300428
11696.398679405082
11438.676707759947
11443.100141559971
11143.885939635813
10614.74193743509
11349.87002494899
11122.692990180172
10950.69541201864
10920.16191958225
11360.961737516898
11861.772994640647
11294.631925335343
10826.231828753454
10669.404090533373
10522.375723745525
10249.313107742959
9899.219622342947
10044.463930465432
10408.734522836903
10565.79895923988
10670.514949452714
10886.994730613238
10174.052356558783
10066.524403105966
10186.22407688901
10066.45514836098
10179.24052296256
10141.986745971559
10119.430378488645
Score: 8.881650897532639
Runtime: 267ms
336026.353494656
318228.44999055116
290615.77949641703
263187.5117967272
237615.69211935936
220327.0613975367
206955.16434400892
187744.87589649987
169472.0900666451
155727.81133651902
129446.17217775629
111286.43741510774
93005.1303718502
78324.6447099505
73723.40024995049
64836.67219942125
50772.881290787795
43572.16685942513
36943.44385321579
32254.79017949473
29419.93369781954
24235.819631713024
21900.002819957743
21240.139372387755
21215.076102808165
20448.297607521028
18433.24754496282
18745.777308917382
17435.867382370692
17077.306390090955
16578.891264720707
15499.149960543322
14596.918053496393
14569.58082033733
13829.62292147656
12682.44826620005
12077.364814970966
11113.41388060003
10726.1526430111
10415.739988217
10880.013213044289
10861.393266591911
10590.125289828557
10469.155634296372
10348.889583482069
10153.479567968505
10194.80197224386
10656.454480988623
10878.979191180415
10644.32071644562
10465.968679417116
9858.733460345522
9919.124076301077
10028.964992716285
9298.451339087927
9454.534491389562
9617.311624767857
9594.655700937526
9902.526624379425
10099.668516717698
10410.046500834645
10585.758072601078
10348.909582938464
10583.378131605496
10575.064219154741
10433.737314031232
Score: 1.2308499963196686
Runtime: 224ms
336026.353494656
324645.5949342564
279654.3324561041
259668.27544901954
241803.60478149407
200858.51769182508
166422.51526013718
141872.70926771857
114570.98222027501
101806.07537942518
82675.93618846204
73603.49427286704
64815.01037155074
55599.72677923284
47721.90049452618
43414.756270820355
40195.074184995705
35373.08254690091
34376.18956468505
32052.119154840333
30417.124843224923
28869.165051060467
28485.14959235339
27867.416622005276
26241.199019908694
26438.44701412438
26806.1942963585
25832.250329234765
24804.88758412012
23047.340484980403
22686.330110599967
21115.727744175165
19907.62119399923
18221.90746976632
17238.72629914518
15695.133033576907
14813.640101464527
14428.64379872732
14034.765054677559
13099.159936144062
12718.706029934918
12400.41474482121
12813.221712391522
12770.779597231105
13203.572962666905
13033.16008590985
12653.868871721921
13073.952264971245
13444.03748046826
13255.607657071589
12977.448513036625
12900.096789079413
11812.763989245277
11237.559742902338
11184.343893074505
11655.06296971233
11943.89264885367
12215.850161547058
10943.162825362706
10393.508909353312
10178.036548503182
10295.130197413278
9817.923284010554
10127.53746289365
10219.243436484327
10335.9191221557
Score: 8.811136519012416
Runtime: 227ms
336026.353494656
302764.8686675875
280606.38149810716
249381.1459550387
226476.18566862415
185998.223662328
143320.4153812088
107880.74699282949
86691.334665387
70301.72190184517
59400.02716667523
59918.733917650716
58173.2960287022
55453.25974760026
53124.126381856084
51711.62460240129
48627.964095522046
43094.52966285992
38185.56435420369
30198.76427324989
23870.482904988265
22993.696129331434
19524.544160756042
19185.742752573806
18239.803132122033
16391.498830054574
16578.18147949766
16208.315793843514
16071.80404754194
15206.223618695096
13857.4122382594
13422.393931427401
12694.940740470993
11758.733871405753
11593.815857477071
12051.103142496966
12217.120766007223
11359.044394785444
10846.477373612033
10585.666550164999
10367.005294417444
10339.520564022245
10988.734575172442
10799.528010093862
10845.290727659203
10672.453017056672
10519.808821826997
10494.547028378536
10227.320035342584
9899.309041130035
9883.81704180433
10039.228364317796
10153.044016266884
10080.739065901864
9726.777349161192
9377.848584031119
9757.659903619311
9605.614192646559
9695.564580394635
9490.634135760263
9919.567560837142
9857.311894452634
10078.022816896442
10029.55552677737
9769.626186670343
9617.925851237553
Score: 2.5403141905850983
Runtime: 283ms
336026.353494656
314688.3999677201
277868.70419480046
261757.32492348625
240813.04466489048
226089.1508519023
211257.07319378466
175245.2104186671
150230.08092412353
133313.21680826723
126027.15078964559
111335.48248118465
95906.38796551009
92503.62220948028
82968.9396152341
79387.3592461119
73087.48847005989
70591.66112232974
69110.81197380903
60066.43084320417
57894.53613130469
50580.610380879356
41751.48110035176
35280.43197386354
31177.55845470823
25159.262224070837
21099.052788647343
18749.168822409334
17268.018573200723
14531.001635727971
13832.363448255905
13491.551245247805
13353.980604676388
13525.79394274772
12489.337313254386
12199.494998793329
11293.307817682871
10114.727755168004
10072.466190342842
9334.5798666356
9223.084151304754
9076.085850155765
8623.051672157842
8622.691255540949
8566.236092656869
9294.889497905948
9428.099107672318
9404.59171652988
10147.255838911913
9843.322741926491
9819.562190837058
9690.609413433524
9685.004025944612
9306.950034762367
9255.075283268392
8928.023472603476
8756.761279848784
8775.892193357513
8891.452067950826
8723.637039205565
8801.12437331119
9031.74681717057
9323.779575409095
9272.114958763617
9351.91637612667
9296.834124305522
Score: 6.170743509008895
Runtime: 281ms
336026.353494656
319137.4645868655
283549.6812989227
267126.85200817714
235509.16458209415
224799.02623071053
212289.52734775626
197688.946855402
172321.35077695985
158105.1350640928
143275.33374523045
126501.79194652919
113474.25299275483
104220.8377872966
95811.72603808627
87119.83131890051
85857.0118220446
82432.04421539034
73575.49460228681
70727.116108802
63805.722456414325
59816.458421274285
55263.590927957266
50334.70095124001
44093.605102647125
39611.83378927008
35729.5137884401
32714.98544964906
31067.004958909103
28645.694032036914
26907.521582049067
25638.699877693623
22872.603397720337
22042.654201520567
18658.045259491035
16693.21083258801
15761.39405140351
14862.856330374181
14902.745244669279
14400.281330558179
13711.240597837457
13854.250172779326
13099.813100029593
12771.617779104603
12580.059540703469
11945.939753884973
11486.511931865349
10528.918044876209
10863.240624847089
10684.462539971755
10210.316523504349
9618.140677207193
9002.43523282334
9095.472986612389
8641.915252810924
8762.800352428543
8906.69167616342
9399.136368815753
10129.782144560355
9992.32399561447
9491.579838289961
9755.232605862815
10301.242077828452
10299.566655191606
9925.678209984584
10008.828598563961
Score: 7.671743615343376
Runtime: 260ms
336026.353494656
323471.2037917612
285549.407920517
245908.4037438943
226324.36412811998
200742.09767678397
185153.14188857307
160860.89240536751
140255.43900843096
129736.88324251866
115866.80761515295
102078.85632989656
76700.43577334804
57949.301038194266
45129.63709157219
39506.88119597712
33163.37785671365
23919.8646605897
24410.62451487161
22634.804855786748
21063.26556897483
19142.49836718987
17737.326012575588
16742.248025985435
14484.943339977333
13462.683093445223
12515.94801747488
12680.752214715672
13300.836345823833
13550.907320436012
13127.342058888325
12786.064515088303
12189.528834750263
12228.36712053328
11348.396922884973
11354.256282291188
11672.477429038247
11610.964026012733
12062.382511447291
12649.574828280181
12208.465992665586
12065.04852717501
12813.114125678263
12512.65270336719
11486.049565777155
11307.538067209942
10479.883973083253
10445.971008908284
10882.229949310844
10518.469689017707
10649.312859661692
10177.82553565507
9694.775465310222
10254.805960874644
10202.637781391577
10669.979828544389
11259.104712696291
10925.058881087483
11147.951827664694
11267.27417047686
11580.61990157868
11907.650170915238
11478.132685998411
11144.64957530834
11071.058782218619
10374.298227889136
Score: 5.342535041316157
Runtime: 261ms
336026.353494656
310103.74983577954
287306.95624339127
255638.50032693247
214840.05172826265
174271.3970580421
155362.15280054856
137785.4545273227
114079.38925830756
101066.14379224433
87294.81167195867
77233.65202848107
66429.42857930595
65826.9832053306
56607.38219686545
50801.425949435405
47418.50096012617
43337.708300323546
39502.58356292909
37453.80316976818
35291.16864316865
31844.65225807693
27467.607904679655
25924.663800414546
23487.880041849698
20908.49054800614
21269.3959896269
20812.605100135785
19408.165981026228
16969.632674173794
16195.366322007583
15220.156015444067
13924.246033819438
13113.530955255668
12194.259153469944
12364.51342506922
12452.228781464206
12057.634400476814
12802.944147968785
12528.882566167607
11910.534599617024
11439.172184235254
11521.926601614063
10973.674798996448
10597.423901922799
10460.252399166584
10527.850364715916
10262.608268616446
10163.443845932552
9598.815496314053
9810.762984114699
9684.650180016673
9694.001898202516
9605.119622359141
9539.129407820472
9546.378824264397
9537.739443010954
9796.588370156167
10257.5937234092
10058.70352532973
10267.684994400519
10709.566418913784
10686.575972825478
10729.520133333921
10846.682594306556
10745.71273016077
Score: 5.358050012223044
Runtime: 222ms
336026.353494656
321757.4368130089
275870.98858880345
232658.31886251495
216899.38393948798
201353.21240239346
176523.1796762423
156770.80061203288
139947.99452305312
128335.30733859795
110910.17045320752
93106.72355014317
77867.11681375663
69794.89011932642
59026.7140145501
55594.91043931096
49058.947178032155
43318.14073960039
39712.41558216235
34431.7759824003
33061.56035498715
31387.402591907063
29812.514338519915
27128.220813711654
24322.23435651279
22093.728056472955
20071.60216370083
19104.216168221137
17640.73905863551
16319.6630330831
15361.20337501244
13531.9824525853
12907.627237807596
11898.57246749201
12079.173808752004
11596.562647894143
11641.105536535064
11559.19335652291
10855.008782180443
11135.408828557967
10981.84366568508
11207.19220605089
11371.521000862713
11513.682161881032
11571.598996336368
11591.218155539278
11682.170059564467
11534.865398912225
11705.56121839604
11929.091950056369
12150.472148134897
12426.67043014983
11599.933456689174
11558.665998005894
11128.565753397632
11106.897048121147
10935.822724615764
10541.88114946885
10271.43865585287
9893.56899786591
9477.396471309006
9752.222984440503
9458.529927375957
10067.337836234477
9744.303946575234
10216.56184459478
Score: 1.3907459586014947
Runtime: 236ms
336026.353494656
314857.3205417999
289465.51578100806
266445.08405581536
247866.96413984583
218269.54294838733
196592.64282827688
174448.91722216885
148817.0897013918
133788.90374667506
121832.2288095781
111814.28428789886
102485.29578282232
97511.46263170894
85844.81420665058
72765.44337556617
59670.0388099784
51539.75460610527
41088.26277906448
38179.51847387559
35856.96218703989
34154.35624316003
33679.95405196479
31694.58352881775
30090.935821489362
28396.502442318862
27240.54257738018
24572.086491573886
23258.509911950085
22070.296951124146
21747.11156688602
21671.729521624427
21570.070812385104
21023.78275260304
20310.97790721742
20139.9339701528
19501.397071208492
18081.952392617
17842.44076895029
17539.894999013715
16234.926236325628
14637.975376106997
15088.640723381373
14353.253990214074
13834.766846994817
13304.575402475555
14064.39781873794
14266.594750486747
14265.321539848137
14254.620180964566
13318.4674589809
12635.543173700042
12533.905600412469
12188.466089557172
12300.656495498377
11980.021245804619
12077.414425787909
11878.048896294033
11388.921404243347
11689.909001876997
11534.42273583827
11172.490791612006
11349.886504224376
11636.276269621601
12251.71988442524
12210.264345926313
Score: 7.450401673065885
Runtime: 261ms
336026.353494656
325405.72590979846
290947.1897877447
276088.62882561225
244169.76329299322
229799.91943986202
214053.59145510924
197079.68003473594
170589.14423146003
152357.83945802134
138595.97289765417
128751.91057791405
120154.5077757113
107578.53661198195
99966.38834895397
92791.33497057178
89889.19544335821
85974.15031992421
80724.62490664127
71382.31615514656
62517.43138389106
55846.9694209249
48786.635051237725
40116.61090374406
35640.680349204
30109.700528667952
28698.36280545317
23208.577241898704
20940.42581141862
18342.076851744336
17412.48708853707
16796.3498782366
15778.879306916986
16036.898668491403
15636.90896126983
14314.444231819009
13284.110836308753
13268.702488266468
13737.925823940039
14146.671378031708
13351.358773865679
12819.216875096592
12605.891824025794
11941.23841685718
11637.184518233309
11440.857830408697
11266.058911291982
11435.185367636492
11088.1838757933
11012.76719661322
11570.831419556896
11342.802218932196
11504.804866935827
11611.88433537834
11815.6846066072
11812.666179777929
11377.101338828754
11338.842177106691
11155.417531147988
10617.051738215503
10480.732096742558
10063.050700599413
10775.114769330003
10763.851561067346
10392.048987331511
10564.998354411662
Score: 2.4955594715413776
Runtime: 292ms
336026.353494656
314994.6693669688
296419.57015985844
264084.5891896814
243339.9189599965
212258.74135401475
185141.296798897
165407.3892180374
148086.6646387896
124673.7696995383
111143.55046806917
90720.51101602871
77456.26602208847
64411.76249749336
53799.46196593782
44016.60701491641
39250.75935059172
33430.93083452249
29314.19303063018
24813.344728544176
23405.74647293647
21659.016623149826
19927.026990158633
18602.124416889736
18543.24578859169
17593.734881625503
16295.790763768397
16561.43893155317
16297.147726238465
16206.117688415068
15942.196446807071
15664.977762027043
15926.613987179087
15591.945515711092
15783.975385298596
14293.827625997481
13915.451041955499
13394.696899091012
13020.27735786192
12999.73967299525
13174.407140346306
12612.651939738837
12557.295586078311
12205.478017134707
11521.188231099757
10873.964771392833
10841.325532811303
11203.61863381649
10598.810124319727
10854.767223486044
11384.780864455104
11073.854686459152
11168.82167995239
11291.387244949836
11126.825481791222
10650.15320231028
10236.577839669546
10319.577539900129
10408.114844707492
10324.94676369525
9850.62242812841
9980.773748647656
9968.382544121456
9727.088158292792
10162.402528331348
10107.531307098216
Score: 3.9901386303361135
Runtime: 285ms
336026.353494656
311781.85761418194
284853.1022514769
255978.7496547185
210861.90431518306
173682.59602574713
159560.70653391874
135226.9549051326
118405.40465670405
99597.4457223187
86286.26509458806
75810.2787315892
66969.64530654717
57693.52715922525
49422.800357393025
46444.835250776814
42784.30667851843
31271.327717960652
24863.243047140342
19954.517961508453
19255.30220007195
17132.797088926116
13418.168881307965
12979.291793850774
13091.24708790715
12913.352702043936
12065.049427323096
11872.875501137363
11512.71328546269
11084.355834463291
11006.201154220316
10504.618477538095
10857.588501264156
10709.24507462574
10324.131466855948
10198.603418460722
10719.219432450307
10626.373573468727
10709.829245905288
11091.024148875433
10996.76454675963
10781.65426172217
10525.030820109603
10248.421436818779
10198.061449482078
10357.021031892868
10043.576172837851
10130.111106936602
9781.273737967116
9334.983741999025
9213.307017079034
9346.560291990947
9076.651230828069
8511.521910601614
8737.45936657963
8909.317324334084
9010.28602543823
9043.207676442105
9146.53183618377
9211.274592395484
8899.990810928663
9271.700976670478
8976.133330921954
9092.051659773158
9048.088649608464
9189.31497073485
Score: 6.729674210916724
Runtime: 257ms
336026.353494656
319099.6343807779
285014.2159833042
269417.7366012212
257370.22596143675
233786.73659627998
217089.636853594
197970.7962994494
182607.632229045
165865.29179877305
156344.41885428145
136509.7017757265
115415.37797959997
103360.17461040083
87782.04931446811
76421.53228364183
71852.64415337563
65239.980621791336
52972.9559146405
41640.54937817612
35639.47347393372
31278.807506299494
28729.90007653432
26879.84207219944
24114.09256164854
22932.965598274735
20651.620374167254
18377.203678346446
18383.77325182233
18033.70953358087
15993.781424846266
14068.730267614243
13464.49736328896
13326.141968162234
12735.690631174155
12229.049777372084
11606.267197890187
11115.710137946173
11118.078555951968
11049.634085828331
10928.976714162645
10710.938057229094
10518.152079489535
10947.636790311948
11378.64503965661
11207.6000277748
11335.495623919296
10876.239563200355
10646.316220499883
10230.633491230794
10029.42526364379
9773.89629560047
9757.045403613527
10100.10507008945
10266.78409467398
10209.42436129581
10201.08961248092
9830.942109583062
9548.163482068167
9894.32929863887
10099.586955978206
10062.44639588423
9864.539910964153
9630.90634927378
9864.979132532693
9753.158836576387
Score: 2.7542509450446855
Runtime: 270ms
336026.353494656
325704.91267192934
299186.9690131654
259382.12445662383
223183.94173655068
183975.08192386388
154728.98569378429
137911.03022770656
115899.6561880806
102287.76997332975
88774.82700654509
77271.38174908778
71032.65795689782
64626.831801393826
58349.44599435804
51622.021899329615
45825.53891145548
39235.985225169825
36351.4675709674
31755.777659064814
31776.322244288018
29250.7386812674
28523.03097221826
26827.487958700138
25135.663015471848
22648.833986197475
21562.911492968753
19216.430981504433
17793.618552081447
16785.459402024906
16536.24862728224
17064.386093318553
16098.93093177821
15199.874242914722
14439.748958296053
13654.159254697583
13146.68605530467
12915.147045346246
13117.17281766428
12803.431498027534
12915.795462234564
12345.36570961447
12501.498314679344
12266.648380833078
12221.76229015555
11632.775793563975
11519.336510799752
10932.451904904347
10654.42972762368
10990.93948424894
11209.721631513412
10881.966262990447
11052.738648676941
10414.091340835252
10104.880386469153
10319.707136663917
9843.592446204992
10033.98060265792
10050.630028557354
10076.586515323124
10012.037706469084
10087.144659979589
9690.419564867441
9398.577572885966
9815.354707640918
10004.133893336975
Score: 3.4920868079356575
Runtime: 230ms
336026.353494656
320832.2858406937
286257.80779460055
264915.668774303
231743.26281412886
198409.7276259007
181585.01541891752
155279.96276182486
143788.04767811974
122403.26021509228
104687.69903012695
96611.89822412202
82750.27551002872
71722.58602645317
61813.63869490894
50887.67254673264
43933.53881822912
38749.55478954942
35817.40114271066
34060.04978116644
32019.34081328767
27741.10404271886
24853.52844664932
22302.98531257351
19217.647043910307
16681.864953739092
13682.56219241181
12112.494614340765
11145.009343500502
11183.98212155637
10583.562454985627
10387.918788265912
10522.916262889286
10831.254431756272
11164.887230553035
11224.150521998066
11148.798670981148
11350.451006706775
10868.183304832073
10795.029047999325
10990.412507539782
10760.89745504308
10615.456060817978
10916.449367242827
10242.499449086126
10013.867757791575
9686.064624666362
9744.829294473751
9926.618861541243
9806.801357568793
9406.893623401556
9273.33398684276
9217.755605833934
9514.835603443631
9712.522405318632
9644.720473064936
9389.371583183229
9363.232293570629
9760.057406570428
9898.942503168004
9576.185915615086
9796.910268141739
9336.207508052757
9532.243222255624
9173.138130027513
8682.661212469908
Score: 8.24129721560134
Runtime: 239ms
336026.353494656
303429.0864852793
273668.2933670438
248058.9911722404
220801.0079806679
193186.47004833797
184822.4283167585
165526.9634538536
149096.21653618253
142108.64546086232
126172.03302428573
116808.74309686606
102221.66389879365
91597.73511781212
79329.22947123398
67325.96142258642
57758.25338563731
49198.76122845992
44123.21939215181
37563.30411471472
34523.71676566484
29422.78729587334
25991.888445290893
23628.97953424869
21764.297118586845
20504.44080914851
18108.366792067915
16384.204606478106
14712.242057963374
13009.752620890504
12290.870912309389
11079.487879402112
10231.252030732405
9951.06581430835
9859.263888970807
9859.083019662385
10020.85108500122
9391.913093147628
9602.43927911224
9406.70636668615
9181.032559410341
9536.47086148028
9474.475143710497
9110.508205666347
9614.634001660861
9835.811349882115
9830.284656721566
10102.401371416185
10094.902547834468
10078.01554525691
10289.226398745806
10591.09203289275
10322.304828901384
10386.909546532966
10262.837655303185
10403.761983791775
10499.438487276591
10717.990347273952
10616.614476419752
10149.07316910001
9702.08116291834
9813.88189522204
9712.90251803689
10073.002483544486
10269.032037614197
10297.560480102105
Score: 6.8090102954191964
Runtime: 236ms
336026.353494656
308530.8992438098
296400.7259721193
280351.98284123006
250657.49420701293
235303.55487212306
208110.0168606894
180663.04014890367
153639.84901152764
136209.52143920824
116701.98038388367
97448.46781754943
90160.67652753902
75850.35957058048
64146.74984451577
59013.620259507865
51093.841275324514
45587.62502965118
42435.09938355908
37680.1338235263
34712.51304784707
31331.11665335373
26840.623166442005
23460.86009419911
21979.002226036042
19711.240550979066
19171.427670057274
18588.798079397093
17703.51915496136
16037.33008977553
15016.132785701066
14013.667254604952
13093.50641513728
12296.08232031544
11740.328034335455
11673.799792118314
11588.643424054402
11767.548950813858
11346.019427495936
11659.911891248628
11769.048191029528
11619.124148186718
12279.855790239893
11226.084838723786
11031.31482185448
11431.207209998185
11669.463094642226
11280.563678666282
11024.353718857275
10777.301323993139
10850.39912024414
10794.934988039256
10762.878025590964
10787.654284336591
10993.278351728419
11135.574133939406
10649.259887954742
10740.759396980178
11000.509648349287
11204.59410769437
11054.977475007141
10920.781236855051
11020.971412670506
10752.50949665005
10669.031219544704
10199.945516845657
Score: 5.904898898813828
Runtime: 285ms
336026.353494656
300755.9504302339
274018.58954296977
254219.91531002225
246724.9673713262
226901.3934882513
201027.97215585824
178650.71580672267
158542.90370125385
142783.53784633783
125270.44130545897
119411.78274055455
109462.54722447162
97974.36941138902
82722.98399687983
75864.7866768088
64233.30934991402
56445.84382237536
49388.04386679664
42313.46841148112
38206.70770960333
34567.048138862076
33312.55381762028
27506.082231531742
24918.54485474214
22062.70530091212
19614.117463390987
19537.78033724532
18614.40999524617
18366.805314035446
18364.82981137386
18363.978905863154
19393.49748111283
20246.383660499407
21120.995702999506
20847.33917315938
21669.638897238136
21366.569966682015
19782.95127572964
18782.67896901893
18470.812489577223
17772.903223806516
17088.786551595178
17019.075998332894
16009.588408388663
15945.138638496981
15523.068428012577
15261.398824451362
14288.953482868845
13611.61456910056
13114.185841609291
13559.591439357633
12811.063096130018
12461.056157450415
12126.402790497872
11820.479751031258
12259.245487134634
12179.90723630575
11772.364449832485
11748.201009648024
11853.410219232283
11686.464421233595
11483.64883629724
11512.320914346943
10715.342581197961
10421.524181090716
Score: 5.0073228047115865
Runtime: 240ms
336026.353494656
323147.5883026804
295003.51624297013
275680.48087328905
247781.2688735093
234948.39491983084
227594.355495927
216756.659639859
191579.15814324163
169786.10655537102
158111.6299617989
136279.69465908865
115808.76969472863
98525.44424807646
79731.17219303169
72623.64207437065
66884.87599898265
56541.51323920917
45943.07537956054
42327.680722048804
37041.64785298218
35225.296332681886
28855.699282159174
25115.67963199622
23983.72846374337
22208.08177752654
20232.697367399625
19369.419195388025
18911.285903107102
18335.186051266664
16230.318773659868
14582.072821361886
13841.735962650613
13565.941319652426
12682.333772362776
12039.711080651085
12067.665992911032
12874.032978729374
13041.10988963312
12886.614109533104
12923.388411039667
12354.593342582784
11804.119995581965
11310.74750990766
11552.379981604272
10918.988371991141
11338.159198322728
11993.177406015611
12121.607659458861
12142.207745190399
11911.734123824
12162.422699840623
11637.448890341931
12128.261971783342
11889.331304271662
12417.812629317568
12258.305139280013
11806.397379191394
10832.226113125867
11038.225963285937
11238.920998491161
10614.211553935189
10398.564883172288
9876.452878730275
10060.954007306213
10409.5110761319
Score: 6.041271476495009
Runtime: 227ms
336026.353494656
308047.6625689229
286947.8877052553
270429.9233952925
257729.33350930503
251021.00840588033
219411.4949208588
200430.75038862627
183924.85083378342
151872.86990226674
139089.26589752312
124807.15638973318
113487.48778051634
98233.46165120181
90460.47751200743
73244.14776535449
60206.1529340387
57217.51585688732
51194.3331203622
41396.69587816488
34631.03538836207
27321.649852929324
23559.53686289595
19469.486183901525
18443.48536570765
16567.334101628912
14945.234816277807
13856.842402247297
13627.484383430869
12898.583647794083
12030.739919025997
11654.801190696524
11490.53013706437
11186.486665486183
10891.816334207442
10302.107825191035
10564.515664023123
10733.015063112864
11289.005797486705
12146.936555672222
11839.467891301452
12348.691625545653
11824.26292624249
11840.533981849205
12174.798894668134
12020.027297186984
11618.649115634707
11699.826414015235
11870.599216640048
11768.668149229788
11730.613986565593
11667.853933841383
11307.434936914276
11027.839321250774
11385.07162383286
11165.914494253433
11072.355383866041
11200.861022229545
10863.822410314178
10716.895099865007
11111.500667933564
11126.917511437445
10994.018823014045
11010.091610859172
11126.039409049497
10743.3423106512
Score: 8.867579265166261
Runtime: 273ms
336026.353494656
308392.56131779007
288364.6467397361
262870.76266454195
245518.08967257538
235052.84950849373
224538.51939319592
192765.82781823105
179164.01517050952
161316.99531581916
135135.9085822532
122725.8298040686
108767.68710049856
87755.95195970876
69971.0611244662
57963.88220888677
48272.43830497725
41587.513041234444
35841.91540135505
30715.117595984833
28815.709447851867
30542.42690288413
27874.0987607
26656.45484567313
24229.355063752653
21563.18634464624
21691.060784172478
20563.21522127402
19564.57360514354
18769.664363954038
16615.140121256598
16476.38259682711
16038.90066691862
16248.971134179756
16241.196483195263
15877.587021418742
16003.493737883404
16593.322829522604
16827.281790495133
16316.642944221032
15771.608188419248
14992.89006876842
14592.877673349389
14307.313389258787
14408.770916431271
14535.758535451747
14532.258498640136
14406.31407303683
14596.998495444428
12800.210429195156
12337.977422387814
12383.067618127901
11448.133631193812
11253.043160450485
11054.901257278369
10652.941425966585
10917.191991922475
10660.960185650973
10042.323878375135
9825.103257079134
9861.506924988083
9665.976617979579
9975.650897180964
9444.663069399718
9494.661931114042
9730.95755159206
Score: 3.197010615594393
Runtime: 224ms
336026.353494656
315819.6092716459
290554.68064484786
265127.49821654044
231834.87621562328
215925.45020573662
187118.24596023757
162111.37434111576
141381.49315862628
130216.44219028181
120213.84895162981
98361.37829349427
82858.78139841922
78237.33473014775
68334.94363785542
60572.308585672756
56673.69124495955
48379.26796872736
46403.787807826426
41870.8337120031
39634.53367294369
36272.6916780859
32588.53612133785
30978.586797322758
30461.822013907306
28594.278532534052
26557.676926664466
23706.99419894662
21025.215095414154
19423.258221893917
17635.765466276764
16132.860090276748
14124.522131210299
13280.15764381064
12679.64123560936
11403.120910839747
11309.003141274916
11882.039652181153
11716.561869250741
11359.805031438957
11315.661106239972
11619.924800209128
11992.497336794957
11923.729427017734
11641.079152554677
10623.001386746984
9971.507034876966
9042.942770058067
8919.246435534364
8519.227388908585
8559.147622231421
8343.894821041775
8541.673422453987
9052.644864478807
9114.6062795418
9488.311746177484
9550.535685605806
9358.976394485224
9789.00916915438
9733.59760687661
9165.232364907377
9495.620940960123
9838.704656601885
9976.234539199397
10199.22859397376
10772.690247388398
Score: 4.3825342131057266
Runtime: 277ms
336026.353494656
313892.28878446046
274481.47404759243
247459.69281237092
218524.6794250481
193910.03533260117
161674.84337588144
137665.46513763443
118321.14991129092
104967.59728812706
92729.79825027686
81075.75116244217
73472.15280119104
62734.50259610983
57202.013282738575
48117.7367678085
44730.66037523488
39501.10828665281
37832.871101921424
33967.23131735903
30867.49969819562
28561.207124278735
25206.312577357374
21821.924073375376
20583.46917985243
18992.41243351033
16746.418537742135
16060.187722704404
14945.233598231634
14901.59832826943
13848.503683337865
13774.22963303772
13772.214559859924
13390.915746306717
12602.304165505982
11543.373934511283
11789.148312857527
11772.26327287196
12239.547637204703
12680.456772877858
12850.59801333884
12652.61166303025
13032.681845033432
12465.542130799626
11919.251735219686
12004.518170585106
10941.099423473144
10807.960247403915
10706.627436612884
10883.333062393105
10681.2003882893
10358.873060091813
10086.36926149817
9718.499116316738
10010.126158890234
10215.42033520037
10173.916915686541
9908.058370077832
9860.93115006509
10245.494364135702
10423.068162468902
9951.525895889572
9801.287021338389
9724.479402076959
10044.733891863947
9702.852935315439
Score: 5.224321942887983
Runtime: 265ms
