336026.353494656
318450.6226050421
301705.8615247218
275068.93489448394
254685.0238860567
239086.17619709758
221166.8747564992
206136.36449307232
191374.83652500962
174071.19223584933
162081.10764859332
149802.1765214504
138329.8274298641
128174.3000301235
122184.41564677868
111368.6986995349
107169.92537090092
100144.85330689616
98747.99396796092
93881.17355170423
92674.18230673864
90196.0534556946
93818.8836596525
91431.83621981261
90323.46549283079
85637.99038024737
84180.9541587762
81058.06013604722
78109.6251302017
79159.22462507818
79418.6771224
75550.92157394355
71747.11977113885
70687.20733734153
71248.36104155364
71504.62127965057
68578.42709631148
67914.72805875177
68189.08315338942
66937.03620873358
65167.69777390684
65970.58176546365
65980.6719162687
65059.156858932954
66262.9534837707
64615.440852072934
64781.02148593548
65207.271425459476
65575.374353133
64718.87115577928
64591.120197191965
65608.69500633432
64088.80331658667
61682.3773611451
60975.92842378005
61286.87688929311
61743.876491491064
58631.19949070042
59254.92302189036
60365.10891288249
61104.60656542216
61566.27464661368
59691.551915198164
61234.67668779663
59598.14570495293
58695.94811568119
Score: 8.205936487328984
Runtime: 233ms
336026.353494656
321300.9856990744
303301.1898090836
281989.28974140505
265935.33753764286
241001.26577830405
232046.5911963785
221977.62546973734
210347.21441969936
195718.60399686068
181154.66259491383
173785.14307802095
163227.72981429918
155298.54154171984
150659.56951946075
141370.61737223965
137793.62448026793
124336.06096374427
119864.26381186568
112600.70278982604
106736.00061855995
102311.37197972272
100090.69449516236
96241.87462343408
91276.84568121194
87577.2787304778
82877.64238254962
81746.10617580652
77986.42424648383
77975.53011099983
78316.74227766095
77839.6432009372
75441.11448682372
71928.73690862236
70079.96380970253
69871.59006494074
66343.50297231265
65775.33731744874
65433.82319057486
65795.02125502376
63596.623833269536
62739.86160256741
63851.31441267164
63057.31151775043
62112.78221557956
63300.41739580931
61322.71287047475
61241.86986404987
61097.10821082555
62983.25199263727
60402.74940407686
60947.68567401
61057.08994925042
61323.50458220959
57809.84398428131
55379.370257528826
56369.72740234614
57089.20777646115
55614.01435254008
54980.49714373143
56407.29988165014
55645.91865221324
56287.24000094092
55270.37720768762
57694.513717410024
55653.7823464849
Score: 7.914222258814591
Runtime: 238ms
336026.353494656
321243.1298329902
304874.5444076509
274046.43110860896
252922.42519080185
233136.60401002958
212479.73557857398
195150.4773368415
184476.6187064816
168708.51162970994
159936.14562307793
151885.56082234284
140512.85803908264
128078.54096412302
120885.37652664026
112233.2438646446
106784.9364696782
103467.01322705716
100338.55927001363
95470.66348874949
92706.52974956074
91229.75998598826
90772.92197823587
89205.41045235455
82239.710252166
81932.73727489913
77763.95595136912
75721.03564640575
76775.33781146708
76434.76626265673
73478.53641513485
72942.48420213329
68030.2538018094
72793.83184480635
72032.80459474093
70943.51257467449
69568.4523161771
68778.20499985166
68917.00429449238
71585.50796763187
71181.83646079169
70718.40303454829
69496.94322056088
66766.1210574754
66996.40754618829
68115.87847534854
69467.29604275075
67918.8286880132
68679.78513660088
68311.14755624351
66085.59774041333
64293.08039010568
64251.414877712254
62334.291608032756
62990.04552596869
62810.82793293017
63766.95195761666
62403.97540926539
63003.32681636714
62439.69238932721
58928.97388786121
59300.27821800006
59458.44706178663
59080.28688144804
57758.34626334533
57620.28773407064
Score: 8.44881788587976
Runtime: 267ms
336026.353494656
322251.4127455925
299046.80757318076
268672.1543005414
251399.91512699076
232526.09186855762
218044.0421963463
200758.53304895182
187831.74854527414
167534.41691594597
159901.58562508805
147963.0448281203
131751.07038639934
125001.44521724926
119774.53030145708
110513.89330949592
102336.95961157233
95198.57547159726
91021.79695332976
88322.2835949026
86319.42044703162
84728.0497183259
83215.71910941791
81809.88071075836
82262.98566277271
82214.47824901386
80316.53832001283
79727.81453583112
78908.74645356223
78094.02620580581
78650.74336899396
78045.52839447545
76924.34603113138
76135.48882936458
75370.15142449601
74505.50490043225
74086.3648915007
74540.37774480812
73537.37716765371
70477.82974746723
68278.4661014664
67204.51547559751
67116.52924916959
65238.557313890524
66410.2476160679
63089.74760895522
62810.19428012226
61344.27759854333
60832.65770829321
60663.132981329705
60039.65334707916
57340.92445801217
59592.21411996956
59627.36776474336
59195.78190857175
57468.923597648325
58061.328362079475
57397.80037873645
58406.61497819278
58457.62265484501
60146.220996994976
59894.858164008765
58888.3889391783
57647.17388194549
58202.54556833336
55832.33823063197
Score: 8.815626782904953
Runtime: 280ms
336026.353494656
320970.2333094889
302885.070447717
274813.3741197926
251000.2466609025
238358.12175121036
222213.14957346747
202744.17432770014
188703.14505969745
178320.68679612273
166341.15791556129
152111.25951385233
140726.91609740778
128291.62216208587
118842.7099715291
110567.7218016731
101628.6154575819
100355.63068461577
98710.4533520405
94406.05730032208
91478.1142550793
88703.86816469893
91126.21280402492
89390.85847840356
85240.05283729754
85063.1708168054
84046.7649181368
80534.16679884
78582.3640860219
79897.77524127265
77147.4384960927
76820.49320091763
74208.49456860391
73265.13765261561
70061.11502267284
69049.8499672446
68140.94626097335
67765.50938406287
69783.13768921187
68024.73388819414
66652.25664036142
65093.89237897651
64330.01845503208
64251.593864322866
62769.978527936306
60658.506473040245
58634.83809821104
58270.878725305454
56721.25847078731
56887.10720504399
57892.26680254976
61003.891433424775
60011.15783311075
58594.60225383365
54803.343521330076
52750.330146278415
54269.68972421453
57082.428438375435
55869.54291584891
53549.300279984105
56164.57368640829
55210.02811994637
53007.270697373686
55182.955914131155
53695.33735701384
56254.971441229274
Score: 8.607689527390113
Runtime: 280ms
336026.353494656
315525.36559410853
296979.00379205024
276263.27544877253
256621.03048129973
243033.3323800863
219328.90695769683
197489.40864404506
183364.3181911598
173783.24424731286
159120.376036456
152777.28210648327
143187.1669607244
138255.83397621708
132801.59327762332
129365.98398821773
122526.28833287739
114529.2642928317
107781.92509044675
107338.5952510695
105090.81040157493
100009.788994913
97446.88513261254
94798.92018360444
92515.17676238396
88278.65744680015
83246.07450758292
81341.36309265746
76029.31525989535
75993.98254760547
75298.46101281347
73759.17176910129
73323.67348849133
70808.97953608124
70804.91651879674
69771.45796510078
68054.14199158803
69098.41705678427
64896.32957935236
65321.686793692235
62617.34349144521
61147.23462349502
60791.26677875869
61760.67195464162
60484.12151456663
56901.38425192774
57332.43709040175
55383.72524806299
54384.37416895964
54637.54622593792
54097.97703561048
54355.52811340411
55039.90565992068
55021.17545233547
56564.85839459842
54017.036356542165
54342.56758152655
55555.917939119485
55045.594342250784
53067.717618611554
54357.17121255055
54366.42365450857
54967.742829878196
53965.02990304411
52071.19618312365
52246.44294886962
Score: 8.175470192981017
Runtime: 242ms
336026.353494656
317934.511849417
296292.2933670099
279719.98813862744
258587.22202086885
238098.99459750566
216641.18811816306
197393.9948010791
179427.80784209465
159609.10162729234
146700.8389511093
144470.15215767853
138779.90583833563
131466.35503649042
126791.51796163282
120018.61912815315
114549.54237097454
105224.72317516043
103733.83745114953
101168.25363196096
100601.01629405978
97108.27528293569
92659.25859313532
92722.1935565376
90090.13748746357
86815.74527702853
84944.35730987405
80212.76122295496
76647.69482990548
77662.69387923386
74710.74060297514
73725.7955061343
72737.66782735864
69833.16679295822
70055.31887446923
69441.26991374041
67288.83487723711
65339.640112496716
67580.23680339992
66897.43282033195
65171.44190072027
62625.20270000844
62879.84843772462
62382.88686271608
62744.67493689389
60177.672063180275
62803.745191021575
60991.78196519649
59881.50016206194
59916.11987755162
60544.982063004405
59207.91063001226
60250.23428427417
57877.44397984004
57643.051868049144
57608.526339366006
58179.69312946071
57416.21338609613
57412.69901352569
57674.30207310047
58067.36753951048
56404.90406262584
56275.791910632885
56679.81267036677
56252.08506976231
56094.62924999115
Score: 7.778598337909036
Runtime: 241ms
336026.353494656
319816.935635538
300539.81623321696
277720.236627996
255685.01589784177
235274.6144912681
218825.32870089973
207594.9330829547
188243.90085115583
169841.9170779682
155934.81269877768
144188.13693654453
134017.2097348922
118955.76496461149
120317.84792202084
117131.08939150472
115055.65661220526
110789.34668541451
104624.02868316746
103118.56748330456
97342.1587412825
91581.28830766177
87743.49896007085
85252.55043260625
83943.8044399496
83444.5331736125
82017.8492792843
78849.31267991861
76953.1622500379
77447.92777760058
76052.82630953121
74922.39682011234
72168.86305586995
71785.83318160275
70859.71859804408
69660.4871004019
69636.1368816431
71394.35014197395
67935.26118471059
68688.47163415684
68016.69949602922
67288.02878943211
68014.55481670244
65332.62291821852
64665.62936485248
65965.08561625223
67239.59128785004
62470.517390762725
60683.194909788755
61222.76422463258
60596.044167458844
60726.61600038127
61701.10200263516
62616.63134604669
62197.77876713206
61459.06542600731
60362.36022779553
57232.05476350881
58580.16879455788
58511.08416707782
59026.48691503823
58854.24790399008
58809.3177441584
58572.90728740248
55731.93263822553
56543.872635269225
Score: 8.166275659741872
Runtime: 270ms
336026.353494656
318367.01868555474
303983.78826299316
281125.7572209782
256406.3793641307
232790.55433677603
214864.87666374078
203623.7014192592
189985.6482698981
177081.27819644212
157919.46362688058
140341.20425901446
123470.01485997494
112682.09388621303
104718.66811732278
97264.8508133192
96313.19992426058
92422.35023874298
91023.5452866852
86548.37710686863
81860.71740203747
79865.93931810407
77425.15155984329
77092.71768897494
77063.25184028248
75776.10511970443
75420.87471005946
73224.1339814642
71326.85513493697
71750.81296457566
71708.47344811005
68838.0578950732
70526.7033354015
69251.88399143823
70986.37461775831
67961.46408589516
69388.08441498155
67589.09775966595
68152.45130642154
67724.22542999222
66555.57665072897
67113.75327725484
68984.31719414439
67846.73547126631
67513.50902356606
67639.68719476549
68524.59419400877
67340.48922089918
68831.98028720784
67659.66594005522
70092.19925105768
68324.77239660971
68459.9485408146
70012.45122263988
72671.70837256926
72862.07793577436
71645.17881646012
72378.80103610059
71430.40716351554
69478.01745371634
66097.65389196503
67300.71928006982
66138.42357773334
64888.687692952655
69723.29996931565
68163.66911865209
Score: 7.732643208482058
Runtime: 236ms
336026.353494656
320023.9435339652
298404.2257913995
272478.3671016593
252846.8301689342
228215.1147540352
218392.34112742313
205832.59468523014
185195.66979008878
166167.97781253347
156843.30914159544
143133.53581670046
135464.33741750452
128644.43281588885
124182.51557962144
116241.84665742068
116632.78009628016
113259.71952274225
111505.67772178592
105539.61339565578
97317.09703050986
99628.11299413914
96518.51463066103
90579.76477637001
87461.4791775075
84601.26583069249
82979.51628057878
77894.95400545132
74101.28400543415
74679.38280813392
71563.00720895323
70862.01560628376
70652.76216030595
70997.59401651428
69387.40440399825
67046.1261622904
67158.14528844782
66104.09565201873
63019.36319650886
63632.87249795455
66582.79731278174
64318.68643663527
64486.124875949354
65338.07082024092
64341.20886469362
61619.06484923912
61727.03143887929
63281.70164932745
63260.79996335158
62509.897096160756
61844.557672162155
61752.20921822507
64573.691230611614
63735.685584208484
61759.27438276277
61680.63203918957
60516.46950777694
60938.88270568974
59328.15433157681
59289.13221098205
55585.69699890968
57452.778244004316
56003.808140668414
56369.842980075475
56056.98758480613
58679.43403667133
Score: 7.071922451198171
Runtime: 236ms
336026.353494656
319363.47802710574
289692.7099536693
261021.40415019263
241351.1616427596
230468.6418395952
215142.44167909535
205523.97098649715
192094.07232668708
181730.13047178622
164922.71872991693
156309.35595948753
148981.94829036083
144768.84954967003
140461.67113866596
131339.16233828574
126423.25767782048
121212.96353521067
118793.85095565156
111054.39935552981
106404.42670052781
102335.63392621289
100335.74281009594
95741.25601526478
91248.55887016159
91271.71533346614
91362.80031568697
91369.06452621732
88535.58646065684
87668.01058871423
83872.62633749326
83417.16138102768
82270.40906715258
79781.30247689932
76271.02645858133
77417.61064710733
74610.27342638519
72421.48389342376
68777.95414626744
67872.62237931511
69659.30764499513
69073.89895134755
68866.76207891137
68806.90115311787
65553.56912321685
64711.530766541335
63092.26946245932
62482.72636899885
60351.69702561366
61411.442611152095
61146.59982576463
59366.93240010977
56712.57247952232
58497.85880892566
56672.12629510265
55725.47360801315
55505.01588857613
57657.580535925794
55995.2002239756
56424.97580397874
56678.16612237487
55839.47033441612
53669.50901954584
54685.73855490084
54775.10366829957
53816.39402453501
Score: 8.733783205669331
Runtime: 255ms
336026.353494656
321772.21373094624
301927.84462727705
274792.1284606024
256671.82656795153
240785.4250518372
226621.20567745826
212174.897068525
195731.4135842058
178298.59158939074
171778.8040760044
163451.94992006494
146266.22030378142
128822.02194795187
118163.50757893144
110313.24138233157
108253.19899885672
107201.60455897257
103265.46061396283
98682.80582408168
97864.74789232542
96364.75484208346
95262.54739279048
92573.09763283821
90505.67583861141
89969.88731604085
88835.51162417706
86188.76125236148
83480.5874875683
85071.33436688001
81228.32804931144
80669.80502584064
77925.3409780647
77819.16766365222
77587.07419819476
74901.3322572891
73540.23360792754
70070.23724990347
68689.40722654555
69436.42823802774
69922.83681617361
68103.32753443341
68115.09389524627
66820.72327462936
66109.7342692387
66007.94479245412
64245.10213203595
66878.5722194769
67310.6726265335
67288.18692853107
65528.481775756954
65037.86575227482
63538.60133603611
64254.64185388753
63216.01018513675
60674.04878694921
63351.86990427936
63050.01232590686
61075.99508735801
61293.36924644727
60461.84225732958
61437.782855751895
62684.04226819403
61309.012516965806
60512.1675640563
61050.87411253318
Score: 7.623339620950086
Runtime: 240ms
336026.353494656
317090.087825169
300577.6404024119
274886.36752343364
252787.3575614118
239811.5533141107
219193.28240418865
201011.51339165756
185895.23052070403
165485.40372152807
152727.451747707
144986.68568240272
132411.03090728092
126989.32350945023
117383.3089224252
113720.87114355173
112866.42009418324
109107.9746334586
106237.62745052807
97925.21442709022
94945.81339128803
93012.19885780296
91818.44664572165
90490.8204996816
87657.5610473366
84440.00794058539
82080.95240634197
78201.15741033758
74894.20684542859
74195.32195728883
75160.91673451732
73926.68204067874
72516.81182138738
69828.09337134665
68695.659354441
68262.18272877614
67488.95960590753
65441.76737690051
63220.27212773312
60794.25029421235
62674.91436063825
60054.37193759352
59739.07232831172
59391.19904266954
62587.213182123654
61962.05595810434
59830.55768851544
59652.533136366794
58797.028577156954
60135.5987273602
57615.72470263135
58112.466506697274
57282.7383738069
55473.47473801188
56504.8158987892
56857.721527461625
56218.40687041542
55835.47552591774
60343.54924533643
60420.80263495778
58041.87236350972
55924.947003740235
56758.95924748256
59300.74424267806
59031.96202388836
56784.3209179192
Score: 7.989531660574222
Runtime: 270ms
336026.353494656
317912.5417137585
299584.40989459195
283258.6933948151
258599.4858869685
237870.43565082925
225982.79013989758
213412.15553878655
191769.1896171953
176040.26709930671
158163.50990814992
148651.00069812825
134762.55811294634
131051.0471888559
122118.39229129365
105044.08238475752
102601.06642337995
99576.84942115303
99535.34305292646
94836.04872999217
92976.95540402365
91604.18906338871
95185.00320790721
90590.06351999949
87062.51126383373
86835.868697709
82483.33089782593
82768.14604837155
79713.83076825003
78525.45391135618
75406.06793192087
72883.81732103089
72415.34205874761
71521.2778897239
68230.95918503385
69006.36869297535
68501.54579833952
68295.55361943512
69322.02193836632
67379.45915091636
66684.8058278876
67231.51433287981
65232.412185999594
64778.12736140261
62764.83787538222
63593.85664634577
63348.95881488851
62745.45543272262
64117.322399791505
64591.94198206798
64228.96116540267
65563.90325649844
66028.88690512537
69790.63712883224
67728.2214295054
66657.59912321549
63409.829973187385
61765.92391192088
64643.33688597754
63351.56273790623
62443.13599847751
63039.682146143576
60629.92545998816
59723.2551540932
60153.9698120624
60373.27144033778
Score: 7.909901040384341
Runtime: 280ms
336026.353494656
323172.49442744476
296794.0312999738
269617.9465346102
254021.2364563905
237549.41889552996
214874.361695222
195056.7775596517
186067.73161587294
168521.82812834348
156939.71768265712
149398.29146674086
137166.42420910054
128807.39385433249
115915.20797682453
107690.69186462178
99742.81962253935
95483.45373675623
94910.8756347341
92794.71396053504
88142.10467922626
85488.51662773878
83165.73806147696
79687.02149004483
78314.47859367497
76155.60948441492
79030.39685557463
77566.0174050671
75889.95148430573
75513.90242356116
74362.58754376449
74037.58529289147
69852.37228275066
72067.6369259355
70659.38918189103
71385.56509281386
72410.29473337648
71549.3929706901
74251.46225643849
74204.37553738536
72211.27435860921
73825.80201341049
71806.37697387591
70400.81574722985
71640.93904253322
71154.36499509834
70103.81532603089
69296.98362567258
70363.71272070926
70233.59730415643
69015.0937225885
68772.09566611127
67894.31538474865
69921.04513495835
65994.75289588596
66782.0337278742
65699.72121223102
65487.472884441006
65059.37779755042
61312.020091293256
58372.23228306676
58345.228704012276
59847.12885390507
60110.60516385391
60168.14321776244
59428.439763224305
Score: 8.593028831582643
Runtime: 303ms
336026.353494656
318000.78910568525
291057.5770825061
273410.0795206859
252793.92594332297
238943.56291864906
218357.85898128114
201921.45475720405
183984.22238699955
170653.78025384655
158424.296711417
147384.07925440304
137150.29264668707
130987.47202881979
125703.10021432565
115812.1494207077
107664.46506247447
102008.80087666586
97649.18451072556
90866.8171282923
92371.40309498554
90953.21261207182
88075.56998465126
87980.46882700293
85920.29257135392
83439.25239020651
81891.1012025116
83367.39812312614
83561.91503846706
79079.54705251253
76609.7986910723
76532.54365093187
76142.73474232995
76637.3656267308
73190.82141542896
72437.66058731927
71132.52380457937
70712.80788375929
71855.56890145948
71976.37850365778
72770.17190476049
73088.36495066881
69866.69392266864
68324.90556080612
66231.38485594842
64314.40143254366
64750.1524418025
65157.63037667243
64494.448778088
65562.90737396515
65581.36874809673
65999.35250980576
65337.88677593105
65611.98944813518
61785.59218470829
62437.53470891788
63150.07036126955
64848.35288491853
63006.12418304629
63183.97167580049
63725.11050077967
61422.980865871294
60719.960085028404
60819.78544236968
61967.70121492957
62361.37019233886
Score: 7.632618078581743
Runtime: 263ms
336026.353494656
317403.3491427526
294796.9924558242
272554.18453534535
253919.63551176345
234576.3481580496
218700.19500413045
205690.91943470264
194420.964053048
182376.72137186176
170503.91051576208
160214.9019397434
150528.60407675564
143726.87796586126
137164.76334847164
127376.70741828761
122073.0867988781
116362.99699672974
109723.05762672362
104202.73674437232
101709.65016315863
95420.69904624755
92086.36890709323
90293.96868100177
86943.02516116141
84175.36575403981
84284.37130574718
83235.92738519023
83100.2422885985
83863.01633300536
81487.893982415
78475.13811525892
78697.2415162372
76474.7706074174
74594.53420837234
71977.54808047945
71336.00780083056
70714.15059380064
69516.15108548985
69610.17379288061
70447.48477458645
68069.67214068832
67804.2981838956
66965.1088446908
67395.55491852817
66039.04290516626
66276.71352076269
68834.39270532955
67600.03818348385
68519.78211515037
67882.00964654465
68748.36079688265
67835.94014088885
64768.338843863814
66352.51431279906
67591.52308157635
66387.7627994419
67742.53526435439
67913.17650920065
68618.07267230342
67669.3721004824
66456.41937606806
66544.65157599919
64953.68442342179
66127.62165578875
66761.47193832943
Score: 7.950421476843667
Runtime: 264ms
336026.353494656
319137.1638795246
299401.1139204939
275509.3367706247
251131.28198400245
236243.04054491495
218554.0676412728
207180.71758531692
191464.56855355448
179536.14056233465
167391.56618745896
157729.50880418444
152664.63706267238
136811.91504602908
125836.08441477067
117460.91931713652
115974.862067001
114414.99950065007
112346.5169788485
112254.82769551185
104308.71806437189
99042.46746459836
94469.1819797667
90110.358995041
87823.26094545523
83272.02971377208
82889.51385421444
82760.6422785278
82133.41168689128
81417.64553895086
78393.6248017414
77398.97217005852
75769.56554237893
74284.57708143437
74347.20220209274
73889.45787513527
71771.52070213621
70758.67235487423
68486.6732398911
66028.14215160222
65659.65518246463
67384.70759209116
66047.88410161747
66531.2513971223
67029.0251286529
65855.54364042901
65283.94429197095
64958.735534556705
64516.32309245952
62883.52705167037
61707.99108570306
60096.739037132706
60878.11276106344
62365.47336665954
61322.411827296375
59774.02383706623
61312.37797480023
60858.99640891094
59223.196019697425
60818.0400661024
58979.12603475138
60620.96378206058
58850.56435769134
58001.41614884301
57426.072672110895
56995.63234351468
Score: 7.6805019974547
Runtime: 293ms
336026.353494656
319357.2439656569
294220.11487055
271025.8615964019
254362.26388421145
237502.23956107028
214609.33245044696
195741.99537401335
181643.41792729672
169921.5563982734
161768.28162320668
152150.8370672677
141053.49012824014
130931.10174139206
122398.62027569905
119167.64203533056
107221.20527580561
103159.68528515901
100741.44377944455
93773.69623686012
88818.98580845394
86691.81098673429
83708.38376984322
82728.21642225182
82700.24669378778
78167.90503447749
76784.94728852494
76557.40648597018
74102.05641169543
72466.7226683431
72105.0007330613
73547.46036318553
70651.60978122422
69311.08824814363
66472.21677178933
65408.995748947505
64559.84767221913
65464.76007831552
66335.3493234857
66067.10135047894
65750.35401059806
64595.209476134936
64005.064034940406
63644.946186404246
64857.20909215413
64259.06138943052
62642.60122398522
61806.04499104561
59494.79635898152
59833.63100520475
58317.76931723031
57479.83161700996
58223.05762323974
57336.52494760029
56859.28295315235
55850.32367092595
57688.62048679623
59752.56796392772
59232.78286488677
61525.01550381133
60668.430191097745
58084.537670713995
56016.93918433873
57533.19778020293
56423.48313473644
56659.69082515014
Score: 8.531773173991562
Runtime: 296ms
336026.353494656
323280.6419403856
296230.2360042525
279819.9362124272
258765.60724335286
239641.05135435928
217130.12249077423
199025.71581881764
190379.09654971797
179888.67964974968
162918.69501639094
153324.720321585
144842.2603703957
136167.6566473872
132208.10383171547
125806.15209786402
121391.86254986406
113057.66110258452
107250.88934077995
103091.27058759383
100700.66289459076
91979.52503145384
87763.23542417411
86503.65043438533
85537.11842884442
83579.00154631492
81696.06927790985
81638.47452112167
82427.77820830254
83102.04968969617
82164.4583412605
80091.72904599136
78740.08198034193
80221.96557230534
79886.61969044343
75933.24988721851
73870.09870973018
73618.75000387937
73203.21297404659
74157.83163872095
76041.15960078679
73239.79840418334
70912.36096737867
70588.97752749462
71302.03899786244
71040.69920633762
68559.16072425205
67830.45550687426
68816.88265503343
67647.06249829246
68899.3657368451
68904.47988413916
68434.2240339691
68500.2008064522
68665.17391171295
70709.10964667815
70324.53372170158
70379.97150767098
69206.8810592626
68437.57434220843
68607.94506185465
66672.6569844108
66778.37271447392
68534.34645885087
69107.36446811617
69361.6768002955
Score: 7.553862357449442
Runtime: 229ms
336026.353494656
318113.518201044
295851.61875930126
275667.5727417155
254639.38990804134
237612.60406708706
224388.6075128996
208570.82067081725
186845.62380234417
171985.54232812233
158797.0773036638
151348.18628655994
143564.4670378377
132496.2504168198
126456.48095905127
110753.55214215699
105803.659420316
98648.92847789121
93510.41889239113
92340.8557136986
90268.34667725192
91070.20135098867
89467.10848099134
89117.33296677691
84742.06494597459
84393.3175120615
80828.06854313717
81587.5024182053
80428.24914849778
72568.38729431089
70441.92831492213
68446.38138399241
68716.30933377023
68548.76622559715
68760.54995841203
67960.78068632606
67058.64031261049
68084.53385821485
68292.77615874304
66701.91870296042
67821.62713600838
67130.0248678263
65179.08354502666
63385.53434488633
60921.961920550595
64444.73320449123
67552.47693176668
68282.09107172131
67470.93965658035
67917.18465527524
68797.28963524019
67402.63109671684
66989.14190244442
63487.45861311494
63710.22813549175
63593.79482346465
60930.791441420515
63821.292860611866
59339.26005574026
59724.4862605114
61570.369017519064
59153.85403160367
61015.73260887763
61947.697328185335
57382.72162069198
55561.59204088759
Score: 7.665877015854391
Runtime: 236ms
336026.353494656
317759.40629224357
294490.8647365087
269480.84349532356
250495.44669621353
230852.72702167276
213413.1679231313
194906.15770372216
180178.34475979055
166362.05679873505
153109.65971720885
143314.44281547834
134884.02963300867
128191.18726388675
126280.08899586253
122192.02756004468
117059.95036635693
112090.53895197134
108906.99391693067
102710.61771702487
96367.23540932032
93039.65104019699
93101.85454432659
88722.2607177576
85063.01506564609
78686.04219958153
76738.16690744266
72978.6002657896
71410.95842643805
69602.5482267453
69847.18422539203
67452.55452340328
67503.21630830666
65684.26666766664
65446.04029938421
63893.71212736964
62613.906274422436
62373.14243201755
62864.03602768269
64385.25875780411
62830.959607835706
63643.93127860287
62135.841942569605
60591.98393413245
58805.438417225036
57999.45454296404
58019.77529834198
59161.1461125212
59092.53451511528
58817.48291473504
58947.832586084005
61013.87665139
58502.48758885185
60554.03219434129
58956.590914267406
57760.528689457606
59199.576574850624
58937.91778393642
56784.456320137615
57575.73739478286
59210.4824742827
60873.89351612399
57798.22635693233
58441.712425396596
58673.903837367514
60989.810191071156
Score: 8.037140720339597
Runtime: 228ms
336026.353494656
320903.45056278334
300427.3470522235
282019.76171322475
253790.15543838675
237578.36725582398
219379.22853162646
206363.5412671304
180077.7309523411
159403.59813320288
140295.46295379646
127157.36747638785
119357.26029489248
122081.52354031814
110855.74699855302
112263.31982036865
116694.31249187738
108122.69874416899
102309.13697453178
99663.94001484882
94789.53947015518
91373.76526365796
87230.1345388481
83254.19317254545
81618.42334806801
81778.59149820969
80261.02675884434
80255.8028922066
80778.98731583075
81330.67466420245
82209.51634101065
82614.76303079286
81896.00853528774
81086.04595510365
79803.61218933584
80893.32450902321
78068.84729045846
74353.25325260831
73336.06277692268
73541.91374466455
71410.89098480926
71435.17349312849
71411.20719130093
71296.26029645243
71300.36729977796
69804.47197128361
69957.78044007467
69444.35393805408
68537.05555648492
69569.31581956995
69489.91130926146
69409.42678617527
67009.24023914954
65105.046782571524
66231.66463978717
65816.62548255196
69189.34740773136
67178.8762458355
67672.4391145116
65635.8841901273
65743.28621327395
66181.71468956348
67070.977396111
64853.99338322836
64581.87438720935
64963.004818935435
Score: 7.511399846616381
Runtime: 287ms
336026.353494656
320569.0205433236
295071.4149680773
270054.8990914041
258774.91973572786
239082.9049492603
220958.54476308095
205882.35099203937
190180.2046011662
172229.07044554342
155932.92823770916
143041.07751949353
134327.53748244877
128831.87763579082
121960.12255255297
110526.7955568206
99500.87768254043
95379.57713713888
90420.11075690661
87112.23558915827
84732.17499755186
82619.66068164558
82330.44600533806
81852.32710352051
80977.19711120207
78549.60918337177
75519.42030109036
72923.1949624514
71716.76948046153
70456.5267333181
71263.35592206747
70960.89750290681
67939.14222327195
66316.079561674
64177.27864699389
64663.587366605454
67269.88183767098
64132.312264461114
65715.88693440447
64561.86683909567
63863.80834123197
63012.9996334173
62180.466102595325
61117.12178682141
59387.137138914055
59320.11898573069
59236.67431919016
61813.26763707945
59531.51515101949
59285.47528555656
57224.7742188999
58955.57917044577
57895.43297697058
57905.23412944489
59126.09842460522
57924.7905124984
56777.30193563897
58290.85156484076
56558.89559606718
57833.951404568616
55757.59159380656
55863.31654219299
57391.95605205103
57988.54743020969
58036.830110013376
56784.88577483822
Score: 8.18985810195077
Runtime: 267ms
336026.353494656
319739.5622397851
292844.21281695075
262726.2487053688
244071.40783033243
219865.75369370065
200097.72466947255
186459.6775953617
171393.4872130484
154527.19309669768
141792.8543749087
133158.78446920452
121895.04772836057
117263.65334950676
111609.22585444294
107842.90755670519
102362.82922543955
100614.95297431256
96545.32019873428
93173.561368899
89766.61783341337
85787.55554363181
83666.63433804542
83878.36710176112
80804.68080946551
80906.72056416122
78164.64276327236
76000.27993777896
77201.74691745105
73537.91261663928
73232.73341517487
71359.95631598211
70967.68453941806
69766.57375600004
67658.32192545458
66089.54457352268
66230.5203619545
65987.00810205206
65303.04629530945
62300.1270043369
62332.74871665733
62787.44959400024
60800.61499953662
59449.84706089265
58549.583469012025
58410.1953547837
59704.992648105836
61140.14789480793
58945.91718569412
60177.58251179056
60624.25983918077
58491.59983017394
57634.48929870228
58214.83104850466
57828.21263341316
56672.79098742762
57291.58124317443
55697.38652893403
56460.83359700639
56104.47124465926
54914.91238412125
58275.82933348405
58558.433685718366
57017.004660086845
58476.276120148264
54630.836199974816
Score: 8.382731999602843
Runtime: 274ms
336026.353494656
318561.7129387495
293766.11228203675
264900.5705683094
246242.51748211856
230812.5624867553
219383.46478336776
198184.22725471077
183700.36761820523
170893.3290824367
154145.87752463578
138752.4637205009
129479.1586392679
121563.9737707928
112452.6253413986
109325.45883357506
105194.9811840971
102850.79385430684
101309.77335292383
98721.94888021749
95778.18630755611
91310.6022353763
86583.91736363624
86888.89595574341
82986.30972946488
79625.58474925274
76724.74936747512
76601.78480944742
74703.66559204365
72701.40198149
73073.6443508588
72374.51527918424
71328.72959688699
71598.11456066705
68409.63685759847
69340.49768503495
67045.31205660237
66555.53378901699
64109.48355834583
63806.88529088668
61788.54190317218
64030.06926410633
62479.234018646996
61938.70317151219
62321.352814644895
61676.43801738721
61117.942244036705
60655.60132119125
62150.870246084814
63328.572990663684
62779.708265606096
60091.84289511131
60628.58063923312
59330.076004670096
58040.00056914805
57062.1703025444
57886.3612326522
60920.08303832391
60553.85724142153
60121.92898420598
58997.47918094971
61257.39433970953
58991.21655125267
58686.28847281325
58719.750735043584
57383.98093863513
Score: 7.792075045857304
Runtime: 239ms
336026.353494656
318474.3384294455
292665.1301485266
273480.19805718184
250136.01997875946
232344.81922155
218187.39404277038
203855.9220085908
195424.54684390017
180954.75600788763
162065.85687642125
143291.67601705503
130086.0041551065
121389.60364941283
110993.2606837882
111190.85051772161
102567.71018309069
105492.05020209764
100740.07365349095
97950.9005261929
92360.89030467744
91349.22516092494
91287.78824227693
91166.11717738943
89069.69287100382
89424.0105593919
88919.90879719204
86574.80315337413
83827.31176666738
82979.30357272633
81781.60981715674
79594.56254291191
76526.98383329708
75842.4052693403
72201.15125882646
69966.2998616704
67212.46377988902
66370.50073552495
65572.37162890077
64746.12129249053
64296.6891624365
65782.01899737681
63139.10215749168
59870.12432528131
62627.20976793867
60930.59529803907
59967.71376244572
58641.657632320006
59659.50653877372
59611.35123727184
58898.91665883194
61690.148604806076
59612.74390366842
57305.92506642645
58386.87744838876
58422.985905252564
55167.105790883834
56195.01500358305
57135.33640473834
56315.845400250924
55645.14307014418
56279.0950614166
55911.65906675666
55504.150806638434
57070.84936016682
57275.44557319997
Score: 8.485286281262763
Runtime: 234ms
336026.353494656
319644.1739369247
297798.0162370633
279105.64930060634
254506.37364476878
236847.24904653468
220467.07473985068
200683.56945995172
179438.89997526605
170507.9437981436
153403.59388704342
135905.14491471465
125578.00020469096
117596.17818081839
112378.54494698303
110784.98227958025
106239.4357596871
101944.94684353679
102468.61787849687
100616.21302128225
94344.58318228315
91341.35176468497
89596.880127226
91530.35676464468
88395.66591656802
84373.87037644659
85175.14533691258
88194.82190177763
86501.61092736058
84010.50733432117
81462.2241640576
83334.16162720235
84892.09748571622
85096.68305225298
84985.92359755556
82022.72584729822
79035.183393043
80056.53469793028
78189.4348527169
77224.67506306362
75578.99783944515
74227.55146790837
76257.3656855314
75933.97273326114
76399.9668106975
76242.71294677109
75935.52718703514
75394.18128096893
74333.6485667504
71672.91416429014
71462.8988576647
70050.79281302559
70589.93875918098
70011.82159678044
72131.74288778284
72842.76523306465
71031.32184531963
67585.69389612334
68674.60853981823
67258.93561645623
66355.18284241356
64080.2369143899
66237.5109107935
66849.5012876467
69381.48459728765
66818.70548706004
Score: 8.519894624627987
Runtime: 256ms
336026.353494656
317909.90146844456
298670.7985973623
274366.13376527687
254404.55861092205
232440.39023203266
220110.94017414682
196465.77019522653
180197.86411645677
169005.89428653702
159425.47340733605
144546.3548006275
137153.41498721982
126212.29289956027
118092.34265828705
110346.00514339609
105090.82642576729
98734.83677614258
96852.95882512204
94553.56017585861
92771.11844011991
91637.43964628498
88322.6933332072
87963.25748304912
86024.1540542585
82915.43546318392
77558.1512203898
78031.35435808962
77523.37776489017
78479.3296135954
76885.36059422347
74148.37146642889
74074.72573328724
75300.70973870213
72655.69190285342
73417.90614551901
73407.20037082858
70329.80053625532
72555.84858016194
71141.01176679367
70356.98957285138
72343.19691722112
70108.15476140007
70399.6883420314
69683.24845736322
67568.444249809
65779.64336776847
63171.518060045506
63418.05986029486
63598.58392958862
62171.44116966692
60769.939402465185
62972.0157779877
61576.54520715118
59688.22997600271
61034.083698599316
58989.33764938158
61488.68701146111
60052.190753918476
58921.396142356214
57586.265727913335
57955.93451785986
58879.32105954936
59251.92137595117
58907.688828467304
58909.98815525968
Score: 7.304533194977013
Runtime: 231ms
336026.353494656
317042.65667593636
298344.8119847036
277568.6609528525
254508.2764134834
238908.36200727976
217373.51000543177
199701.95805102927
188003.46996970358
178735.05569180154
169677.91866288742
158761.96284266905
149157.88203522947
138571.25030429894
133084.24466455833
124592.33775397588
112530.34100803862
112368.56447698236
101337.66346224504
96716.69698819747
94598.34140546485
95549.38075061602
95214.2060927275
93555.36181973413
92265.40686379388
90516.07621043632
89548.40028247717
86925.19146565003
82267.27668873036
83607.57398132635
78884.9359077403
77632.25395213599
72265.17113882795
70998.90644327224
70288.38269943508
69938.0450322111
68072.88657402615
65991.15936513252
64163.82175802877
65137.05695875384
63449.16230494716
63944.39778744827
64194.08426537136
62845.62957674761
62263.41726042456
61830.10494604982
63126.370399393534
64109.6067694947
64000.71083893032
61468.970062404995
59392.31395588786
61956.144276786086
62164.12101622526
61724.75323058524
61346.264750770395
61194.06203993764
59890.07639332149
60239.252958770565
58896.01209676338
60365.544604245224
61099.05893509147
58463.24634081927
57191.863259676946
58960.12793361525
57254.239019658984
57476.043624589845
Score: 7.982417638318817
Runtime: 295ms
