336026.353494656
310859.8422593547
271772.10354337853
232762.8769564743
194654.86653172376
171112.04765007793
147117.77722606523
126914.9800387967
108453.0521361264
94909.95408267836
80804.11530024478
70065.74158337692
60360.37260774623
53478.68373260603
50722.37062948562
47015.20460985791
44178.733110396475
40025.955944971254
37942.18844384699
35913.586018728965
35122.60425376392
33595.010533287714
33102.14547050909
32035.811944885587
31861.12673229827
31580.018503522235
31051.77647788465
30790.699711286794
30379.928465493973
29569.278614861447
29535.450023150308
30272.711005140893
30383.140792191032
30264.710490173293
30445.878793731034
31002.070414598067
30592.17455476499
31032.361225180623
30417.782441175725
29845.23077234241
28745.80280752651
28958.42518030975
29002.31595147456
28986.6292807091
28495.038728148633
27948.59677148251
27646.993385095724
27215.67207166013
25766.684640245043
26111.242775222432
25586.41518946885
24965.231574025525
24803.087337784993
23069.923065170347
22832.304745555884
21944.351871389823
22395.216363204567
22416.163225029293
22239.445531365935
21989.95717463896
21966.141825495164
23125.431476835944
22151.39298555161
22091.100776999578
21257.272877507345
20502.951042729124
Score: 9.526650914910823
Runtime: 233ms
336026.353494656
305297.7127668124
268745.2651249602
232440.45665565366
208270.3669616805
179562.81355143833
149431.9048762394
127648.93735121304
111206.0626902427
95246.52796661227
74637.98139091386
66226.98683206055
61063.09931873805
57418.2360089498
50452.60572060673
47320.139814433875
44886.8581596262
41947.77163938281
38666.099079928405
35654.55674029808
34545.9973602841
34512.91110520095
32752.727383321104
32345.74670665506
31483.185705586122
31599.58695081164
30731.999737013688
29988.7343626752
29470.60199295144
29636.25190952286
29860.502374427517
30467.73767613352
29034.470234957666
28495.75957355474
28300.108789748945
27690.730006476413
27888.79041518432
28117.729756759734
29266.10124387214
29183.92434534803
29865.818485659285
29650.168180348996
29516.52994594968
29122.705732090802
28668.267847152678
28512.706499078144
26719.29533553449
26062.43874947117
25840.532284973357
25059.220245159097
25141.484595962353
24458.190606644403
23759.67471818562
23679.23996104575
23532.613416408272
23617.006660310584
23089.059480386975
23357.841159691692
22526.22125272307
22378.082541990665
22072.990050631677
21690.26570314907
22607.265917615317
21209.772586772004
21402.201857825687
21124.64113646242
Score: 9.635456369072287
Runtime: 286ms
336026.353494656
306443.355048062
270941.14169653784
230214.1358122497
203073.15167563592
164807.1920026494
149421.4624159411
127365.0706032698
106556.46336541243
90597.49519498237
76027.84495296294
65562.74137110266
58508.43274009236
51448.870067772994
46180.52989338755
44063.43735764796
40100.42607416307
37440.60384421873
34614.53360781643
34994.17263953168
33703.12386532889
33718.26388706487
33318.29656480588
32048.911208061523
30998.453906748255
29935.90232675199
30599.04182880258
31111.553885516114
30495.45292063206
29966.387058042154
31231.001965124644
30371.953135136366
29671.529510946588
29149.123535963332
28938.17883957702
29419.10381686882
29282.65239063379
29377.681723066078
29259.92394490242
29116.6287675447
28358.91526738967
29072.304142233592
28344.480661126174
28680.826959157705
28178.702377627025
27495.923583254345
26273.82533875333
26469.197108665543
25170.453831612704
25268.520745572205
25354.12919858797
25254.90648309889
24757.253679075162
24717.447963715826
25157.970787617942
25007.90967883955
23621.732863361292
23933.780361163183
23047.851943866823
22720.50637090125
22874.716558004802
22270.393374357616
22028.746340400474
21804.52836561454
20736.263283642937
20290.834314513646
Score: 9.774244136110909
Runtime: 243ms
336026.353494656
303955.61421770375
271361.16678809765
231884.22254413477
191371.34067774992
164975.36574146838
142885.63092076682
122784.289879673
112689.42239012175
101035.74622261245
93845.77179479026
89061.26306077596
79378.73927659048
70736.06066172072
61373.49394692979
53366.11081653807
47614.8851959207
43081.64237791235
40666.43596415257
39511.14948058897
37338.81096140096
34712.66471367211
34209.919253621425
32908.13773936144
33623.753771534706
32623.91954177047
32017.731606117613
31626.46334675804
30989.077574647865
29273.745616816217
28801.205829979684
27380.000852910787
26745.672793742942
27044.027040628975
27318.838600015468
28015.316075322015
28215.606229523983
27319.131214802983
26785.72558731378
27960.569208616856
28797.34438478388
29272.81886818159
29237.195678339114
28907.24249368561
28560.473002016206
29501.00182696661
29000.710013777738
28254.109924876448
27941.248768604
27563.797291692314
27611.71768803729
25984.779240087297
25798.96662867198
26270.347707660712
25706.187732566003
24933.27895920782
24805.244650105175
25234.25389700064
25259.586854616966
24765.324814440763
23891.14657650849
23597.384304843312
23448.086093113714
22696.286671759608
23281.92015187769
23351.123441097814
Score: 9.64217700646017
Runtime: 237ms
336026.353494656
300515.5632761638
260991.05247713212
237008.3409068833
201206.2356628621
171854.88515922622
146430.6376956434
122408.1430962044
108556.07775596221
95467.8529400057
82180.54418122175
70869.0516786119
63145.32981789797
57638.92128007938
53136.18520526761
49463.049554525096
46109.88550600809
43031.37942146354
41331.89775737166
39523.137730404924
38767.77235171166
36637.67049721967
36545.134202801215
34664.78275960755
33433.20103331276
33670.680907360795
33297.713414194746
32004.354300029976
32233.939150392864
31947.166205406786
30461.462261183387
29862.15584450361
30642.28771220073
30183.848162626582
28773.528587518427
28605.09033214847
28232.80298985596
28538.974153098057
27985.86426226353
27684.827167006024
27162.656710798023
28273.59614091476
27097.349168612072
27383.50768773746
27047.2428180769
26815.63140945767
26563.429227958353
26549.87079952533
25511.377056734163
26110.153484236474
26125.284538574808
25145.583012424893
26106.718037262937
25193.72062286223
24594.642704561873
24157.872846959955
24476.94558754257
23848.491550425264
23801.539740458
22879.225653654055
23033.61651370663
23256.589753486314
23880.580585157346
23676.265107433883
23156.9020986633
23035.146518722802
Score: 9.535157441099988
Runtime: 299ms
336026.353494656
305300.58667923976
257532.93855325851
222632.66328101797
185991.22779959755
155061.79005461908
136145.72672273839
114897.82239957532
96119.01873205676
82047.88211800865
72491.16031210344
61347.709712403055
55708.28726093
51475.01728327236
46611.27765870955
44170.18225509634
42078.02463730103
40770.5286553314
38527.08463321692
36320.250785788674
34691.51253246335
32056.116069871456
30945.889671932233
29843.079373393393
30955.484098952355
31332.196089964717
32479.575412255326
32121.555869098036
31259.16037404238
30317.852563963945
29588.586759188016
29009.85933035049
29081.6299103574
29398.104243000536
28879.432920774878
28256.972743283797
28266.481657325836
27074.20958093103
27315.478194178715
26663.85131814717
27612.9879109987
27025.58560675226
27503.44572136536
27091.433771963173
26610.517267043844
26454.5007060521
25069.182869880166
25449.7805670439
25075.651489796575
25332.275087545753
25045.111467705323
23907.018621258918
23306.48014459636
22923.812539732666
22584.501961671293
22078.898060386047
21728.860825984135
22649.007049826523
21809.50572856434
21975.987643947137
22295.314183288803
22009.108129365322
22049.651238426144
21830.251288483316
21439.387186424607
21282.356326380173
Score: 9.742205035134639
Runtime: 239ms
336026.353494656
311337.0591821995
270770.8958829692
222292.43169444316
189020.558129275
160540.95385022092
139293.2054973638
120042.6322811058
104021.3119925171
92274.67427789418
78484.53119209861
70852.54368555827
64133.13903371975
57678.63298100319
51254.01633407754
48025.28574767479
43871.70703012417
40803.49419696095
38862.51308589158
36841.35556589165
35031.192466246575
33677.149529545684
32937.645198018865
32117.615610532106
30755.202562927752
29925.985058194157
29933.79169616275
29285.086780315552
29429.511688719744
30025.955385023473
29906.3767890871
29033.779030535483
29132.29097815927
29305.855273666646
29239.28702949421
28559.094027346127
28625.27666677429
28747.899510278712
29184.40338352778
28295.89129144343
28294.897990101395
27549.848587087123
27080.29532556776
26808.2354336129
25918.638930367477
25732.367218591353
25535.053787840297
24597.281949229164
25244.289465494894
25088.681478351515
24318.320120377313
23933.695825673494
24784.88016388274
24002.034868934956
23298.495565118432
23189.409828432254
23022.944338135945
22232.18631497413
22591.18271285181
22407.554260838468
22480.70880365672
21938.726108823157
22300.847527077716
21680.38309373833
21158.550875676672
21156.85613724797
Score: 9.615545010580696
Runtime: 265ms
336026.353494656
305317.35157820286
269908.69191834686
233548.07127027737
190604.4843240698
167516.95803592645
141379.7857386052
125500.54650247174
111156.84818776893
92281.9767183188
80042.7071071777
74868.25845319174
65620.47167787798
60761.74190115417
55678.38103653581
50838.37473576176
47543.46027279841
43081.476122370696
40153.19787081031
36442.48111395584
33878.453048959804
32057.091327445054
31972.449680089154
31932.67481056337
32208.16687444448
31909.37052167804
32346.917969612354
31997.193370257886
32829.66412632293
32929.53261157187
30568.315617113076
29058.06776842275
29285.028000707327
28328.481591659976
29150.64878999067
29101.461447539783
28519.324580171004
29331.720086399637
28003.04825296919
28145.865577458677
26836.41709205427
26926.736283014117
26862.059425373598
26555.82759392541
26260.90657056699
26471.251652208437
26935.728063577764
26461.176218744302
25223.68721673482
25853.879382465508
25678.201008734653
24314.96427952142
24539.705195471757
23942.084196272823
24125.463596725163
23481.033703552122
23154.55340069432
23457.297443019936
22442.215304763446
22648.136123777516
22851.94850536668
22469.018361980878
22189.240272690964
21964.471571565722
22361.431652082574
22431.670402913485
Score: 9.496285632465705
Runtime: 265ms
336026.353494656
307970.20795376546
270195.61393337545
224765.78613339024
190966.32358452168
160001.59214371184
140291.64167649343
112673.23144205355
100803.02943704581
83902.54546163986
73406.14828130524
63539.38499946086
57144.92624737379
54339.167825466546
49417.110322460336
45867.101685832466
42243.060025054045
39876.20167277802
38820.62333515078
36340.31597003741
33384.46631637693
32466.626119207926
31051.34155508877
29477.69236685129
29546.498506293257
29687.208598401303
29520.728595232125
29113.548839055824
29373.537864500493
29376.05374535223
29558.285595729987
29078.682530368664
28995.62552088538
29583.732137248102
28908.717145956623
29319.20305226179
28394.872679785232
28693.28310175327
29494.503705611063
29026.326876244228
28557.820936659282
26870.4713522053
26746.645831431462
26480.76001991911
25943.73748773546
26320.934459102034
26172.498496475127
25874.062876713815
26680.5526922115
26679.881647758735
25750.723648548585
25214.34527308879
24984.107908478476
24275.933632241336
23869.271080152932
23363.057667213303
24227.277294015727
23760.481128482035
23289.65195575796
23165.786880332184
22808.61156489436
22856.89152977817
22683.51408370991
21827.139078363256
21552.37556133887
21095.27596689737
Score: 9.488647335532193
Runtime: 235ms
336026.353494656
303706.310402807
262320.72021888784
219467.4428522414
179749.08348411912
149253.1087075173
129725.81954554669
113647.5164467579
101019.5774440304
86123.9641162489
73867.26065781781
63135.73819057004
58983.006761413126
54523.3341110891
48609.69952125778
45180.21835225689
43016.77736045614
40952.42265440369
37232.07212810586
34645.481975470495
35316.43647833584
33688.53221719008
32984.039624023295
32247.935955955818
31789.020659778536
31338.532711685722
31144.64570321762
30829.55627366553
31110.85248244608
31335.82141507498
32077.60100520401
32393.446002470293
32911.466602600114
31597.30714451598
30993.131809205574
30846.401009524798
29163.821182165004
28908.536366113964
28069.68206194599
28954.015055757794
27865.15084569912
27338.612453001937
27752.23310418862
27012.493367713036
26649.053857953113
25977.28984275213
25096.87272924984
24801.11665644396
24317.974815831923
25957.83817366534
25175.94285798543
24885.602877772464
24853.584618514014
24760.163406332704
24611.24707623691
24992.64729858059
24858.25220373373
24562.442072131267
24819.055938367925
24657.526901097288
24560.539202120617
24398.16372826246
24090.059204969526
23466.418714714582
22766.107700966808
22624.434030962922
Score: 9.811764750528559
Runtime: 256ms
336026.353494656
305833.1065015105
267473.3788931327
220148.04885179683
182892.8701182183
150857.59220186097
129144.68092609775
114628.57588819887
94548.50694388883
79225.00750889788
69515.0401062012
63595.585325540815
57389.59028820808
55755.562705357734
55464.308204993766
53309.00831845282
49196.97739941774
46292.39591871284
45547.74611782401
44088.94315413688
42229.81000023636
39677.42183720722
37517.91432802021
35304.58495669594
34917.89022476853
34838.13882506459
34433.38093044965
32275.925852251756
32157.29857852288
31403.575588050724
31003.195705342438
31743.766425053785
30896.919989915987
31264.363354909532
31033.19023179422
30643.573075245862
30745.665304871658
29607.47794039013
30545.849790307224
29137.73343297788
28856.38263502392
28547.64598865173
28270.676085807674
27435.175964635768
28438.378423652295
29225.65730458792
28304.74437583781
28375.32439263119
27940.497431499498
26257.782034895103
27361.76469293961
26787.73000798362
27127.179262263166
27628.949937578494
27612.105931049384
27325.007293342354
26072.554955826457
25755.228397681556
25389.29505301162
25168.1050033711
25022.2088765316
25247.61699784303
24618.15927177499
24213.395279097538
24223.038402013062
24176.396172288787
Score: 9.25522679546901
Runtime: 255ms
336026.353494656
305844.12303782505
267969.4532059656
229037.74401378684
196107.74365311555
163852.41239743217
127498.03910282925
103160.2502148979
90465.78939431196
78893.09502819358
68218.58793599202
61222.91396007582
57105.61155993358
54047.62967414553
50829.14745353365
45331.17280607692
42346.053485536235
39833.70417653224
38010.383897590815
36987.61019972345
34587.80743633973
33606.295262001724
32400.750743920045
32115.959965553615
31881.124129779688
30780.66149555245
30463.20438803863
30689.861033074525
30440.905630997484
29880.05619875521
29585.83435683392
28757.105275236627
28235.95216146464
28222.780071116376
28292.935423591814
27676.13576119253
27870.863355843565
27439.30194673117
26767.44807109573
26173.68442601271
26634.84897671724
26119.495182273495
25728.731295307254
26063.137243400473
25923.115463376962
25632.530815190297
26234.688591430484
26114.30939817617
26146.05840327715
25441.678786052562
26131.5689424751
25709.56360277833
24081.040216885845
23484.878022666133
23810.35319761069
22979.980586329006
22956.682721356086
22344.141884015145
22236.835821493518
22308.609824611794
21707.86011008956
22287.10490578871
21296.27310342661
21348.622041615447
21094.74832104513
20964.5815553002
Score: 9.59298957142919
Runtime: 270ms
336026.353494656
303758.30087652215
260885.7288130016
218434.226230152
187876.3423603859
157918.26404637267
134385.41375831497
119695.02634955781
102967.18109317905
92282.52691880811
84004.58995791795
70980.53965482276
63296.22053597086
56972.78207727109
50803.28733430309
44512.70532449734
41062.07641814907
38290.36993232667
36926.90831700725
36229.28492659904
35919.271928038914
34585.025827347876
33740.93307405309
32875.686801306314
31450.600109354917
31698.17406115518
32016.147087582583
30637.14384942294
30084.66624466272
29493.73690216312
30432.651712767354
29849.835898547863
29803.22508252757
28934.994214985727
29369.918696559766
29816.733555363582
29562.026300262718
28324.694568258587
28721.080694928496
26948.44204102831
27803.79644051425
27838.46242756014
27778.49074534212
27344.91482158944
27042.51992226477
25873.572522940092
25380.35465209742
25577.192068391716
25629.75746798726
26158.883857892473
26376.437951233776
25861.314144141674
25127.905341026788
24123.923807220806
23985.669398328686
23131.75395567137
23166.86308584049
23110.353188759444
21939.885114058678
21168.296088098687
21086.714857532505
20897.036273724203
20347.98544938764
21028.67336492331
20843.78128107936
20965.72412488978
Score: 9.715205904694804
Runtime: 237ms
336026.353494656
305694.006282717
265659.9758341232
227685.65955475147
189682.39339087
160306.57020315088
140615.15874685856
119686.43025010536
104401.9647084186
90221.31118620806
77954.82215180146
68662.71233393943
54879.55978375725
51139.085143464355
46664.41937531245
44874.63009991626
40618.97839975493
38384.67757498575
36576.9581209479
34854.320661600235
34370.108554547296
33442.952922611374
32102.043176621133
32028.963297581377
30736.78254856455
29688.173879959806
30263.009336950498
30285.557763848537
29335.554095922987
29256.72387019735
29023.377120782177
28437.8169869215
28541.31160003337
28438.33952517924
28853.51437359432
29455.208686241243
29321.720503381497
29468.308084168155
30649.18293004517
30432.10302894354
30817.957470510264
29892.05822532541
31600.338090115813
31433.38949697852
31306.345017243726
30056.332760434314
29491.378961434282
29755.15715629976
29383.13679519632
28963.78034636464
28481.136501531397
27041.84489873613
26034.529569490693
26014.67735890078
26776.52931011793
26403.546148150544
26164.939051535926
25788.26110702417
25833.611089831615
24951.77570095564
24366.037262970312
24423.782760903698
23550.05839205324
22569.29975313407
22439.61802186468
22524.49149528899
Score: 9.704165371759537
Runtime: 281ms
336026.353494656
304701.52056964714
269471.6574641976
226453.42382475082
193654.42810951135
166920.56571931584
144437.07338140506
125088.79488650468
105431.66341308328
95867.15131411402
87367.0021293746
75930.14631586714
69948.06786438017
60863.892533568294
53286.89821155173
49174.66943823799
44704.488302092366
40923.70600298965
39421.41721965403
37291.1908161569
35065.07195725649
34769.94355551704
33090.93408670401
32374.352878339978
31464.87717551451
31435.427988422194
31131.327209162322
31315.72636967081
31813.75364318363
31419.487820249607
31713.95319075948
30668.550796120973
30221.00722755097
29750.056137686388
30167.932708059558
30445.453492261408
29520.26498288328
29893.83137666687
29818.692649107306
30076.989848473346
29889.330091762906
29742.79494378375
29034.925781784732
28178.57415468842
27926.966748407554
27933.158224610976
28206.714995486313
27620.11210137859
27469.7924141435
26942.859778658498
27121.028948185238
27077.420692832282
26504.570653122893
26274.34606581005
25884.642622324664
25184.335563537064
25668.649973731222
24938.448728489286
24853.20648773007
24863.22406786839
24920.69535644724
23704.070009475927
24301.084646273677
25045.89026643556
24825.841311887412
23318.856512447666
Score: 9.665527920850568
Runtime: 283ms
336026.353494656
310546.58444057626
271314.18795927515
226583.79863267168
190061.07859649207
162812.167933211
145418.45506505627
128385.19045898893
110625.79650387881
93855.17993331995
82742.14458522662
73634.69244043872
64097.412542035316
58175.69544864405
53162.5645189865
47579.8269209782
44528.74714199596
40611.517051409275
38331.90731478689
36431.29884439871
34759.15450564303
34409.873503262046
33441.27662074875
33205.14231071592
32743.662863578986
33623.00389157169
32709.10709329766
31746.67920337053
30891.093468673494
29472.758421075137
27845.52396415349
26787.39796613006
26477.311891790883
26986.032072865088
26948.496221993606
27284.28087123159
27626.313787942694
27532.2675382662
28245.760285735447
28605.916468687483
28004.144760773997
27073.356105687504
26296.893541937985
26222.396635296926
27117.93840712672
26890.956394158504
26251.66715134567
26111.66160954519
25678.051074515588
26399.74114792666
25632.972936444752
24846.998554665086
24342.771201964704
23092.35516805998
23466.380464943646
23053.34636865978
22602.512668710893
22875.592491354335
22134.578212581273
23098.494900055834
22999.29903716783
22383.533399728927
23143.181857949414
22268.333207130185
22088.938320780482
21980.456630212993
Score: 9.732226516419615
Runtime: 268ms
336026.353494656
295594.0374455467
260159.61034664666
225548.17358303798
197007.52436301962
168180.71437443473
145931.88098484036
129462.08409480892
116114.52168302338
98532.63459675753
88076.55751229404
77074.24673057959
73043.52395926445
65162.79183620137
57377.722974620236
49267.042615018574
45048.62232237645
42075.53302164439
38608.523332462486
39332.07324321558
37621.97993305712
35098.879715990224
34090.06649519029
34332.849673139084
33900.98366065381
34254.42934120278
33928.26446512257
33082.67248456422
32778.05611022583
32152.588390456327
31232.21330503925
30297.946782100695
29929.593748282277
29463.394388774836
30037.844070394938
29322.256942991953
29738.03365572641
29319.421279274677
29282.854200444086
29678.51101153232
28845.835678887608
28744.127043557564
28296.935170625064
27923.617964539495
28067.622405249844
26641.470547889454
25782.8760547569
24772.999429344218
24860.204276803765
26514.294048388445
27453.43027429319
26748.137460328147
26196.91715186729
25347.97103275882
24341.923915154115
24503.36873662041
23779.924771358706
23069.28552595927
23494.656101938213
23258.014487770444
23215.076113696934
23897.158793296872
23145.57116541815
23049.360199725554
22770.56916233376
22904.023529797407
Score: 9.672987163008187
Runtime: 269ms
336026.353494656
301070.3475496689
263657.0940801082
230687.41295649193
197042.3732674344
172475.7420009889
149626.2463248539
125026.34403907596
104095.18384212814
94604.4622243675
83745.77829537114
73661.18035607504
64641.115309967216
59189.78029296048
55386.27156943188
49948.95221084889
45690.71908769388
41265.1287300861
39005.271510049424
37680.61883097686
36808.47151383439
34974.51762465729
33125.54299202421
32577.73412768524
31371.153311036393
30436.556791186158
30333.14066370304
30458.36080807684
30964.23020729789
30704.530775630014
31037.857676679643
30340.35476661042
29389.296903176608
29201.092981367656
29046.824126718748
29407.37270894625
29545.931726620198
29608.389794603303
29000.998986613842
28636.319477764933
27902.9275049869
28117.478609592014
27246.792289583173
27207.211355830164
27550.492624485603
27452.827433622486
26661.267664407875
26767.078652195996
26060.233230876056
25518.4454981832
25830.972539237122
25532.69712106818
25076.71740388954
25312.4159657858
25480.974587494253
25114.66139905695
24633.116618883283
24445.705100738684
23966.83862460062
23087.740930629217
22648.43133092017
21910.06291479452
22468.32651945002
22943.54912440264
22752.86410950127
21951.49644607048
Score: 9.40802491832597
Runtime: 256ms
336026.353494656
303504.2921606934
264916.1967969145
228013.28331800125
204939.7130346368
173451.997413272
141813.8456071958
122135.26128319603
104085.26103584102
90887.87242907559
80686.32595503922
70188.86143976674
63115.441736724955
57495.563007352124
52182.00453909624
45450.72635868198
43740.7481203696
40387.06302413422
38477.11502516929
36294.78379606276
34230.6818441231
33303.709666480594
33103.65775035218
32263.473559825572
31350.785287990482
31985.59639872657
32001.08714844618
30339.48684621201
29429.785960195866
28958.9826149883
29290.414566868283
28907.73074600335
29009.803466394085
28671.14326354388
28860.082128466798
28897.265185720928
29919.99971152023
28975.599406444733
28815.109443965383
28982.804390962778
28287.518701414036
28211.307313100697
29227.18054744756
28680.721648129336
28042.63150809292
28368.264762294086
27009.76941289238
26316.249431496446
25926.857285509068
25192.637687250484
24942.2107666243
23845.879924254492
24601.811999384732
24553.744717030466
23825.305523888397
24015.276340859105
23092.68560025925
22877.863376926292
22014.642371124526
21242.345746411705
21558.728246687086
21345.290237215326
20628.00062848078
20786.501864660884
20109.605173773354
20791.28395535806
Score: 9.749656541407
Runtime: 265ms
336026.353494656
309365.14182402653
270586.3870679703
232164.65430536243
202990.25201855923
167265.27833529175
142952.85299324172
126419.94743919557
116147.14458688757
99831.16047192652
85884.38216869526
73398.88898244691
64389.79924796222
59420.179013994915
52283.82339771931
49435.02046796893
45791.08911384123
44928.3528192748
42028.31412853865
39665.94627033037
37898.960021966195
36242.76109316775
34727.518599052164
33479.465777683
32455.03196739062
31462.581867230158
32273.165541888782
32126.250366197026
32371.435006549225
31306.501572549794
30711.16409647386
30298.96664780315
29417.35158593583
30115.558019135045
30823.385131243926
29931.690175364987
30350.188745515792
29698.227555375794
29268.726199084063
29578.152171596834
28609.985274455743
27922.81333023593
28384.973195555816
27077.624819226112
26648.80917485325
26238.888373453312
25798.17132760742
25110.981934042302
24677.536454062792
24699.623665580806
23617.831549153376
23863.27971179488
23066.48119997341
23778.800009361523
22956.49106676173
22812.286365734588
22329.470999460482
23177.285648108787
22872.397365101664
22338.70227248972
22048.566226989165
21513.219018487296
21085.820954855306
21049.24259723392
21812.439337633317
21707.40041659744
Score: 9.774548889270179
Runtime: 274ms
336026.353494656
303160.4603659951
268906.92420110555
243314.2228467302
208871.69251987964
177985.87672348713
148092.41470080253
130644.08414011203
115689.36153265879
97531.9688518985
84060.63105350023
74405.12769947622
67685.34707058645
60399.213525304825
57127.97995385595
52012.801010091374
46994.48231193052
41907.890930745234
39343.255603419086
39201.409771096
37420.74765245388
35739.981806383534
34247.81091457823
34148.96679607009
33284.37665777493
32931.33437239005
33274.115785974675
31441.91274103661
31272.700199515362
29606.661041862128
30121.546286017936
30488.041884863796
30406.820160814892
30536.615485031136
30246.477121670603
30522.254010870813
29783.555075682696
29571.858567618838
29685.471638033552
29504.317894264525
29649.939079510692
27806.2108042034
27643.45639319446
27147.823233268908
26805.97907739584
27109.418414465432
28711.186430617097
27493.395619862302
27014.617462263675
27771.424242927293
27245.09431060514
26932.49659258521
26622.91733079561
26395.235311359527
25279.47454509844
24914.05242651266
24984.610513541236
24590.72610077936
23987.502355171273
23230.102418650695
23065.7373219976
22859.45098992211
22398.898893702637
22790.81478116229
21761.171476308424
21512.440044211005
Score: 9.844537625150734
Runtime: 263ms
336026.353494656
308795.22228218254
274207.49845458556
230317.25335278717
208037.5381691772
177312.57534550602
152563.9277354049
129101.23583956082
109482.35506958117
90511.5843433473
77642.73894694337
67958.3865523275
60655.02494443023
54291.85941706594
48975.16032361498
45698.00141817326
40904.91506707487
38472.70793661069
37438.95780278705
35559.125796661385
34349.671121063984
32126.62857456707
31142.94962865551
30782.460079860393
31095.23263839812
29684.545884453597
30354.88147470968
29896.661680811103
30918.36260876615
30593.415454225775
30596.25819479667
30918.165220072326
31427.4738361378
30985.652373605528
31391.936294224015
31250.18089550808
30365.747825666618
29673.274390612754
30251.785397012292
30046.52336124581
28937.05410622193
28936.039743510937
29082.318550931435
29665.5065804599
29502.333353474434
28932.82517869214
28879.970856324646
28419.433940920913
27564.98046828759
28140.497987613446
27057.15377123061
26424.343652034113
26404.4890479501
25839.544285494037
25856.069998210907
25172.153796438466
24438.57586989953
23612.691835594906
23681.17942976043
23323.048913844814
22953.292640307787
22356.943206964555
22519.097363480836
23113.853858595634
21689.10640257568
21540.047007195277
Score: 9.693632750828325
Runtime: 227ms
336026.353494656
305650.15118607733
270752.0684500515
239811.87473972302
199571.77097967354
171826.30780971426
148697.30198178533
122772.07227604395
111613.907646045
95062.6249274094
77275.2840616987
68980.79475581023
64315.909839285436
53225.183741167864
48302.76699578857
42920.287459168496
40485.72348835428
39181.117727908124
37492.65739330591
34748.24476990571
33125.289817211415
32748.032968836294
31750.38168389241
32157.568653813392
31819.90144989818
31068.479546773837
30502.46603102167
29891.46915878478
30471.572519192512
28998.342955288157
28138.174015802415
28841.36226599409
28574.002192850417
27910.70820583949
28289.851967364735
27805.352699235067
28081.10630784144
26825.796689813425
26239.320079108693
27045.402213651843
27218.874543585378
26131.11341833096
25682.226438417405
25447.01070837046
24793.843029685664
24165.708015104494
23819.293177284282
24379.63495017287
24344.868676877286
23965.715223790165
22946.08356408104
22512.746649062385
22436.429660067613
22654.161231946353
22316.417400344457
21482.03975160563
21872.88559580524
22276.06664321687
21905.861759339303
22388.17131428625
22394.365119158894
22745.304887652463
23069.151891288573
22694.474451162325
21868.53325544974
21667.521832976105
Score: 9.668425005685702
Runtime: 230ms
336026.353494656
301230.67484272167
257247.4143039604
231261.99189816538
204642.52723495243
170058.64933000438
147314.24678056495
127026.56356312204
110696.22986724303
97846.39341314691
88117.72926436889
84127.78013383974
72178.19082552244
65724.52388905532
58011.10373218296
53250.05963979454
48593.420627934946
45543.42191261206
43415.04260163754
39729.25142424622
37084.630029132924
35998.917760230666
35389.734351409876
33563.82501732649
31475.605324438304
31136.605541980956
30722.429216419783
30615.625351227394
29385.46570795705
30434.823272656653
29965.08996148468
28521.896594974653
28570.991908595406
28900.956493259902
28989.751891581735
29155.719380138147
30112.893919005048
30588.62614067248
30225.67488178529
30280.20483183448
30159.121303728924
29547.200910780946
28702.0203757554
29184.048457280303
28650.782160691124
28373.832575857425
27926.08581542522
27238.25099005721
26435.91699389291
26136.677060454975
25501.586525666262
25940.618222427252
25479.27564086632
24912.921932372206
24710.68566435124
23592.558753676152
23692.10975150254
22505.48885875634
23128.992879929137
22802.886411596646
22612.568347289565
22109.1952322193
22234.196438725172
21772.540608287993
21003.320011691932
21610.585463199248
Score: 9.533861057643172
Runtime: 231ms
336026.353494656
300739.8477472703
259140.77110569406
230196.99344588505
199525.91607681307
159105.22967839515
135108.37626568484
111735.51733149185
94660.24675169398
81752.800757791
75183.00561280608
68584.20115909488
65118.99257608807
55379.76820758135
52585.74660096278
49503.48387718868
45610.73908773754
44680.81199385569
42039.27280067584
39641.31301968705
37742.90191033132
36206.10339354525
35364.575649360166
35049.62263163108
34398.020918191345
34171.94974051001
33438.83866068749
33769.71252252325
32842.71127065547
32380.455618859385
31384.52320712855
30208.199426837138
30083.122603601536
30350.66641566969
30421.232884000183
30723.79593482752
30587.173673854875
30537.85646460742
29992.913651468487
30526.120387487423
30383.08611452698
30063.602540757027
30788.92338054962
30240.485501067156
29676.52624126198
29751.622882302887
28126.09210135714
26543.02269284678
26939.14188593975
26262.047839851733
26036.20495423788
24615.310825610864
24564.433191547705
24568.522599675885
24940.62182935892
25001.65570575537
23775.098839092065
23028.87275425353
23251.877609763407
23233.611267915556
22828.338577320643
22697.3197972549
23203.636822888515
22526.62074856131
22602.48050484854
22687.96758206291
Score: 9.739627186460455
Runtime: 242ms
336026.353494656
304087.8449676107
267558.7431651559
232795.21278021508
196636.18835001488
173047.81719867192
154926.079900975
133563.24406447774
116029.0819093583
96386.46554048349
90441.4322825289
77093.83167476467
71103.11617663555
63590.17921966588
57681.91601962334
50328.42806291313
46646.83004128818
44324.96814972007
41062.63825188217
38834.92409518923
36261.32648295884
34990.52523964447
33398.9986445433
33350.64913107983
33105.53921568663
32912.372079472865
31091.448761100033
32448.33879994344
31434.080023892497
31742.2637851729
32938.90085187248
31560.418178255535
30896.849168498524
30591.95081405741
29993.675797576947
28253.937283439864
28367.086318155434
28608.81272748483
29645.60410980724
29135.391291414267
29418.741271188304
27876.83473924609
27938.76719631172
28478.58057925256
27933.690982283424
27579.7893763525
27669.298714553497
26966.3055553693
26661.15220280026
25859.425952697915
26079.51612536811
25744.128731108314
25134.798006534333
24860.21956790436
25677.148083531727
24962.691097528947
24449.20755017401
23835.014371372963
24020.35093166886
23948.30706482692
23601.141812559195
22956.067300816674
23529.586625017208
23032.74103105176
22513.871192293886
22692.947459373067
Score: 9.41010953669252
Runtime: 258ms
336026.353494656
301744.41965986934
267453.48809113755
237505.39950114625
201582.26297230241
175573.1084771405
150062.90050369938
130508.94239740365
113570.20520720162
103584.31468814013
92786.99534911035
86574.11207873847
74941.25746065564
63967.58168713744
58535.37529167647
52323.97189638836
45092.7192108825
41877.116371377015
38851.264403896
35271.55056726367
33712.7457916791
33528.829602778205
31896.083111717635
30489.641539694116
30410.893465345915
30263.348444630898
30087.138141867337
30257.411179662206
30239.554594599686
30307.324038459137
30751.559545046683
30096.759583145067
30362.30087222474
30602.230559153322
29266.99766181245
29081.839540034805
30063.711409095828
30159.552028317616
29209.183050345015
29218.51945762617
29223.296503137997
28436.62961497381
28250.12823095231
28296.940192698068
27591.803601069394
27739.28008699324
26453.76833857112
26696.913651665767
26312.977498657823
25430.414245271324
25242.780535164737
24749.058450659046
24221.891111467627
23335.82932491877
23918.49084694999
23458.128568917866
23225.024332612335
23279.160696623123
22430.050771704886
22040.48443136311
21769.797137818816
21663.367137136956
22133.774964993743
22182.20829766984
21826.20118692862
21514.953885982784
Score: 9.576558189543679
Runtime: 263ms
336026.353494656
308209.95431360614
268398.50321338966
237597.8976669786
200387.85368371033
168532.6819224212
140741.90951237487
114314.93796219717
98563.58049936891
85664.09263961081
71468.55276975875
64649.71609260792
57210.19013092351
50349.721469706834
46619.840638192785
44496.908295114124
39826.006701431594
38100.33984971623
36950.63129218095
35216.22462003311
34835.476998789905
33734.00157200911
33782.50607550077
32886.43491223556
32753.960822045676
31788.987330188553
30415.74986720446
30898.524666808647
29418.304618456074
29894.942863382537
29771.783673705504
30119.407423531953
29389.89226652149
29592.619532434655
29250.230402607383
28559.540137627402
28964.829780841243
28609.300774858544
28568.771333010704
28382.08676183278
28308.92641512822
27622.466902397435
27011.899165824812
26514.52708432142
26840.09290417409
26288.75140437278
26441.52603835595
26108.569161425592
26370.60905696656
26575.464914927208
27096.96542972091
26285.652344348226
25486.391840257093
25408.551300231615
25382.11965018739
25385.028818488016
24787.915367205307
25023.62827544279
24407.94979814972
24051.80419554725
23392.895916752423
22249.47900990057
21962.4181606877
22524.921631193916
22782.72218263498
22221.769200263254
Score: 9.460906573116837
Runtime: 272ms
336026.353494656
306251.83143923787
258124.5943552637
220207.95574119347
189020.92712759503
167358.19507531502
140236.2227206547
115861.29561447591
101849.81577451825
84371.71547332083
75237.35868583024
67634.37282054723
59398.34864331571
53079.31575483817
48383.7112065485
45109.95782876619
42058.03257170776
40747.19128943424
38639.01192644336
37065.506913759746
36595.66009785636
35419.83222250804
34799.83968930687
33252.48218241817
31659.3744525571
30808.53878519283
30944.68363857088
29358.603859596868
28882.41668609753
28354.083346644387
29260.944101753168
28651.909404131235
29016.928504804484
28948.461242015095
28844.898753961123
28490.64492078384
28454.241476363906
27585.77294176146
27100.011890293667
26321.000658194884
26245.404562343774
26205.69869268459
26421.526866116117
26675.08637638606
25543.052734175923
24982.85621263889
24724.122439952065
24173.295895652875
24260.68039179651
23843.83750884376
23931.502349758666
22911.27014861781
22394.47269426886
22482.085222225785
22521.357494265812
21764.998054731524
21253.96415533975
21281.51982097968
21368.300306926692
22147.2887534375
21408.014199020978
20616.15035626613
19969.508868550376
19864.168959615326
19109.41495508895
20106.202235377583
Score: 9.647720962497264
Runtime: 237ms
336026.353494656
305196.0327787435
269934.07774102385
241657.18068821565
210533.87069923777
176651.1080156781
151833.36133950786
134666.53978708762
121399.01197472085
98781.16630362421
87829.87809504342
76866.37844030981
65511.153619597615
57551.95361935957
53191.62896157937
49190.09550758092
45001.10333960157
42593.488359801224
39546.58832110177
38547.228149485876
36059.466136138835
34588.85495167559
32981.15242300586
32223.934790013624
30671.84435192337
29776.0458929586
30134.505948270653
29339.318845309994
29904.9423199717
29671.22550053375
28490.23358703901
28338.013397367402
27981.870699182808
27972.189038454417
28575.509088171286
28344.804284330632
27752.46633826791
28449.227119608946
28667.856555339484
28817.663419507087
28119.914705659856
28463.400394364777
27154.126337605478
27210.73669108103
26688.148236503544
26073.503535070744
25654.376959039346
25174.079377844657
24859.76685908811
24138.39293313582
23626.21870813694
23773.574173005007
24158.096055210295
23984.904741275444
23767.076340072726
23656.013036022912
22881.18079271751
22966.344787512644
22858.9090455759
22557.108335598296
22362.8163606717
22005.383260435097
21637.21110515888
22124.48589149985
22941.408046419954
22892.483586731036
Score: 9.747313954934233
Runtime: 235ms
