336026.353494656
321660.5181224682
281802.76263729006
265487.5397343952
248876.99588708542
214127.8805386702
182988.06740552527
143408.7628142138
127992.00191585589
113546.72787574546
103586.87712921944
89624.03163334874
77753.83190786025
71511.1021281785
63476.623364406856
60688.09451320544
55314.21912429256
48966.06771429253
43427.877367204936
37932.56042866341
34439.14141819432
32384.72211142405
31023.099371749704
28339.54204275624
28431.4808819088
26433.995286723664
25173.09931592746
23812.772839789755
21828.72846319842
20947.259759631936
21512.81496755504
20494.418706456367
18772.193975110364
19640.873054739128
20311.8257298574
20303.844890229942
19755.298637448646
20911.287394373834
20207.573004818536
20245.908703282355
20438.891720683343
18929.83002161332
19596.99761339549
19934.050575964062
20564.67028062585
20925.254726765867
21263.043066276772
21515.00992495758
19900.015040311082
18190.46788459741
17945.44601298308
17210.602082975925
16343.13347388948
16579.45769620991
16449.39951441307
16902.113211866057
17054.525645161124
18239.098197961204
17954.03953576119
17101.07728074629
16604.386688305396
17208.625241833688
17379.386238209976
16830.381953174918
16371.114036320505
15762.782552272902
Score: 8.812363743075476
Runtime: 236ms
336026.353494656
293842.79333866556
261688.2342453036
231555.71488462324
199538.57191101304
173273.25100126563
155839.1910032557
140035.94424206528
119720.88452966414
97033.15417470656
85012.17123491701
71762.29599914567
67767.54376266905
60686.92763721167
51965.39733160762
47259.46150380327
43186.86007661948
38830.58127707556
35808.46263858899
34177.18429409174
30108.355300426556
27139.919893620827
26178.390869382478
23204.451831617287
22706.75604935864
21723.636575798664
20723.46708217113
20365.918112995987
19503.84636029468
20058.443192486826
19577.791118816494
19378.166735424664
19966.763824160284
19667.30052448821
19641.820237342545
18984.408320964387
18215.453948101593
18379.206136117176
19100.056137408177
18256.092884577385
17642.322189505445
17176.435231330597
16417.007573628165
17057.804332373922
16504.098767919284
16609.031865889934
17584.074765428395
16961.0919094198
16847.57107810983
16125.810275107273
16100.587654905765
16243.95836990251
16177.550766296916
16529.48904457533
16273.518220499871
16509.62515048622
16206.328663862465
16343.728659217133
15722.281002235497
14917.296845216948
15280.309053805058
15805.269505181868
15318.352944207287
15691.366409702096
15737.83263804584
16066.737622508503
Score: 9.28820990793708
Runtime: 259ms
336026.353494656
301963.3858220252
287185.32125829626
250448.13754773964
206978.71917099503
182391.29901978065
160575.32422073436
123006.30817832275
102417.8587275497
94192.6587215249
85244.15900683678
72729.21106086025
63668.80345062811
55744.167064398454
53841.064838059545
52172.664135085026
49240.63010301429
48083.8207465493
46451.65955999411
41706.87628656979
39584.24594082341
37512.465077469664
32547.15195360564
29063.56245231984
26932.527804708076
24532.296493682778
24465.30473197089
25464.82260786418
25220.145413096285
24298.019004137288
22686.223467114534
22511.379320283406
21909.046285045984
21206.409172667296
20078.06513926513
19337.368644482853
19526.56535393769
19111.86825742229
19136.375874161145
18630.73860783014
19004.892274882375
18955.402517607992
18210.63680015861
19175.07095432314
18723.921715405148
17730.177333479285
18431.685244293843
18610.22164119603
18740.501344905802
17918.048071118905
17956.529358043357
16948.313128401547
16692.237891282984
17061.56334894454
16784.017017730937
17248.31626613864
16527.09858691653
16118.900172457605
15682.389697814266
15636.274884551647
15377.939957851117
15386.418173060621
16742.97195944872
15934.820989319136
16545.608424222166
15387.681519376141
Score: 7.746006623326855
Runtime: 258ms
336026.353494656
307162.7643516698
295504.8067050925
280271.2334813982
246558.41599537505
220190.69984569342
202598.89768062008
185153.30589423355
152375.9998876555
138659.55555915445
119004.99917208233
108613.69157375045
100007.33497667678
85405.26299152775
73908.28782407995
58732.20405815727
55278.37665527538
51213.4367577345
44666.10431669808
43551.54776823492
42885.85874259522
42036.73002869305
40730.12921027481
38580.49045776782
34265.04260336958
33471.129888036376
28875.85382671818
25856.504686862016
25642.945535942163
24356.790455981278
22964.51691087122
22767.1035704281
23248.28228695274
23667.901587646
24158.41819087898
24004.016948220873
23292.481304637673
23048.5985429677
23331.688386183196
23008.68472494427
22742.662653102077
23191.354460431652
23329.86081722533
23754.110172490397
22085.173929209614
22444.319937637265
22455.20318792558
22894.56852331333
21317.708184359017
20227.275748491025
19454.114075576505
18992.259474978197
19213.36031609456
17578.343159164833
17373.739279035508
16222.542956830206
16299.0209841125
16257.935167968442
15491.963202195328
15187.00237802347
15325.125865037708
15497.775351323631
15775.695586991445
15589.029008949774
15650.965807178158
15954.52653696609
Score: 9.265811157280195
Runtime: 267ms
336026.353494656
323293.234556628
310345.8505872969
280508.16192709096
242789.00228875031
220221.05816185102
195752.54559576686
174404.8489603075
148959.36288461875
135078.8835850262
114253.10191882815
99943.598253223
81338.30456561554
70118.880795345
63103.966134940594
54755.577953557615
49994.94527590088
44195.814076542134
38625.284172858665
32170.140093041213
31713.415695423733
30923.018397985496
28030.071308736173
27771.681281710422
26455.073317066697
24547.7915941623
25000.043054804442
24208.98230610521
24162.95834666624
23489.02138454761
23535.275708174766
23874.97433075934
23166.93328984747
23537.287958653564
23623.9901576802
23102.299248573025
21060.989058773892
21370.44399074183
21327.360925594967
22514.810387897352
22625.343931126925
22516.45813234552
20184.93796221945
19312.915265065687
17754.590656417815
16803.497877190373
16478.372528884076
16756.289798492347
17625.996354539813
17904.270173054934
18475.95514568051
19329.88495468048
18826.37028128184
19036.20560249295
18457.25372986797
17495.259152208786
16912.49786722826
16481.978615932305
15513.903821131473
15505.370563272867
15251.919360856591
15237.853048611363
15866.123719869413
14998.657279219702
14954.248438798224
15247.11393286964
Score: 9.687867631915951
Runtime: 265ms
336026.353494656
315740.23364813277
277193.2448013778
263892.0388835386
218943.02866863925
190739.56719889777
159558.77661648096
145265.51388100837
128398.58410863398
103307.74526540983
84865.03885916962
78321.07014363896
70062.9451386071
61815.07885624741
54532.42769588621
44473.680808319055
39251.08924965285
34317.944166052075
31188.172213859074
28444.831753797345
26460.746475891483
26743.193483372772
26871.560274940544
26688.98334561955
24390.69787119818
23589.610302575096
23593.257851646715
22276.435995577704
21340.74067217483
21088.803444112313
19744.241897330892
20335.22183110663
19701.998131173525
19757.33537977883
19571.346410785372
18656.138958522053
17630.379269849458
17367.754399359117
18776.074526255943
19094.601935309005
19372.14667932939
20910.716374587824
19960.638824857728
19168.382154707902
18299.919456590058
18018.626189454444
19107.98289633496
19619.314656117564
18497.081171947477
19083.825256356165
18743.918098226517
19764.1013635879
19308.61858934212
19624.960472455445
19204.590230579284
18019.435690073668
17777.87322489607
17804.435728668217
17060.292667658272
15689.863322147616
15601.44298934426
15730.868063589756
15500.826782193088
15610.361948672167
15849.141575185087
15883.297177533002
Score: 9.003219157287324
Runtime: 262ms
336026.353494656
311968.99810388155
267895.63342252857
218012.13508281377
196214.62564666258
166340.349772118
151441.07344245975
134790.77097681674
123827.8977622842
108188.62317105632
97776.93191561286
89620.05911130998
78153.99090502542
71850.53880859075
66220.5025099108
62987.20150239163
60341.370253316025
55141.44614122705
50373.2119549378
46974.52210561257
40783.050082743575
39294.44844418182
34760.585660572964
33728.92543543073
30596.551154067423
28295.751523665433
27995.614949269046
25719.097066548667
25125.16347042899
23722.928213065166
22780.147962733397
20968.191721756823
21005.36029053227
21418.1407500049
21278.414352111642
21037.04300469932
20094.83059581909
19568.82704626234
19212.292307349857
18439.241085235924
18394.708297765363
19195.602543210556
18412.0477191065
19092.62015069039
18448.443280478186
17420.115754405037
17473.918360170057
17513.42703414639
18811.794803295354
19095.896471228098
19080.62472992274
18694.97766491231
18190.941121884178
17561.98268143094
16808.06672758806
16993.067822141744
17822.593258803332
18909.358188032496
18556.33189597634
19228.51428040283
18874.08714168375
20220.57712715657
19906.49242136379
19523.093837862867
20005.947531899485
20683.442876296824
Score: 6.0544890558423825
Runtime: 279ms
336026.353494656
321994.90659788
302009.9748120497
280412.82643256657
241618.27757229953
211993.36584055715
192555.46330112754
173849.9194833758
147450.53547700195
129365.11769407122
114607.77500504338
94743.77065383566
85471.95380383321
76336.22119830098
70851.80698394241
66480.6824971642
61776.55986645546
57058.00665588246
49441.74052601528
42071.56075701849
39821.65616750326
36141.301201308524
35462.68171991822
33089.4522029578
29159.655311131566
28517.381858551118
27036.422012795178
26028.934424664792
25602.399899805227
23136.048625119463
21737.619083968842
20578.808179477826
19114.344933865716
18059.382970418636
17658.561754852326
17019.290183742545
17434.376153915517
16928.48462324306
17149.3483285987
17209.42344781336
17933.55216737857
18602.05050186334
17964.94251712079
18028.480806113996
18410.47353031994
17866.791257381574
16812.581806480877
15799.12758114481
15647.932614055315
15152.411636029761
15038.063215939495
14460.8783668274
14563.63171226011
13762.002344349785
13856.776699322007
14206.59181676128
13643.432515922508
13462.372226528276
12280.799944165017
12242.423076530411
11721.124675269555
11911.723194667335
11612.753444299075
11778.876663502879
12185.7493697965
12329.681406171805
Score: 9.865454750927833
Runtime: 271ms
336026.353494656
314097.33341721847
271071.73663917376
229538.29891702422
199680.1877552905
164973.96836793993
143781.06958230303
132267.05762142863
120859.88385490945
103799.22724522203
92772.57740126735
84434.06352761512
75239.73863671214
67018.21305584998
60541.27774540779
51763.81785838373
43004.958969906016
37935.066847542184
35138.93545649277
34504.73010747545
32991.86489038361
30725.19867801311
27288.879390928727
25461.195762733612
25267.92378087096
26032.990241963336
24435.667191662258
22245.88256868631
22625.48742740958
22904.187213834623
22738.06117752403
21726.804636122928
22131.383152732
21763.324993285
21590.255622756395
20857.78240754216
19128.05915643456
17606.617694619603
17416.503012216785
16726.78258630206
16367.877795427597
15889.137832631308
15891.533942491846
16099.721789820063
15623.064484891042
15385.523766539225
16647.341271632748
17022.009997773686
17010.098374548954
17181.541932503682
16540.94578645801
17322.77327730787
17551.01190638965
17656.53787539908
18195.613010603614
19173.736336294867
19784.24726663521
19568.4250878814
18609.972302961836
18208.186447659835
19200.46867813338
20219.42146684102
19310.22502802887
19403.93771840385
19346.5534187836
19306.791144014103
Score: 7.523401502676398
Runtime: 260ms
336026.353494656
294602.3955671914
251475.90096603762
226057.82263637616
202856.75914981103
174646.9417516865
151420.38853354493
142754.91379645086
120811.66473399848
97880.04229823126
90960.51952554009
76215.9770471923
67554.27948088197
66209.61245739307
61819.567275397516
51684.42130715512
48837.71050915888
45362.60233466705
41757.066093071706
37823.66308942755
35976.75566112898
33447.34614326115
32482.166897495168
30796.63650414334
28962.682383643827
27503.098671861073
25862.40038136935
25152.157079023513
24906.23848546312
24154.66508539986
23734.02997966969
22010.136862756797
22754.153343813898
20707.885459178102
20057.599135741068
18536.537552661266
18832.001880924687
18430.89483696235
18537.626181319567
17924.956565657743
17646.582463184975
17668.82218561996
17932.00164974018
17701.526817974984
17461.814710858136
17024.683305489394
17085.454106831294
16547.545639649266
16761.204749892757
17479.59400808942
17122.90709116341
16926.180827332664
17341.10710603682
16719.618244665577
17401.684207073136
16991.161325996665
16737.81362228062
17078.09719470153
16318.698339037146
16887.8509156233
17910.16458627988
18559.7244108987
17943.980470464023
18015.707961747168
17503.278188366858
17894.0020016345
Score: 8.841530485228247
Runtime: 266ms
336026.353494656
307683.92597915925
270205.81751722447
247968.0903914047
221578.1800008354
207245.6945384389
175121.88304493076
138203.0629697176
116194.12719459985
101837.04948193555
91203.35530869912
81188.87671322378
69704.39875539586
63049.148199008196
50435.83661131985
43638.02244160571
41215.60653748689
37454.813911860874
35091.12182173383
34262.11375368309
34052.134028628505
31405.64660565726
29484.608931428425
28019.268253797352
27530.78477611903
26564.993379483676
25151.70148544952
24723.498944100167
24912.851264788325
24877.3829171083
23970.9780636444
22306.307898098323
21681.709325522526
20806.122813576567
20052.517112295198
20275.784001076096
20351.833630280904
19839.347895148923
20547.32775467237
19815.520439032454
19313.08909021972
18941.149213886238
17864.191775894054
18112.78144842751
17434.308976296965
17194.840773401396
16680.542784304584
16541.67540806474
17253.969499065443
16611.303684251998
16618.067328830686
15948.887401553779
15567.605605629697
15182.734639813558
14877.172941469069
15291.019241455408
15372.100855072165
15151.388232455378
15028.643085047725
15279.646300455217
15079.734279366101
15173.608898000995
15071.53928221877
15422.124960469957
15518.357214057165
15044.90231991326
Score: 9.263803035552206
Runtime: 308ms
336026.353494656
323880.102643055
294098.3147253066
259867.47834229397
217245.63449441994
187780.33715084242
165035.08139650416
151279.64525063385
140706.9592942475
113909.34385029718
102278.15447110239
87337.52369311241
68868.94060900137
62599.92791821446
55981.95859122729
51366.06277410806
47006.70687391683
39594.54261151713
36835.856242245995
34333.50544039854
30050.735263682516
28494.901790016498
29086.085804198086
28600.566816254053
28197.901212096578
28086.808749840868
28087.81621091983
29462.059321967343
28698.14329538086
27608.283041453662
26143.853764322383
26321.71198878589
23594.891306263336
22267.740549598297
21355.75000231749
21056.024671317813
20229.64905288667
20751.980978834275
19559.294986828674
19397.679261340567
18148.334672029985
17417.36054595915
16262.550586755144
17004.38958262492
16573.001827691027
17369.30627977427
17560.80169674562
17165.628790670737
17192.346060956057
18027.84378707206
17856.278478597334
16909.90180632198
17491.167948955364
17423.11921498311
17212.508567420417
16948.042855366883
15340.775687723028
14869.741958402115
14477.409439877416
14536.906941408886
13926.574900204605
14355.169469093695
14162.837618682508
14486.115086106189
15679.116548012327
14982.02602716861
Score: 9.818141888041914
Runtime: 228ms
336026.353494656
293993.5376168556
257544.60307397268
237314.8750415796
220025.82757620706
195371.3148747835
167445.5889991444
146965.99458182082
132284.52149691345
123297.66306791615
115343.9558228278
105432.6519665949
89317.41437486834
77216.52487677844
67046.54364862607
60850.31856773022
54557.9788490495
45788.819185229615
39179.897715026505
37406.32023866614
34963.39526018302
32483.71137319257
31656.529484074934
30806.25965278682
29965.328905469098
28929.647365796038
28245.913487041867
28284.045192947164
28551.886982691613
27650.199416306732
25751.2276674084
23908.01502659372
23585.910041790343
21808.116616304495
21956.720364322075
20383.702525921384
18961.92769609516
18220.97528048163
17373.051903537118
16990.865910931625
16445.93045169081
15949.159445317848
16878.1684094412
17904.028830533054
18033.329678094276
18073.288199309256
17696.22285299828
18166.628668993435
18064.80419039568
18001.95141694458
17596.70737294112
17207.454323896036
16670.2734037809
17423.717289834607
17182.343060971452
16940.844540269565
16681.747199518322
17173.004734682512
17591.3643951801
17142.876634785098
16688.989582351613
17021.799899216763
16114.821131526165
15861.640583045473
16186.408509752815
16231.357318405006
Score: 8.698770383067522
Runtime: 230ms
336026.353494656
313802.27743208036
292516.57445554214
259598.02472486734
241502.7064185932
226546.87449955495
206066.29458295045
188684.10931325753
167390.22811069968
151250.04638439612
141828.06978357816
128916.45974944452
105775.35319553912
89078.74433475667
74198.24224051106
62716.37534862522
54167.73134501854
49241.846591696354
44752.65565351612
40825.69789549037
36689.54502704763
36364.14739015146
35190.67634605349
35994.10940339171
36093.92536466642
35628.81193833884
32560.61982579077
31808.296943774654
29228.146408423614
27809.047663625137
27227.713443257784
24295.770062203235
22569.6349964752
22084.710713926957
21211.039886375067
20084.870541710086
18938.257429734313
19000.16532924496
19836.030284153443
19244.361884312428
18703.694207865567
17439.088037444173
17909.15670376908
16994.690722109794
17045.689909583165
16649.702177139836
16267.511786874733
15634.919414614735
15741.537238939705
16582.011003421085
16819.398112999163
17756.928233796898
16568.286431365854
16022.506817282288
15278.354082318716
15620.294372334793
16287.431521000011
15958.023205767535
15327.439023791909
14658.953170930403
14681.847905812772
14512.889596896164
13468.81216424476
13580.714313679013
13599.67144412155
13468.825746114775
Score: 9.778729942035266
Runtime: 265ms
336026.353494656
292547.5919496214
265989.91922906117
244917.04583574357
223462.96956012418
187083.2198711143
157174.72440581332
132928.14486456465
123758.72377294018
107317.14455087732
95000.15458454742
86058.36434144834
70182.25483344779
61723.10705622543
53840.095063843095
48503.1015986669
42078.5849232448
39933.020595311784
37422.18729140975
30877.388178796456
30484.556434950042
29669.1360002366
28663.257325375886
27707.644653134405
26345.89826895776
24781.07622056466
23031.218187400435
22722.2628161349
21950.938395401525
21450.400646512724
21570.10302519182
20517.790733606107
20263.75276077491
19633.179528669094
19235.19913346864
19257.865068119707
18246.504473110108
17183.374507806748
17489.470360702842
17026.724416578287
16160.126248265125
15683.341193576372
16282.63825687239
16174.318687365156
16346.632606302506
17752.52318394914
16840.311938631472
17357.155268102695
15924.000790719738
15547.392437275614
15592.765392095109
15921.15949690841
16022.234038601418
16134.684830110478
16508.36247707868
16680.78887815345
15718.297738207215
15547.53798836636
14858.053192744168
15113.559262440547
14294.069963761804
14106.134356458633
14170.545374441936
14128.783817331467
13454.991320934007
13590.609036198908
Score: 9.74171022984207
Runtime: 226ms
336026.353494656
301319.8369645426
289817.7952188464
257856.4646160357
239083.80795647812
218909.40564118663
187720.69994827258
165409.1713040054
140958.37713076707
119302.88443890717
103075.22879312283
82054.5246195111
75835.10883890832
67488.4635320338
56582.59063809401
48300.327138684595
42132.281272460474
38143.325065889854
36043.42789052486
32820.40573603479
32408.11276736405
30778.59923104785
28937.949544875515
27480.855758204743
25410.16525625213
25971.805260017132
25164.805442599103
23377.747869895808
23191.369955888076
20849.993388499643
20026.31996075417
18096.48712974374
17966.410216952456
16670.246736188168
16464.222129936294
16541.789351042065
16754.960237910636
17063.73362158509
17820.930245891977
18039.37287738098
16971.725740022306
17231.642797260614
17234.503906628688
18093.838251856207
17726.660508211968
18294.651337681848
18521.511803440197
18051.372529879183
17663.364483393554
17603.317882207677
16880.19198070279
15864.465789457177
16023.15261463123
15648.908353530991
15582.952835165612
15421.607671341144
15372.048033540008
14307.31823992115
14211.119585633229
14483.828773863734
14499.871792322532
14064.517402120442
13722.173815431239
13589.248733020082
13714.705981349456
13524.405893069274
Score: 9.648026503360608
Runtime: 267ms
336026.353494656
320364.73742699274
297769.8845751065
271950.05722205085
251375.61342962657
223820.72149987382
206679.6850834229
191506.5237065929
164451.69900786245
145213.64167823826
118139.549616532
98155.35206401841
75802.78860638097
64455.379031775796
53413.8155777572
43520.6115066169
40675.297881985076
37574.819064513125
35304.973091572385
33062.01554878891
30397.733689096887
27507.522889929798
27007.69201167439
27289.61047855804
25281.161346200646
22987.633731163445
22257.825761389464
21329.470807250378
19789.688250853258
19902.83826878475
19175.16571164342
17908.08438041005
18073.23831165257
18044.78897706447
17603.48629199681
17526.269345559747
18004.768735957783
19173.717276148498
19537.957813265253
19871.08517638232
18601.36464316215
18033.476437762274
18101.810470106397
19117.36320249262
18909.258018796714
18541.58851313657
18168.904130637537
17700.512619781155
17445.005780641655
16854.90721703989
16976.85622047188
17363.30687846993
16507.436260809634
16563.5116775047
16024.339588915494
16980.615976522575
17279.40023467722
18215.95889432896
18298.724055198145
18407.894084945434
19223.20195822181
18859.793415679454
18787.534272478184
18796.025672279262
18606.619367364656
17917.022275876723
Score: 6.917279986927564
Runtime: 233ms
336026.353494656
308622.13794199325
293720.17663470964
270122.01316422457
250203.0684007599
221972.27623906478
207530.92934926378
179604.5158879245
156479.33595768292
141641.58322287683
118810.68805303086
105892.25155576924
94571.88603494529
81623.50024616065
71533.79249443772
60105.16231393795
53934.1787274178
46310.83517287303
43255.49313642692
39967.968508268255
37444.9313011132
36002.713212205985
32086.84672371638
29525.36551684787
29700.833864914082
25770.627721981655
24468.08539512408
23083.50712939707
22738.54481103524
22744.709333396004
22210.583816721297
20541.4957167497
19697.388520087028
19265.061397487985
19334.32695219824
19566.755289192468
19928.94220741889
19518.870795546638
18966.7306033866
19549.25482419516
18658.671258917613
18253.997890319868
18229.91474587094
18907.198666147433
17641.647490950247
17257.847677568046
17503.06529799738
15868.016571649508
16093.630666969264
16130.072916650508
15248.70641648455
15166.175465484972
16308.611981466074
16300.282461331446
15660.094421762364
16289.35268633474
15798.415840120859
14996.593737857462
15193.744779355067
15365.771791142564
14296.1567057025
14827.590444795984
15292.403713146821
15175.769458290531
15692.208650222241
15213.889435998528
Score: 9.378948662923149
Runtime: 284ms
336026.353494656
321448.2033223862
301762.5231887225
285352.6231145846
259487.74433052633
223141.37804635213
196613.73070987084
181774.97503772273
162645.94690114044
135921.27926121236
111868.1123470244
96321.17434246442
92204.52774004143
88138.18693563469
83313.23755638572
80606.20033561645
67862.67835859743
62274.73178147883
54462.418273884825
48819.40885351147
42073.250283199864
41469.55969253865
37329.123019942635
36625.51299139087
34059.15409389332
33389.58639213241
30743.148443981336
28448.16025876616
25112.244975744234
24121.228842074477
24277.27397873432
23131.138101181346
22327.49623554537
20720.880435055893
19618.77066266897
20244.01181550411
19174.95794623076
18814.365312890706
18044.37735706543
17473.15668203567
17429.230526092782
17460.825326226954
17363.19852639653
16130.889450516595
16323.498081717693
17385.035122710597
16697.265638997767
16715.420824623998
16333.53147040022
15668.830740806236
15913.183531609493
16571.637283724944
16086.206183287994
15985.589699010383
15667.055801075845
16019.719990447411
14734.969156753263
14708.227754918096
14689.97198245913
15044.147374005623
15154.688350846734
14730.513990109857
14788.4608323278
14205.384118511072
14436.04022307197
14668.038551251993
Score: 9.81304552406385
Runtime: 233ms
336026.353494656
316094.78894548916
302313.0236209167
276557.4626868082
256874.46443822802
233316.61550154898
201601.51415765609
175599.26405225814
139757.07177055112
117941.28274334641
98939.29796416774
89129.01165693124
78549.34933187359
64245.69156738697
58496.98367466655
51200.933192657045
47150.25278112648
38865.399552312214
34878.44198448716
33169.22628591985
28586.199389338126
27481.644849089927
26864.164674446336
26335.952231544168
27156.752475807894
26132.77926805229
23902.58215615303
21331.296474393162
19702.54690969099
18942.03096142798
17862.19835123758
17235.84810972859
16697.15056963019
17264.625373295483
16726.826431742924
15834.637173326659
15391.079420731865
15627.46507647113
15681.871552781531
15205.722447793176
15016.359806576465
15423.034097503156
15570.884921160206
15873.016489593856
16306.32279988622
16684.47171175885
15742.312333210546
15182.791507762688
15018.289467869397
14820.339161609027
15344.39990368735
15625.156502369518
14795.254281830124
15272.956401237978
14611.579179675746
14538.02511593477
14246.378121169986
14283.409258717073
14152.093282160944
13847.286439259924
13414.867756054819
13702.864655972406
13860.327052127079
13823.659808486842
13048.8233407372
12537.289907267079
Score: 9.89409561766437
Runtime: 269ms
336026.353494656
304556.7610054881
285923.8733347987
265967.7401668777
253704.25291485823
216587.03158773988
194236.00257881757
181433.43189866253
172971.35144753093
154399.80477401873
132378.62338778138
113595.41250310621
100593.59487794306
87167.15103357882
78249.84272938856
62181.078609281314
55365.46235904224
51811.88132768219
44148.63538759723
39767.7259065967
36627.315526987884
33708.78613146925
32063.706474850816
30493.849496233324
30251.013188436496
27232.682863825343
26686.79591844353
25568.65119995896
24314.089016196933
24402.12480358447
24284.826209115836
24245.305507939767
22846.125758536877
22431.35896355356
22840.06405579364
22380.121125779933
21094.44922602955
22004.558022204077
22409.447694011847
20810.338900952716
19796.807200433002
19368.360774586086
18861.32857791171
19301.94392006032
18639.424203855317
18849.70896225476
18613.19904198178
19055.281339242363
19432.944882403095
18938.631112088966
19249.297303730356
18741.995775506002
19281.150263810818
19836.115624828963
20223.361622650864
20627.009064652662
20395.628527484056
20312.859325407517
20063.617322636554
18385.09599733951
18268.788043229164
18454.226336924807
16827.763937311334
16814.47012471719
16408.41964139291
16975.723593371502
Score: 8.565655749507064
Runtime: 267ms
336026.353494656
311151.6327839474
271393.9049043522
235640.98250664645
192327.12473227637
168439.78750394177
147715.9224312903
136467.25278749148
121124.04932572132
114812.842436893
104491.55460136835
95135.399534564
85680.22933338645
77288.51019346488
72821.16824442861
58552.557139159675
55772.06677087926
51148.21447644868
48684.43782141333
45960.02336986388
39423.21044898869
37067.006143811384
36084.182452939756
35314.373160069634
32543.534556324772
30572.431992940736
29971.56933460842
27274.187353226065
24853.09618523368
24898.593320261723
23312.25544785345
22184.35502703579
21931.63539296051
21542.72439699469
21032.063375664093
20566.06267169101
18956.83578158662
18457.181895660877
18451.025193763107
19326.140742963908
18435.071721596032
17240.03627201358
17100.426080840247
16843.00385054211
16927.656897599394
17556.894554212562
17555.527486041177
17751.743450436144
17936.98569627182
17858.267227576365
16988.08254600662
16791.442035759927
16303.972586726793
16745.864115958033
16860.347657388018
16117.761573884809
16509.743158223064
16435.4343807932
15937.57002963682
15672.05773982309
15700.529456211416
16044.508944195555
16314.593680077993
15391.803625455577
15131.74119322565
15271.82179013589
Score: 9.259909706652746
Runtime: 274ms
336026.353494656
316537.3953673865
303439.9313202923
267484.3324385368
231684.4681446921
206075.8549952609
191744.21124212645
175879.1036527884
146403.06639693925
124887.63565616026
111907.1814108841
108586.04542224787
103681.5478691534
92349.18152165311
80974.50535353745
76165.45069184041
63053.1486033303
55566.28734416122
49831.55420278634
44708.75394347879
38161.93467291064
32908.103856136586
30009.052570210944
27427.544484105947
27465.41644202384
26423.423657014766
26161.330588973025
24420.12144546352
22367.705476624218
22042.484392242208
21373.636516397924
21321.647245913584
20210.104560115135
19281.236326003836
18968.59608752653
18719.59515510535
19480.24407182214
19477.97172375717
18995.954200641314
17947.003862364767
16776.556815139687
17507.231266143266
18459.98601503143
17948.889517532556
17222.73906983781
17263.210838699022
17601.319828562886
16898.684014725608
16297.316497074826
16582.006050049014
17169.166381003994
16183.475910583262
16314.24638366665
15435.048483295579
15504.955408296491
15173.576516956928
15587.716191658417
15559.676184981025
15025.985053640094
14414.752169520747
14045.423844228524
13587.623769788926
13086.283788435878
12839.682183780164
13109.931545031846
12877.20184557138
Score: 9.759934774724051
Runtime: 219ms
336026.353494656
308500.0182054989
285667.5202417296
267849.24813691626
251726.37292440177
233660.70253459032
208877.6724116347
183321.6509256413
171953.9080048157
145496.77411346915
123657.31317821535
113562.34436847857
104087.3705369198
89459.92105995645
83408.27508838697
83541.66418692321
81007.42208498892
73611.5828407764
66018.04033047124
57597.62178358297
51166.42391177022
46943.47945819464
42564.36825495486
41329.16045495049
39720.91951855461
36609.39972492497
33698.78518169929
31504.363007669355
30290.567969021733
28038.46092231698
28002.207430932296
25816.461832627407
25587.49322947825
24847.91810030598
23838.67626612109
23814.815982505275
23101.695908270714
23113.574041120133
21419.251008601495
20572.069483885105
20381.1797747286
20118.61279436443
20794.710080902296
20924.18948412368
20853.065962123943
21108.682152998164
21107.080748643057
20349.146334995647
20003.75505727587
19530.383393934248
19345.36082534952
20196.558196929396
20237.668348436437
19840.75956482695
18618.421629945988
17953.94163474133
16547.86408884931
15911.051054923288
15883.299585195455
15655.448785183227
15291.603386735556
14795.701670371674
14699.3984158392
14096.958720820814
14509.690262189202
14677.793591861684
Score: 9.593991428295247
Runtime: 272ms
336026.353494656
311597.5760792004
275697.4292768805
237584.04900855964
202267.17559391918
187401.94459641815
175709.00445911716
155685.67572685957
136520.23893598403
115639.60526035572
97861.36554026684
80772.57213504829
69198.69620388612
63813.21943596367
59986.321379037545
53413.27683444129
50171.27577251453
49392.62308966519
43509.13264720702
38398.543839976155
32632.01475956472
29251.89072874467
26620.09593888677
25621.149451297133
24342.33022303018
24754.250763695556
23851.985005984672
24119.441955584727
24325.302149036685
24012.147641779604
23371.92318330522
23396.946964491974
22288.631319394968
21787.949646014888
21512.440643536058
20123.21101399478
20827.81921117706
19541.620525805018
18842.9746232902
19024.573577592142
18497.523133534785
18166.76095424374
17290.867550697698
17042.21998762936
17172.506918933857
17897.16484222732
18223.858441338103
17308.555412397716
17584.889033642135
18458.91430364513
18202.419169506655
17066.63573344055
17363.691777857824
17481.09750885736
16222.954329232096
16289.265145212372
16738.58495633082
17036.040107953995
16996.019010121858
16953.373005904323
16134.822230849777
15854.528402895163
15780.93872793153
15652.438783229847
14929.911289360134
14719.67467939876
Score: 9.417239032123305
Runtime: 255ms
336026.353494656
318449.6134568342
297887.11154257634
276652.6637005863
258677.8253059664
215913.15580762184
187616.6908690745
166690.12069768633
161768.58885077637
143903.0083332059
139182.9844418696
128618.9854815719
117912.26211507861
113145.5351938221
99858.1497586714
82907.74165222999
69153.8171136758
62325.152515130605
53262.59320666261
50579.58660344561
47255.82405175714
45582.545633208334
40552.86568821553
36356.017483011456
31302.59365559698
29409.85406541247
27025.657436331578
25456.951521177718
24411.234784549262
23866.93098695809
22932.878416532247
22153.846034097503
21198.415417308886
21282.831346264116
20658.315068733085
20433.93344477849
19605.86883680073
18504.36016849764
18101.5866375954
18717.565129809373
17646.798821149237
17647.449765670877
18029.33557808274
17328.471232401225
18272.65964608425
17678.450623855188
17748.525262045947
17946.36138668429
16882.983545656076
17242.725562271968
17682.073997629228
17358.455676740596
17832.295664225494
18012.453612247988
18082.9114296393
16920.390100345896
16355.521366733878
16418.66865626897
16526.77273010434
15826.271546992264
16641.9664669086
16800.90226832092
17051.647153388833
17054.74977195202
15938.446521374295
15410.297180668545
Score: 9.69456327633569
Runtime: 256ms
336026.353494656
290017.6341027854
258650.74216831208
224225.48055367544
201933.1176741683
191767.47726631621
178898.94139776504
168003.03396308576
154150.84594692258
147886.16891370187
131178.52684013412
105010.28814372263
87033.70699404416
73692.7186630247
65260.342518762765
53741.21509207926
50207.347646921015
46745.700727631374
43733.05265159248
44156.15422987671
42141.583787240656
42081.87833322016
38572.50947503317
36036.96045346483
33155.0254859326
29081.84417784904
28982.902136591714
28644.938218953757
28708.050440370822
26127.875445143593
25863.17685754377
25114.57600225056
23541.9633876352
23706.383750516386
23943.406187800938
23784.381620091128
22596.342753299276
21362.093522278796
20365.494993340242
20075.89535019402
19488.679971292935
18576.792613473892
19170.11349244305
20043.545209203156
19106.050936754593
18988.824272029695
18787.535796210374
18784.04844666865
19721.97137090811
19971.594649385464
18455.024734187722
18676.272837344655
19589.677846505678
19847.36157819335
20349.626043948632
19540.005250335085
19725.852297960388
19008.46176854461
19385.636780995224
19336.111529874917
18666.173105552978
19342.19338977496
18952.62716086535
17290.964703815276
16865.661012439967
17045.006098926
Score: 7.665624456490495
Runtime: 252ms
336026.353494656
314810.7504937045
282912.602189487
261841.56975861854
240640.72177185907
216537.1571172097
189216.09148969327
172140.59806325854
155937.20827339982
131715.72342211
107626.64390690002
89638.52534898816
77465.07078876234
66996.84183852126
60020.40642791075
51041.25495180714
45504.60167730184
39957.959804440296
38813.262815358605
34055.143914569984
32395.391216736687
29959.143775201148
27100.68445496969
27210.729141914275
24204.60250174775
22657.78912177459
23473.587383397244
22045.166412001636
19949.138500150013
19335.7331877594
18490.96473039371
19059.377468364743
19627.324037250983
18829.568240403834
17955.87369465304
18156.694670145807
18205.686903501264
18187.470234240645
17830.955860593294
18409.324664860625
17738.554886085367
17895.729470578717
18139.75127183273
17715.66959532326
17071.451036791415
17063.394059736875
16914.58195595984
16787.664678641966
16625.69352899166
16428.203693262134
16466.19520047436
16201.408011847087
16771.944261315813
17335.19105125359
17415.770657583405
16968.334153316027
17090.686542273415
16729.040723188922
17071.54954925443
17603.977179052566
17164.309818974336
17067.281022950672
18045.401774592014
17321.133177270283
16609.193491940776
16174.906680947968
Score: 8.925640169989386
Runtime: 265ms
336026.353494656
298761.5768106899
269734.31833365007
239102.3007086499
222831.6300855933
203938.13844653932
182679.31458093956
170000.56772373247
146525.39898086188
129816.54162040164
114952.32639200627
105047.1042423853
91295.62652400731
84365.53454565778
75129.21625438349
64391.12733513911
60874.11909591107
50973.46703554916
44194.81795282915
37556.368995060744
37571.75842690729
38489.74273001953
35896.61157361431
33699.32169950861
34299.91139834534
34140.0370126342
32557.409337895053
33347.76977070109
31265.661003837635
31440.33760341728
29220.485797437097
28367.913993678943
25251.170387260372
24405.141860901647
22922.804770869538
21132.259537245496
20086.2193593308
19180.598675299414
19428.019878619307
19588.615438748162
18986.37384336863
18361.967843682538
18438.581481805748
17740.64645320224
17658.496503664785
18305.099485627612
18042.439887929875
17721.291916235117
17135.42201890508
17656.829721706104
17587.65396579218
17217.497416683575
16457.302191227413
16491.887266935282
17018.698623283453
17231.213020586623
16861.69691712239
16638.40428707219
15870.39819320301
16277.205872076982
15566.023294247261
15093.569751260802
15339.596192727096
15396.290806772993
15307.313326798112
15222.218484010278
Score: 9.605886279197573
Runtime: 276ms
336026.353494656
320128.3561981712
298424.7939820535
275622.26082822395
255850.0893953859
241282.09122458802
218958.1101606408
184815.3601718373
166533.999961778
143579.67686366502
129872.50878037256
117989.11568676001
96371.82000187537
89843.21525053692
75506.73936516173
67965.42264775536
59076.746648292574
50039.9371255778
40714.67085466151
35139.79467915426
31484.174163126285
27142.185613961025
23960.294571295515
23425.886316278928
22368.25847724822
19651.86397431555
18311.554415904542
19076.089262295813
19108.98746636001
18379.517119048407
18782.687107695652
18485.77369934079
18039.344064398036
17480.263621302736
17333.280757729546
17321.24912862777
16982.155363469803
16610.885437266854
16840.727054390085
16680.228389878284
16388.881842555165
15955.407367660951
16048.622437612084
16925.34957896759
16141.11498273302
16628.95635845082
17162.54049413064
16107.262299897726
16000.937779387585
16668.256747833282
17400.507533278527
16283.43894344849
15838.238590336287
16873.448757206108
16644.50142237703
16070.310841865063
16154.524443185443
15586.180371127899
14876.898733747665
14597.902190441911
13917.796172921082
14190.491630419
14629.364249143267
13965.894790359742
13889.371602494131
13791.413380618535
Score: 9.711783171993542
Runtime: 238ms
