336026.353494656
326016.44527568494
309216.17066861194
291686.09170608094
273793.1337038639
257420.91392056792
245836.24961571328
229503.02903859978
201088.1499928573
179211.76156361832
159722.40931237227
150772.33795132986
126846.08553199802
114558.57252091606
102395.64525501122
76875.3927113916
62473.66636927034
49715.76566552621
31980.6487133811
26896.328546180488
26338.794516629696
19441.729289775965
23054.017838562842
24151.87094240422
26180.167350780455
24302.425950317273
26833.669147531953
32027.912245027765
35967.97681513633
42221.32398313909
43674.69874725332
42418.70109482825
29498.969114335563
18325.347415395176
13449.443019841
7947.4709003514745
7617.638921073661
7101.991214974178
7039.092701165241
5413.356086778153
5351.5154526981605
5477.891748387791
5081.730066862299
4121.69673555401
3629.4042343534556
2993.4655752902313
2609.492271723657
2279.5467782585965
2191.8020210763266
2180.285627157248
2183.924244458528
2195.053358314383
2285.292074416403
2333.3199616149054
2376.2211132796606
2371.5604187244594
2411.4232371369885
2434.318752924368
2424.7843906220673
2404.7004235561785
2452.076050718942
2483.064196315292
2455.5930012812314
2456.181643980254
2514.891430851468
2485.109681717565
Score: 0.08826147273755013
Runtime: 268ms
336026.353494656
321098.0694927561
298726.4693089854
280763.0063158402
266406.12421558826
250147.90837078326
235478.30165316586
219132.18989090837
192001.511910494
175624.98833658002
153676.46704249852
132022.63892208925
105050.5079642802
86420.5730280213
63929.854764929674
58356.792766128965
49180.80644294361
52672.92529969336
61726.6217770243
64284.06533889338
61145.63383744123
57160.78680429494
55560.137678339735
54774.99680906992
51649.929394605264
48919.57995879984
47535.717146975614
43944.79072502813
40643.060914025795
38719.1202432409
34732.0347599511
31686.375258564472
29340.660871693985
30448.15016138
30356.51687263253
29728.712284952548
27713.985333412682
25642.594251263756
23856.92458602867
18841.912470071264
15523.752727801226
14967.961297642565
17088.181902684475
16994.77296768876
18231.509037671512
20531.934041228815
21826.680818860597
18530.578508790855
12628.200683592491
6168.695102048656
5570.601617552396
5352.718066451701
5851.090442969165
5503.157331472418
4467.866677969794
3414.275301969084
3016.9821376124455
2953.5172172780763
2869.716870728626
2787.07463506642
2639.1024928886254
2628.959103333146
2713.2778356666818
2603.9930881762266
2588.793978654878
2518.378514445918
Score: 0.01469893266976451
Runtime: 233ms
336026.353494656
319505.14062005555
302198.5188131016
285912.5103013401
263306.6916384753
252716.50268678972
230332.20356585024
207035.59328077835
180300.1868696438
158369.71343881584
151980.94787064465
146359.29885822357
146680.2464215499
142456.53815639584
139480.85227956588
132529.18847196462
123285.1868545999
120504.3277722879
111824.73775735495
101312.9510851893
93874.62381983935
84671.54811723693
80210.58540153134
84738.29805612833
78957.97572368702
70196.72462248914
63481.878710229474
61051.25517590356
51905.28295217916
52333.20206873706
50831.941394262314
49131.153856038356
44735.40645435105
40476.408988177405
41190.03178536091
45305.08789336153
45669.60066306099
47360.67858321434
47338.822797116096
45645.715232347495
39263.62563800243
30168.32360452882
21843.874827312735
18356.624042914118
13575.285907144755
10241.487388051935
6681.786823591067
5672.588550751664
5410.444170705654
4852.14981938436
4294.654962028823
3508.599182610411
3253.0206696397436
2829.6025176463686
2534.8957640219064
2329.183138757256
2245.3148667159176
2232.1711052794303
2312.2437973889496
2405.175756692178
2463.873469685063
2458.838341155761
2560.0307094112
2662.3095786332974
2896.7730591076643
2966.162612600861
Score: 0.04751717715554647
Runtime: 258ms
336026.353494656
323529.11621807213
304661.0799806941
282617.144099159
269073.9913004038
251105.6852518764
231655.6875111199
206588.70849583752
179218.00847586803
163748.63874132445
141139.81238366308
122718.36107098465
100917.23053447127
82504.0971839562
69374.55962303115
70799.88012472785
71816.46414163092
76848.44155690135
81452.39939396025
83038.87759012562
84854.11759946728
75731.26787900887
68577.33273964371
65338.997557543524
51300.55177437524
39825.47183098111
31266.73895206834
26329.08330295263
27956.270090256483
23751.953150919115
17322.481037055586
12186.983711352505
9391.519672592363
8293.249165242794
5847.560350353269
4223.741742632644
2975.610789672432
2440.260944488102
2321.198617241277
2287.5191049578334
2315.996571334763
2608.351203090937
2765.0246896307444
2787.966798001035
2939.2993374159814
2904.31677858784
2944.4801990870246
2885.437726672816
3141.7621767347955
3317.465869320237
3311.563927271937
3347.23938458874
3339.039635910506
3396.561430527678
3462.3605206979523
3422.5907597767014
3387.9947280588863
3220.741922636691
3238.4264250492756
3271.195733981153
3190.0177618207217
3045.7147750382933
2912.6938595010233
3025.518545779734
2984.154845247885
2973.530026056924
Score: 0.055813916075852704
Runtime: 267ms
336026.353494656
321474.3937132542
304343.8998815983
284360.7912910631
263776.4219448969
253956.50201679772
230477.53593214197
209509.8695673672
187590.11619351615
171169.95408128554
145587.25858351818
129774.55339110119
112675.09740401732
93109.43159053009
74234.70711442357
73691.65167748908
73457.8286837566
72458.75489389565
75841.62713910235
68180.05624325127
62823.70457889415
57770.581550941526
52706.18863926743
56550.30223051023
59964.70413550712
59665.04898471774
57133.292816009285
53723.85685979256
43356.756399981765
27116.256589498516
18645.15033573699
13174.09275611658
9683.915725290672
5923.578734276353
5554.8940809492815
5582.700600492785
5701.564917417431
5328.618807946224
4857.31750719503
4173.12319786693
3452.9134389894593
3219.0618967538935
3059.4410209212397
2851.9480588408032
2803.3866509007385
2572.837760332673
2402.103624117139
2286.4935300036013
2343.574532179104
2301.4207516030547
2425.0047556814643
2475.275282912699
2438.68111579039
2497.174643807547
2473.110225778285
2494.2629110745806
2495.320643647941
2513.6391453430124
2593.220657370146
2522.9266488708045
2443.447826139019
2429.660038576056
2396.0371748464404
2429.120580917945
2430.3839234162115
2505.835676764921
Score: 0.17286372754183732
Runtime: 226ms
336026.353494656
325300.86823340453
304467.2416294798
279410.55403262144
261189.24844918674
251048.48415008927
239635.3689836632
213696.99031797
183813.05287625434
158981.23025420925
142826.72564525594
115093.67416012696
87559.15732410077
60315.82785997606
48638.60809469452
46021.66921679602
51774.323055498666
52152.170817504484
47744.41100696382
49166.511497392625
54091.81391202567
55433.01370100371
58670.8690798343
55111.80351552841
57254.30432439354
58417.22357013692
60091.677094397084
55588.801789790086
53687.174223314694
49728.96199841922
46030.89613076373
40837.62828932742
34517.554058441434
31529.46908099523
29242.57861522643
26702.98999229335
25480.920544456843
24974.43263738105
23165.577432067934
19971.449755289974
18777.836551531494
15850.414238458521
11738.366946514503
11714.12063940519
11218.086267247636
12476.702212215367
13431.960304084632
14352.221314960892
15388.001007020235
16701.927670472774
15674.431859135442
12056.851912454184
8936.57086791174
6742.078696609154
6383.329748502889
4355.912541779642
3300.7364129392345
3179.2918673850413
3140.2412811596278
3032.735125275285
2866.187633124451
2683.6169021428195
2604.1988959958057
2578.3133186998184
2695.807299797657
2823.0564833032986
Score: 0.09471871567269352
Runtime: 273ms
336026.353494656
317413.03862150427
306225.0464481516
280912.3796412551
251332.10541842857
239312.04986830422
227800.352039469
205345.27370297263
189873.79976439165
164167.3565419947
142656.0115843047
116121.93902195923
90935.73064190369
82746.27562130651
70854.40196676145
59027.193863680885
52320.49954015564
51735.972533789696
53115.68520184236
52364.157746477686
56065.16875996564
56629.71679673966
57239.43415204181
54485.37914618367
49736.92517899972
39859.06058387627
30112.36508560079
19118.566968878917
14481.028951560418
9985.780207392678
7771.784387820374
4564.197373308008
3862.0260672728677
3273.5794480459813
2973.2670712939007
2843.1512917615064
2890.407966245715
2777.921594038188
2821.9398263380926
2864.5161180482487
2737.9409626344345
2697.8527907295243
2692.57165688296
2640.8564309051258
2662.1022531496747
2635.5522607594303
2615.1264024953302
2609.4862736688856
2584.9210590246284
2557.4985911260023
2619.9460045031983
2609.142394985738
2499.4314647251235
2491.294154004983
2478.2593240820343
2511.932472782175
2594.3829478414787
2578.6725714941595
2596.6025094690094
2609.256657725211
2595.261084786999
2574.7315989398303
2614.57695485192
2569.3208023199304
2576.7773576686095
2554.440939568325
Score: 0.0577494347278851
Runtime: 258ms
336026.353494656
318683.3117268548
295221.46066946676
269309.218574704
248733.7076403818
224216.2868854001
208661.75806879732
185093.24863729565
162551.1449763713
127531.78810185767
108994.51654337611
92163.43682218816
75432.3827537086
71172.86359002856
65282.12082718299
61614.142561162946
56304.996951984576
50176.63154715259
48218.50962996645
44264.52383096402
37686.376047420126
35851.5796083606
32511.32421178396
28494.310657293106
20305.1817431492
16817.40416425168
12954.919409759355
9215.514899038646
7565.299618368096
6246.112014334039
5967.096370717038
5650.922322770562
5600.352738900068
5455.933872179222
5157.20474722174
5112.6832048638125
5147.044961008371
4887.3081943134
5037.984410381278
4885.525197573766
4997.104917950567
4626.38677515411
4257.783231018706
4140.038753979149
4130.904454939044
3827.679281677646
3648.121463749793
3082.921243929372
2741.1590643972036
2607.9992622281306
2614.825387444705
2683.52573234336
2518.143059569035
2419.2769829528106
2398.2106241987763
2450.9549042469753
2585.6904740839896
2561.4614112821373
2592.81871289525
2578.9530362158316
2508.6437002179628
2520.4570370209667
2555.3553901308296
2613.8983387106973
2665.244558609005
2648.4179780495965
Score: 0.12693298587751178
Runtime: 227ms
336026.353494656
314963.0662705934
297934.9489159302
275828.6893739726
256068.43602471324
239242.49588361187
229413.71429125927
213519.1325336453
186172.2637889894
163242.63766150994
147373.5877197033
123188.46997675675
109379.21149968507
96141.66891166469
87876.70621800706
77922.94378828604
72430.44008091277
68570.2729287925
66740.70866633226
63480.65674304381
62148.0172617774
57078.4640306759
47398.330597467
36901.49897361259
28157.073698486238
21601.3846587901
18660.354217202763
12141.955805170268
12218.317204012137
6933.441811866647
6570.981999245163
6346.129505177324
6050.268227430959
6053.475430835311
6401.509685128646
6615.784312787819
6303.229258025511
6038.159708979071
5427.673186631183
4589.372225433805
4125.756836395442
3560.587583143351
3608.035585381588
3497.3391794270974
3506.1346525492722
3043.573505338514
3019.1751300243955
2960.46239211343
3343.1191684408627
3569.700490064055
3739.529400867303
3823.8974734680846
3984.6282946579936
4151.1584984543215
4093.51439244088
4364.485086377984
4493.6562778115285
4413.000557077805
4626.966542080797
4637.339966228084
4926.436960188318
4883.856893133271
4837.179019242903
4664.405838728788
4776.4212327242
4495.0204784806365
Score: 0.04125157067863702
Runtime: 275ms
336026.353494656
324147.8740244034
306536.3286730514
286259.75028500374
276064.88217081083
264075.109738131
239353.91794915852
233175.2104071752
227130.08889507118
215031.03618341885
192756.07365765751
167307.72953531798
130583.4407329764
94641.74604601998
71979.79193439583
43363.689981071104
32738.517881499916
23751.89322663213
21839.254526641413
21623.826979860838
16072.647625359457
13855.269254338193
11101.837334428508
8480.59884944287
7736.19560986097
6023.0980598142005
5126.2330820352145
4961.884340191954
4872.220190829067
4811.221178017483
4264.714635736071
3604.1220295501435
2806.3479609365936
2515.292307926887
2206.039110076693
2228.805039246044
2210.2427582126143
2204.5068320780047
2201.9333594027903
2145.870896797458
2117.677610000575
2195.6840658248143
2159.598712663468
2169.188112543149
2182.397686577062
2178.0428831153567
2273.733094452556
2365.377830906704
2275.8106748009886
2289.6820978602445
2339.567535948046
2315.1474336416168
2393.6993036219706
2302.3110061639823
2314.79956607613
2333.562469190635
2395.1142142026633
2459.9567274501014
2519.787326307408
2535.1724376595557
2647.972923378792
2750.7360118689394
2836.2038191591228
2830.0473935320533
2891.08501389402
2872.5149295730243
Score: 0.0071561984470626385
Runtime: 251ms
336026.353494656
323501.1999684895
301291.4329798848
284255.0404773722
271984.88863048895
256721.04167231498
247629.77363735496
229222.6921890605
208875.02646291212
191309.27435254538
178192.4699800426
166749.57472571888
139911.99741221388
126662.43702194036
93625.45536686895
90135.966172029
65604.83677637912
61840.254095899385
58241.28913929026
62183.97945148463
73814.23385428892
81883.51852007974
88744.37358646894
94040.5016367014
92647.14337038799
92205.14068770157
88593.17944828152
79404.07772386514
69222.90637001465
64112.28911658724
69711.30600933386
69635.23712126775
67242.51207440814
59820.01205293102
57545.9251945509
53275.19019425063
47248.620451716066
40621.430806755445
33606.76951692271
31626.061516195467
29318.52549846777
28037.238901163913
27169.247056651762
22084.952590459474
20417.56245844931
19229.32884374434
16581.78033207669
12356.362088010877
9781.275483841848
8158.394432842497
5861.314400485797
6304.277713324879
6040.083485159514
8231.755941050478
7267.021785487765
7879.144726438049
10607.100151550638
11078.774092690719
11675.770229872096
10971.44217112232
11106.400620881943
11372.849583708741
11389.185809912711
11035.574521505057
11082.030193299124
11064.798577612555
Score: 0.10431707745057346
Runtime: 252ms
336026.353494656
326051.99112787005
307137.60004031594
284505.78937603015
268027.72986472317
252441.92526621502
240840.26282615456
220851.99296289537
202288.75245630837
186207.09203809404
172311.76710700098
149584.37627599828
130184.82407750835
121257.14966143256
99109.57924678047
91139.64653559325
82039.9577907086
81776.33408201148
85018.45279872119
78871.95778806708
71452.84298473955
66815.10967948772
62119.911613000666
59955.99343617854
54451.916867302265
44406.176950940884
41449.93272630156
32095.59223457524
27756.30034009595
23438.83468249662
14243.074813648278
9100.333687570877
7619.9351482457
6542.308821648124
6560.866297804093
5623.991689884464
5013.529889381168
4865.126952768414
4394.033868395376
4119.08105571055
3689.5031642028343
3154.321262793092
2451.7412961869627
2302.9441179657524
2393.5204334926334
2444.1363024023904
2564.979852095178
2585.9206700411655
2731.0870852775743
2772.584873082347
2760.259962397366
2812.846065172918
2965.46324202486
3055.679355695625
3079.9938771846373
3038.994837279708
3168.7461450694937
3187.730437338645
3093.397007442186
3254.3878811814925
3208.418361813646
3275.4190347097233
3264.721135358008
3233.765403703755
3161.422900731029
3129.255353268728
Score: 0.14707423040413797
Runtime: 263ms
336026.353494656
327022.8206616885
310325.3002161284
289550.9756357357
268678.5789146424
253388.36935891482
238486.94637937628
209668.9155383215
190231.83407130046
162270.28549043115
129377.0218744781
109985.76173157162
91463.91049097905
70492.7542608828
74287.41987135695
72876.65615817806
69030.7119930958
75068.60196944364
86792.70774869194
87219.02269081169
86543.18508089114
86323.4050599266
82614.97290404157
81240.07413248505
82635.36697770607
80399.91603088185
78919.65002284208
75763.913598399
72352.61151574981
65333.85730835314
52772.90449493242
40280.22665247321
42417.13429185567
36128.4710303961
24743.140539209835
15244.208884080335
15905.338385258694
17691.38588413597
18990.658489180045
23371.93606880107
31402.16411130452
35975.84430789849
37031.17126120075
32644.78874852013
31599.459778495566
29786.863829407874
29074.937160523394
28882.30968584369
27923.34262625635
24648.04910234393
21470.694450270712
18465.400385237706
16096.674309630913
12935.760353109275
10353.327159821776
8582.362885757426
7695.242556821502
6348.780074326812
4942.832618043943
5056.98497046571
4871.914316057588
4808.307431670795
4678.659119207862
4306.764891218806
4292.709364644344
4097.339755159305
Score: 0.9267601968794047
Runtime: 278ms
336026.353494656
317242.4234174402
302124.95185237966
282846.81533069623
256906.79124996674
236492.51470396828
224109.71345565177
200265.29859334894
188116.9051280389
178553.14263482718
162407.2098254668
138337.573013184
110743.4732920856
96902.00284468762
92093.41723719791
83944.17043331779
73890.04417121665
68237.9837819712
57867.86025033251
48611.99308521211
37996.8860640216
28541.517020405816
25137.901773501235
19242.361772389606
15451.546377534378
11822.502866007217
10834.196331864094
9448.404744512438
9253.991933608504
8871.965505753515
7444.880055448888
6298.236490082328
4500.31866852031
4024.3584983912933
3890.8341685839914
3233.1941376502155
3072.078661519061
3265.365202373373
3418.7931295109383
3132.1549842281415
2987.404167297622
2434.9695264597312
2305.424691654203
2347.84009455742
2456.156218511362
2539.9253520865727
2621.3207733753143
2665.8477040321154
2628.203728864707
2689.044562016815
2658.452110925094
2698.0405455967716
2586.9955386838687
2579.9260081199022
2544.3441571690287
2517.6607773589476
2579.9658811985805
2720.708089029763
2775.2176096929848
2823.4476727634
2812.4356719679317
2738.701841035265
2662.827744965013
2691.740685843169
2674.136506458091
2633.2483363416286
Score: 0.036995307469197505
Runtime: 265ms
336026.353494656
321242.15010702953
297066.37261002895
280063.6261617029
266532.2407083844
248933.93292152954
233634.48956235923
213931.038137683
195771.10995135177
172034.20385311818
163359.8330248018
155968.4600781811
144750.28728104683
136763.40445479125
127510.83499016186
115441.52907379055
102248.46639713123
84448.12575153122
76761.13902754153
63454.71255250549
47423.7256321006
34353.049865124674
26790.24703409491
17504.570938682118
13821.194989807478
13293.27076823323
11170.71446537405
10257.072075412381
9637.871135300278
8930.917387807769
7722.810507965506
7702.541242625696
5855.521422831597
5720.808941164699
4446.314116536175
3290.052831425811
2985.7116805616024
2756.684246312846
2462.012791903283
2609.477404065711
2745.0137773770693
2459.9257364066407
2524.2778332593534
2260.550924295013
2225.671360582873
2336.7060387399633
2362.158354056657
2439.687439068187
2471.926080112485
2529.204395981532
2514.4313828858176
2427.1090025665853
2486.105746307877
2442.1943114293645
2463.7706521090345
2511.931124462617
2539.351700187038
2542.7964173765963
2560.5202367057454
2635.8546168797347
2640.8344728450006
2571.237981521374
2646.0541679359458
2649.3099052110865
2756.929719999457
2795.979345812847
Score: 0.06326562463513317
Runtime: 297ms
336026.353494656
322732.75475077773
299138.0832991329
274409.2469890514
251611.72734838072
228436.87064746016
202771.24132775055
178378.87881689178
157224.21963925962
121149.09775994552
84303.29905503923
57192.8914674684
49064.867401983916
38106.696929682716
36963.79431350744
29448.16114201557
19218.25243223709
17596.513520708253
8134.1306921808355
7065.364948531616
6826.058072794648
5589.13102384648
5612.4441254081985
5379.453004641028
5298.692837785863
5628.329267826062
5844.431635045511
5872.25907618953
5835.078598421258
5802.411772464495
5675.398334689241
5632.264251655027
5486.184826829263
5375.80813494138
5417.181170011592
5352.093022108777
5055.427923842067
5045.184453269978
4982.817736790475
5031.593151586753
4946.344759721916
4635.734302831838
4384.241674268974
4328.370411198445
4039.965921859164
3923.215845585364
3879.3052984486058
3879.4139977330065
3923.908554328072
3764.7667886481663
3794.919317729045
3896.549717063567
3958.8229084231107
3924.02191177606
3799.808321167951
3827.83581453167
3693.4167899547347
3781.7492248341937
3430.167667745297
3452.594473086281
3461.541034257562
3301.5735334056017
3221.5747852186196
3158.6218552031532
3204.258338290315
3262.6949592901647
Score: 0.005677275400805615
Runtime: 258ms
336026.353494656
323578.06948040315
308315.70258185925
289543.1176767874
274132.41388402315
262705.0381998149
252746.23235658338
231703.0136944066
222735.68568487477
204190.5998297377
186553.77596572033
166960.76564253028
144976.3096829462
128698.49369801524
116350.25568225863
106209.39566277931
92924.21542741911
74437.66475318298
60053.85516519439
49061.131756296425
38344.29831245253
34282.86309379231
28350.057152505327
25014.149123608575
19781.96887537861
18537.202118905283
18840.970544680436
16193.976432942405
16550.42992234128
14998.79995856556
13857.77032899461
11748.579514750945
8994.24392338359
8480.34466209031
8453.20722590937
8173.801312879392
8034.6886145174785
7654.852996775075
7260.981832415848
6624.965266674377
5943.197352370927
5089.511887354447
4602.121541805159
3913.0131967836674
3543.2221319919267
3258.0056602076206
3468.384186787664
3639.4828646768597
3284.636144454662
3074.36845344316
2960.443820944507
3050.7992581560616
3093.680052861241
3163.001636258937
3084.028475459964
3136.531138244148
3063.0530718963832
2892.179816184179
2823.238043327131
2888.6964389696086
2682.9743107308404
2647.7582213457217
2624.285963338719
2553.648988352789
2466.421937102272
2460.8109567884576
Score: 0.13500014157009066
Runtime: 235ms
336026.353494656
325478.5851054648
307790.3318057056
283247.0786643968
267968.71545269445
246664.09239224918
234074.99657503146
218760.54511643198
212502.0851179506
194825.77506778596
170469.78351748007
145291.21398833697
110648.70815986395
85000.87917276906
62485.33272853559
51295.20317917087
46206.589092405644
48886.99609409882
46254.16691229348
39662.48596139424
30484.304011025728
24361.157221623766
17268.982102930102
15295.328914183268
9727.142362623832
8598.086469177379
7939.500335102407
7543.333926276403
6875.7560112929095
7211.394602799378
5718.150728583111
6541.452924688795
6729.66474255183
6766.957191338016
5341.421857273963
3726.8272293122554
3138.728530272342
2886.401109951839
2770.435637373132
2608.756108658166
2657.203668381216
2484.5055681673452
2552.674646798713
2626.161863245014
2509.855817019388
2569.4809838673923
2597.770503260023
2620.1077263246248
2664.148582173954
2547.0183263910703
2660.1369316943524
2626.5267866224717
2628.45832999393
2620.877561057133
2497.4765237460897
2478.5484322290044
2480.8631258557575
2452.9095352652917
2457.221185474183
2494.663644501324
2521.57271096181
2569.2172833476366
2683.723096594849
2726.2776045389624
2690.2233201289955
2709.9851998755216
Score: 0.013550859536730778
Runtime: 265ms
336026.353494656
320320.2306245389
301785.3068767892
279282.5636877979
264922.5698011889
243795.87100866495
229335.48153986083
207242.89451292125
196478.28881242147
182124.47652384674
163825.73690659847
133329.07262573685
104488.67796352984
94778.53707119006
85962.12116392353
81609.70443061904
75456.35777931102
77644.3296554849
72726.31110467351
59019.28859289944
53749.09141512089
44032.442688317555
37150.71232325792
30260.051857088805
26987.630771043863
25693.200182089076
22279.49742564446
18811.28603380009
13958.390948451559
11518.13473997793
7955.718530537532
4889.267320822522
3945.098683548567
3676.1477771534373
3376.224752762015
2816.473892318261
2602.8838005344433
2305.0764454799782
2249.561173008389
2170.7509669279125
2108.225039057605
2090.748440897654
2072.6815375482092
2110.825192821299
2078.7359446423243
2123.8586016151344
2071.4367066417617
2202.6510394896973
2268.97613431159
2246.3018572943533
2110.512764791172
2189.7805040853086
2201.0059658006476
2153.758177808565
2216.423251965556
2217.690531138152
2252.1644232132967
2262.0715661080862
2191.8171430859015
2166.8574070692566
2194.7803115875618
2217.023857521487
2228.4538171170734
2264.9358359631533
2413.885503663606
2381.5434855326876
Score: 0.054313605605003173
Runtime: 268ms
336026.353494656
324836.9161181756
308317.4691443112
296275.0293518723
269838.08000932925
250449.39787027412
227950.35392699632
203959.83664584177
174849.66775904218
143004.59476652395
115911.94546801405
89403.8736472899
74898.95055749311
56574.70783801259
47692.9414543903
50253.43136464981
54877.60218495728
39838.49021003177
31391.3956947326
31220.108673212457
26922.283632765713
17326.09180119909
15384.552748049215
14692.596053986006
14489.151550906552
14601.885225204898
13810.262572285641
11651.893792700483
9030.577739169452
6808.519102858405
5248.91489980563
3938.764402980662
3173.545206856317
3060.330622325326
2746.385724992157
2792.4448962033357
2835.6453867348905
2849.527224330723
2923.953741491255
2901.6260096685987
2881.1799081820745
2798.7795625584713
2910.6514653210297
2907.2937932746777
2851.2177655154605
2837.9928298010127
2932.0543545440582
3001.313966473603
3004.1225097486417
3062.2750991252897
3128.3993334494276
2979.8103945476896
2941.9674308349236
2960.128695596974
2951.6270303025562
3031.2297850545274
3092.143391802176
3013.7119320160446
3042.4072371459038
2975.634853777005
2996.798195900641
3019.7622532676255
2974.8702314606608
3067.5581139651617
2936.147124844552
2877.3420491093793
Score: 0.004591007611608497
Runtime: 253ms
336026.353494656
322003.9360929915
299755.5734981387
272950.0629525486
251997.87814632265
242703.71010336792
223726.71406368274
205952.81228565364
183445.22962715462
161890.1089415051
152580.2888901115
130372.18303817464
99696.15718614677
66814.30785682381
54136.437199510314
38848.301000203144
32167.509076437673
29122.573201662864
24489.894429890985
22155.59422039172
19356.327574176044
15307.282822374578
10869.325364549939
8240.376279294533
6219.037212285153
5656.049822549437
5317.121146026452
4898.663384858839
4259.664949916551
3489.912903615414
2761.9554383021996
2265.326032117534
2126.8569719696347
2154.9232619195504
2099.605904794795
2083.7122837682728
2202.061061799007
2210.9942372340606
2233.688981907309
2239.8783371878885
2134.180197333788
2094.1650279589194
2091.814535346623
2066.2049701333794
2136.0655649557143
2180.9753113849647
2185.677220431754
2120.127485137626
2176.152212530028
2235.908640212144
2190.889277132905
2203.8909484785772
2227.2736015523537
2274.217557527752
2347.3641398967548
2372.954220618498
2335.299012588897
2420.7152240004375
2329.1698065941673
2335.7629275077306
2445.7061593377057
2456.702507948627
2458.320059966421
2494.298780897296
2576.7746613311765
2586.4975337674723
Score: 0.030950093945565166
Runtime: 218ms
336026.353494656
319390.40913372906
293744.1279649092
272261.67484342516
251520.27910154918
237047.70081527263
218622.52271295007
200951.01896070197
192309.42163973773
179889.41415628055
168041.79763990134
152634.67792134467
144247.7582064053
133629.3031069384
129131.76275962769
119682.73788486324
110806.72781768804
96582.30189888005
90867.41684485743
84874.55916972429
83406.00871514347
84233.21213609082
80040.14114204615
78883.23382546438
73726.160038486
70427.3755652629
65741.53089921271
60499.47097641449
53321.19150330925
46529.47568756637
41422.57165440889
38607.63226850402
35996.59254438539
35463.02426058383
33665.2142430039
31638.590814090476
29642.89787396776
27592.791653144828
25041.079142061062
23493.494006256646
22952.4779674565
21546.911824683662
21228.678949146284
21094.78287746601
20230.721548403242
18119.73779455301
17488.582380961605
15124.14443823598
14613.843072130796
13548.11620633781
13551.365047340068
13297.761539761375
13518.839940304551
13689.294325115181
14227.051184676466
13984.547934903634
13824.376554785755
13485.779919328395
13593.126388262506
13059.577409199508
12002.445169153481
11207.308298711921
9521.040491411077
9142.005918378009
8432.678756214937
6629.669931513659
Score: 0.28839129058362273
Runtime: 257ms
336026.353494656
324934.83829709573
310034.1163470535
292854.69371299766
275880.22676701465
252332.96719263415
239179.11442068103
210652.8264113657
172010.7402111565
137543.23262045978
103040.8537211103
76249.84726168549
64666.19366527205
54186.15795903073
55289.952735309125
51249.792030491
51665.68907201588
49044.794447963366
51226.81411805561
53113.09309716705
58379.68783122976
58165.08982745736
54749.18455486141
41025.95487631065
25512.53783633656
20376.256567826247
13640.468279048953
9483.094832786244
9940.803952913688
6126.178101308902
3797.8455116572004
3753.847106553797
3824.8359181553615
3706.795327989211
3595.055385014684
3564.179049320863
3649.0193153868477
3955.624774773973
4193.192668120575
4673.636129459186
5212.363307544086
4995.209679083347
3912.2015730270423
2946.0287976364016
2716.013334583498
2257.59342905533
2056.93457093527
1939.1439991401674
1982.5984138558103
2011.621219653105
2028.8017663008425
2139.913659906697
2356.1990865131693
2399.945424134752
2392.8130502031263
2347.0339593876038
2232.421072940246
2145.734348120826
2042.5508673268598
1982.4787241427014
1993.8367635065354
2058.6221440087393
2059.249896572456
2125.701023926759
2176.343502254251
2186.6123350493262
Score: 0.03315200231220409
Runtime: 246ms
336026.353494656
317322.4627859761
302460.0679632908
286584.2968457718
265405.8445631281
250549.50749116016
237332.22289241012
224072.6743846214
208713.73893710767
190702.81961776406
173707.90037096242
154912.07837771327
134738.38369482875
116755.67388556898
104643.80180278778
99092.32403384698
93632.47441289011
83927.61590347205
81135.94087368516
72646.53410839479
66374.29087675709
56811.63583344245
49916.607602346725
42920.27105813632
40332.92215579322
40621.64073842657
37970.6029024774
37633.80016367971
35647.34946108548
31082.54725957258
24797.771442500412
21178.55791753952
20668.72022105256
19626.463927951318
18268.24509723357
13730.752053255557
11690.390627033396
9430.747826924455
8909.1233170659
6847.814258059588
5435.361934958795
4869.950177360217
4233.868969414451
3881.8644808825584
3991.7614981871457
3718.515315104807
3802.9326169009637
3850.625812760255
3689.7709432489846
3610.1912376977675
2953.854372482923
2725.1893159662422
2607.102998432825
2388.122063769631
2280.3858017368584
2220.9354843172127
2171.308248118901
2136.6653847555453
2165.266985105447
2270.9304410615664
2294.0588061738044
2294.5886821170943
2438.1522028637087
2512.5985382700496
2493.652040862833
2472.557164653675
Score: 0.4695947285841142
Runtime: 250ms
336026.353494656
317141.96453691705
297967.02849499433
271922.9212934733
247233.4981025416
230892.66072425016
202486.68058486524
184099.02098618122
161592.41297515694
140438.34515227884
122228.7374620027
111029.29509482525
91013.17061938423
79423.59642158137
66821.01679275988
56812.06230999571
41911.75317138125
38185.68711944682
32454.76045776417
38205.42428045446
31520.44556804855
31794.771696196243
33680.53778813267
39064.36475430902
40100.04102697867
45685.20116827952
51441.24860016353
53987.684457616895
50872.28976569703
43912.5316499507
33116.95458167346
20884.75909709068
17907.097486803388
13418.242941682412
9751.540956285442
7648.832151152569
7131.447973383554
4993.455804606719
4235.75893884996
3577.0961832741864
3055.7400440176475
2775.6360607366714
2333.7465987394667
2008.5197027288666
1978.0061770629925
1960.2696215892715
2093.8210072970464
2072.8406226439797
1991.2240842614574
2068.9790413315336
2037.2361848867045
2041.6444083097635
2042.0321985358598
2152.1502352028724
2156.559247920483
2146.1299372689327
2217.0409017639618
2394.720839035798
2475.986193826461
2447.720039394321
2487.9526825699672
2497.1361489298256
2601.7406958810475
2509.581463521806
2557.891271666163
2490.829134265732
Score: 0.054538088390469405
Runtime: 219ms
336026.353494656
321488.3626385179
290119.4974235252
264257.28528813284
240534.98088460826
207306.31329876266
174694.86032636065
150597.54514307936
120118.74182235831
95061.96157425435
68914.49179540755
45533.25212662296
28343.181902204306
22719.365549311107
25348.10954351652
26789.35310841497
26361.865536669495
30234.62513731474
35230.57675863708
32680.69667344176
26705.85218471791
27402.59451379418
25081.288255589872
31485.953957595426
36619.656615537424
40423.18271717534
35569.67514354894
26369.6613689963
22024.462753865853
14726.985928106229
11629.51206393252
11851.840363062747
9250.032928696957
6715.803381282894
5243.5273475020795
5070.4794723894875
5018.648148390567
3853.866758341101
3724.5369803878425
3765.8039688187278
3908.9029906919227
3889.4705218286713
3833.3282383508463
3675.300470187255
3696.639653994773
3602.4421397959827
3643.931507660315
3705.2781051372635
3681.4341965144467
3711.5412678304683
3765.021755868724
3719.67018792038
3778.952706969874
3783.5492656524734
3818.20851872746
3929.0414549249035
3858.0106125358816
4005.642549065886
3976.387349051666
3870.0020106672546
3797.007113876237
3788.3403477257334
3768.234561184621
3755.4758935904956
3601.9618445660403
3417.7084486504637
Score: 0.02519181862420867
Runtime: 228ms
336026.353494656
325425.2872497333
304861.71322504163
287028.378278006
264719.43939536053
247568.21987926558
238938.91074609957
225507.87235107983
208468.71030309552
187738.38790313774
169764.31971995014
154254.59173665044
130286.74486745571
113128.84731642593
95082.0990078095
86861.42777921393
75078.8910114472
64345.32814034531
65143.70753483413
69411.73585985419
66393.5344335792
63396.78360544908
52284.07910303552
40535.98459962141
34795.74628525077
26037.023944582455
18267.793943839733
16007.496350283986
13844.033846487911
11186.943835660262
7644.441220951754
6568.108902844351
5587.399285518418
5245.704225160586
4750.830013880766
5018.660493494718
5268.403859652337
5653.709413574242
5752.666544411371
5349.160478262635
5255.153839289043
4698.394165923933
3955.1068990843582
3315.0263750694335
2552.684016965799
2403.240228813457
2237.0702918163615
2184.866480470388
2240.8743185665135
2215.2313009189215
2368.7641709553177
2316.563481864353
2482.5327137410786
2435.165146624601
2391.745997751113
2378.3877023655236
2487.3601147684185
2506.794451333234
2475.3716197883446
2434.6726786444938
2454.2784608557304
2516.1042755082126
2516.782260473745
2498.3673144453733
2507.2723147691772
2530.9029857523196
Score: 0.14013134136814934
Runtime: 244ms
336026.353494656
321011.0451413542
299498.3412850613
276547.05504341767
261216.86937134285
240871.30069473066
214014.5143928656
184985.36050580384
151255.29321058968
98975.50155128604
66876.97023257951
45538.892011566866
27470.661062303367
25402.308901443823
22389.298183084444
19316.5832024212
15125.090650986123
11349.298388786283
9525.00020040615
8132.283236056262
6948.983289141582
5858.717348509008
4953.35159942628
4274.226381091355
3905.321462486145
3625.128000220282
3239.9645967971987
3194.869318355564
3179.189354635047
3309.3756631879505
3103.9198435041812
3035.206367286666
2823.2248098730115
2935.810126460295
2938.5999896419776
2889.197809719774
2933.9210440532797
3015.6221692491035
3160.323083845406
3098.4830664342453
3152.205132263959
3108.098219341691
3187.1271053835053
3038.9116930280707
2973.791912124813
2784.2080663882234
2642.901054602494
2566.823717092572
2581.984734832797
2588.5668035984136
2478.297823368415
2515.938703717394
2558.6678016304363
2614.6361510288652
2713.670424449628
2755.1379399075267
2732.790855640108
2682.5966434382776
2588.2571865907175
2427.9918467359066
2275.923264805884
2246.3141291148486
2198.3607194244873
2135.783458209274
2166.924519285564
2198.7949912610247
Score: 0.014202602448638506
Runtime: 259ms
336026.353494656
322735.96047171735
314645.1733366019
285901.2437308206
269814.44330597116
259572.50434370185
250105.55686064088
244291.78407250752
229631.18016739225
213912.30457731406
204276.45939169807
187753.40175279748
162207.3509901838
133168.95549032325
111197.17377739029
96373.35413681483
90395.59696749397
82228.93201704194
84175.43813195295
90371.41822261998
94788.33977097989
95822.8244548433
94029.13147084818
90670.91269346305
88730.34500723369
83548.72649085676
78302.8760100983
71206.91126960312
62777.49961171383
60464.759727068726
61035.11093920992
57596.791103133175
57781.07734111595
57322.24538398591
53766.51553365831
50875.254726498
49696.15940869525
45509.147277771146
38190.8892086692
31270.733304542213
28974.797883536754
28760.025847191686
25100.059296716536
21774.71655364455
19748.74358751636
17822.55326880848
15946.470977601915
15192.818893996662
15659.627193570488
17523.360779680548
14862.009194210803
13571.320143741226
10248.891584153653
8029.991087030719
5135.841971493557
4803.327881569261
4318.234937742313
3862.5634813655865
3513.73328886076
3338.203175563715
3102.7819789770497
3059.333359162022
3184.8004170268514
3121.4487486379353
3090.615471053659
3189.6482810956327
Score: 0.3279165427927915
Runtime: 301ms
336026.353494656
320532.99498822686
307336.9128919983
285926.47361202294
272094.8410780071
252223.711230215
230829.34774097023
206434.6752601006
186876.25863851226
168935.72129277582
142970.04338669777
108830.455140159
85605.0165860213
70337.84695285054
55636.86248171567
46989.22729417553
40316.24283038018
38216.45473504814
38015.359552431706
40122.131440940386
42450.98315011011
42345.079982445
45663.90417955931
45650.631362456144
42944.25065361131
36351.450494484336
24803.787751040167
22248.185451915393
20492.579391888474
19071.534305065077
17969.88420937017
16025.877811185454
9968.192774753768
7708.727044496218
5071.457030809316
4607.489133331583
4508.369765002993
4569.7092420678855
3673.435619394713
3639.2682133391804
3575.6534823354773
3421.984440817503
3364.2211688196353
3265.0248978569352
3064.3725132821714
3006.374404854259
2923.073311449739
2898.0353190261544
2838.4006801048467
2899.2336769779245
2736.1993131009776
2873.8954368458876
2759.5990975538884
2678.3264495416024
2618.2740768330013
2619.333168322968
2742.9149431643555
2810.891462899098
2813.7503462202785
2865.5821390235
2915.1875788311722
2802.072363844698
2840.9626700960475
2798.275724088446
2775.978952895198
2745.1884471055687
Score: 0.19077649332614277
Runtime: 260ms
