336026.353494656
306133.5797995019
267669.12724928965
232195.79980787213
198093.785193492
169359.75077096114
138319.74621714855
115805.70540225897
103842.0765110217
92788.61896569231
76667.34504040907
69368.86505653916
62497.003574716204
51835.08965790274
44904.10971086006
40093.3150801646
36178.360539997586
33260.407880514394
30299.339983778806
26108.32513675149
23833.53030804349
21684.30425329283
19372.052907297162
17217.67671837989
15598.711202234766
12886.178507083961
10959.926604790742
9388.880524839047
7787.356252394798
6903.240818188959
6314.590843501976
5768.34473899986
4806.874087612474
4430.977630679362
3756.0486237787627
3606.190113020812
3291.0254870897556
3006.606664203045
2700.181431339223
2559.9869611339586
2424.824528550673
2174.0194465750546
2110.213824865164
2056.6835806512636
1977.7290196362503
1967.653919658311
1892.2777987085958
1888.4575109104685
1822.7741782513458
1771.894108915893
1740.738998298635
1692.7692506260446
1735.6023988576767
1683.541746181068
1703.4049022614051
1735.660999801983
1709.8620537931154
1695.875200679658
1613.0927356331451
1619.9886463829484
1660.3743823152306
1671.3743224822076
1643.013297098828
1651.4651679477304
1665.5867926793096
1664.063021021689
Score: 0.031158513121455365
Runtime: 265ms
336026.353494656
300430.15123439895
268840.246132347
227590.99043520613
184560.90709766682
154089.11781570653
134632.48297533276
110636.0088499686
92953.64021249337
78601.69123377487
66421.85076030517
60125.776747285076
53284.875843203954
45081.48075491984
39003.354519043736
30454.810556875153
26245.566384761485
23102.75740541436
21230.764295053115
19463.464696086103
18006.37649643681
16766.17487659599
14968.867347857113
12838.819442454562
12186.938130308308
10409.860837156515
9402.91846902578
8312.549220965884
7637.728316410271
6825.298327112556
6163.156726103691
5588.515165679746
5011.068294019518
4250.2312231158185
3619.1400195077526
3112.3700486128305
2816.0978564940087
2686.8924457179487
2399.143410149284
2228.9919484732177
2078.8402224528927
2127.7998564055456
2170.804311668506
2074.6290083029303
1965.959694073772
1914.7645881856433
1875.4466114718361
1821.84836839117
1766.843259843202
1707.1340073741217
1731.7115976170242
1714.616551446721
1687.99955622088
1736.4987746412557
1766.217164239988
1693.500559366374
1658.9701454940864
1718.4225244124052
1690.8546935673446
1643.9666968589738
1625.3857426547918
1622.0035549056684
1618.6330031289324
1593.3398582727784
1584.1971347338024
1570.013486570445
Score: 0.021154347281797523
Runtime: 268ms
336026.353494656
302552.8778871316
268711.8177754867
237824.7809902098
200261.0801849034
171598.85494288188
148193.8713883656
129633.43758192893
106871.35248238081
86200.61595571638
78674.09288221717
65189.1905236585
55716.487373457385
49510.98553588446
41441.0011967035
35725.08329485222
30288.802894246324
25642.086713396635
24178.8532493551
20696.269379688478
17395.172561406187
15414.544187091968
13926.380871440246
12994.064993171842
12081.866487401287
10241.98823544928
8697.053164720492
7766.611621335521
7162.761565519167
6146.582832849321
5003.65780822614
4642.744805756969
4168.288301600965
3650.067613837277
3442.6439225297377
3162.421303359139
3019.2554379975327
2728.674597304477
2719.987791182398
2549.744264408577
2390.026553660154
2336.7155847308427
2281.049315487774
2189.4649526004105
2040.519235899682
1949.387947159298
1930.7408893240017
1851.5042616920125
1774.9380644857276
1728.4345751966305
1783.9861648507474
1812.394115032393
1781.5346930052983
1728.2354427286712
1702.0770387344774
1649.5148014231688
1608.6057702968503
1617.662121573088
1592.6449028840057
1618.86353064529
1620.7209955289463
1616.1171956525325
1655.2744621276886
1655.2481586868707
1646.785451817706
1628.2001201288451
Score: 4.648237712572939
Runtime: 259ms
336026.353494656
302812.44269145257
261157.71426455828
222895.818791692
186350.28428247847
158056.87534463222
122859.46447639006
97174.33968790447
75196.1582160684
63264.400269940794
56576.748292208125
48679.31862620139
39933.90215307469
35736.47815790379
31730.542614660706
29096.638389944183
25489.975130768224
21406.517454330482
20649.884702893403
19270.44943875213
17235.86765722067
15540.773473004165
14961.463041820269
13089.71112089996
11220.076415443435
10233.494204428338
9219.091755258816
7775.96157408654
6413.613362776148
5745.191636758199
5254.708194331753
4633.252038807819
4231.065947538104
3770.315437508758
3372.6301669764184
2922.4363048864457
2723.839178201576
2505.758116426085
2451.130653195106
2433.301832514262
2330.311526369456
2193.2846592613887
2091.7654652332717
1997.9322975255243
1905.272400088394
1853.111352261723
1823.2058649237538
1738.6488551038517
1776.3893449394031
1763.850273552686
1782.867229840528
1742.702303843124
1781.6308670878866
1774.7999595135377
1674.4800848196248
1644.5671595880988
1665.0484701705443
1641.7911268276325
1642.6494089395644
1653.7506765372575
1642.3688065627762
1633.4029383201055
1658.0932492297632
1623.6968869240352
1702.1135461454426
1700.233670423654
Score: 0.35794387398061206
Runtime: 282ms
336026.353494656
301535.71249967866
269172.95742481446
226655.2497274592
199248.96541380824
169382.0883767749
145076.48374988674
125118.37615863497
109852.10881706257
95133.66182052824
82729.47285667343
71996.45199644267
61625.88112931043
53409.78434282195
44828.34404393121
42714.3059127401
38812.857739680934
35340.50850340528
31608.80403895006
27814.289258546425
24150.11231485856
22882.089367126482
20529.157574444955
16578.55335942708
14848.326824115282
12937.167245512725
11182.681044927369
9772.74412013814
9004.01826545848
7536.561223363626
7104.243244957889
6106.3909030318255
5885.498240061866
5553.828934232962
5319.690558172865
4717.976963605005
4298.75655017199
3864.483823903293
3357.2154548330413
3285.507374496602
3086.715007772772
2883.7499621481998
2645.252959763062
2380.9270775309246
2226.746146888961
2165.3972828863116
1978.7110108733268
1906.785353526174
1842.7349848099377
1816.542107923119
1800.7543496200724
1758.1903184765326
1707.2233102269977
1670.3896432404638
1685.9696494219932
1685.443953424472
1660.2692343928281
1727.9777351572964
1733.5704751377568
1777.8366125693556
1757.2586388817922
1757.471589746897
1800.0020306564018
1751.9217787686287
1717.705262424449
1687.521348294493
Score: 0.03613944418707709
Runtime: 290ms
336026.353494656
301784.9566029693
255204.5196141959
220522.35216802757
194558.7778626614
156135.78897450925
129993.71126336392
105130.74049435742
83158.07881639575
77502.23290505758
69099.24945998161
63841.75244150633
54613.045700883995
46690.07900052133
39414.19260829631
32976.76178337333
28029.578249002552
22697.337793961808
19739.4419156527
16612.17841980263
14508.425727066722
12229.708557262995
10923.125051275047
9266.539436203444
8469.457127891288
8031.103657223732
7339.8311255766
6730.347960803372
6236.385179551894
5602.971876766684
5329.221226478643
4859.646600716845
4550.346375126351
4414.067433879121
4039.6042936234157
3935.2364836298734
3541.058625900003
3090.764221416246
3018.2656115202635
2736.5820141613076
2559.3433535148174
2622.1400915089666
2574.7955681981684
2484.4223223418117
2336.8651398048446
2219.179037419114
2109.120393302405
2019.2682954489424
1834.9794211992555
1805.4773318922014
1775.9646524536033
1740.454372857303
1757.1260700461992
1709.7810678026601
1750.2614279121196
1743.757515615293
1709.8759439020912
1720.745254832905
1690.4009738251389
1725.8576690971136
1626.9101266609377
1666.9462132073795
1671.917138326374
1662.3678733063427
1646.8252181150347
1650.6807186039837
Score: 0.23700375235959287
Runtime: 271ms
336026.353494656
307219.1770909467
267219.01384457404
237214.5050158978
200273.33594953542
170235.8300614603
144610.2544306699
122939.47031186144
107079.24742442847
85592.99443966591
73082.17082862885
62188.984711103294
52534.68088117491
46705.67965272918
40103.5385346466
35792.1660736315
30447.33590174974
26543.82416234347
23103.440536676266
19279.3588723825
16618.182398358753
14394.755877758218
12893.577822527359
11884.175679722955
9981.651029336737
8024.76941942974
7068.751616180084
5668.9038291758125
5191.78671801382
4745.2356808314935
4522.190095340673
4036.6002484919754
4056.0410924771313
3810.379617075515
3526.571099700323
3315.3662694375753
3090.21724281479
2943.2870654332064
2746.846154195228
2554.621245520253
2539.126926361809
2408.5277201449594
2307.2329581202225
2162.6467136164806
2024.3398128176532
1996.9971314462387
1932.597104296635
1935.2600805327995
1918.5202365468822
1878.0041124920922
1816.814011109347
1805.9558673609383
1796.2061492409616
1749.467468872002
1727.4714149925521
1678.3632800552102
1655.7910345063246
1594.1149849779438
1601.0759545673639
1592.2620269460633
1592.0998496656034
1620.7476871342365
1615.4986724264381
1638.413677603743
1625.6738970571444
1598.6773132948213
Score: 0.21766319642069373
Runtime: 290ms
336026.353494656
302916.8099237446
268439.1559467356
235627.1108370216
195960.31130829357
165883.74241229528
141149.75861405092
118882.86514507714
103426.58983540584
91198.46227518641
78537.53460297143
67047.00471414132
56979.069421544176
49417.17912738451
41100.402919719665
33348.74157095226
28511.48369793771
24355.329218311803
22008.373720407133
18046.19719858309
16344.237163336133
14117.155818424877
12277.884917649184
10905.08198976561
9565.637198284108
8341.880276096488
7323.041342536055
6706.693922857592
5870.684029095767
5327.021337226721
4950.559735597743
4724.166223118524
4455.474142946705
4232.808555228486
3845.5771801714577
3456.4382330204867
3236.992904070306
2903.4069303499755
2765.1786924839225
2628.0792304830775
2352.41451497659
2328.2613426869975
2264.881893588619
2184.048230780116
2039.6209364649744
1877.4300767716734
1777.959830595196
1745.59557750378
1667.0641972703872
1664.5120318300194
1676.437305100598
1658.999130982937
1640.8794863113671
1600.5110874537475
1556.0742069133157
1567.4700404902812
1590.9321564742663
1553.7929521447252
1589.6139250220824
1557.0185045890196
1529.8848147094134
1519.5301166914505
1559.780842734799
1545.6081452206809
1537.8122382704641
1591.7391437336883
Score: 0.23355997454744998
Runtime: 247ms
336026.353494656
299000.5136244301
254602.5800071336
207261.36793180395
183983.54528358116
152979.95638231962
126507.91102802375
106391.33276608068
94460.94181809851
83991.09241281857
74344.66268608747
69064.97499725477
59786.64879367239
49956.74508644192
38196.48237071802
31625.79674192915
27423.910224751824
24529.123788534584
20667.89244919306
17859.1229267904
14425.282372240245
13031.242784943977
11136.310438031574
9493.468131409414
8139.903071840879
7670.851147192496
6780.965378241058
6112.913536598901
5233.269070576051
4809.732731494876
4331.686797067084
4119.084506306603
3789.8583903696676
3496.74905600355
3403.0983072400963
3134.0274969219904
2809.7114556560164
2647.6112728289636
2584.680322698157
2361.4574132368593
2240.5122855354625
2135.757350083171
1954.6396313767666
1861.38003749679
1773.974615628897
1775.0372437775395
1729.4206322120926
1718.0702812422924
1717.6298029683549
1710.321237586471
1705.8643299231567
1729.0449446133846
1739.5455258881143
1715.8465510714504
1682.9084800838941
1667.042933155485
1640.083806007989
1668.3995672703725
1674.0999090136718
1633.2554633931331
1611.9617358311314
1649.4718110348633
1627.0949330125277
1604.9150324942327
1618.4521265648932
1641.7640656584883
Score: 0.14954745189715116
Runtime: 227ms
336026.353494656
308510.6713799947
265470.80018720095
230142.17587279115
198492.51434243357
157317.78489041163
138374.7006231181
117384.76603538562
97155.85235834558
78782.09444978437
66384.651818718
57718.87123153714
47834.91496181346
42009.359658567904
37039.96591522604
30761.38436209662
26255.972546275203
22779.90204221655
19616.764687818
16769.389083264854
15086.649415561144
13049.484337350217
11452.683143602473
10178.917147368564
8957.866885866559
8013.683985826514
7440.015710194041
7027.0250580166075
6678.252496779612
6340.823738548459
5793.765991635166
5420.334898928687
5227.355234388794
4744.068541858794
4496.412657869003
3915.822878518822
3633.9169671816016
3435.7937252875395
3484.31568713158
3194.0077986330584
3002.2000810527993
2769.5167538931214
2685.8569069795303
2449.6232674763082
2329.3906909589878
2349.0433862485374
2085.334695648076
2068.1419775252216
1967.5901559493857
1897.9368462282598
1874.1283569883733
1875.1341366583576
1785.1545648843396
1806.6314036906867
1793.0530817166143
1815.3629132478482
1817.2978436414576
1744.7143349243165
1732.4493062018778
1663.740729506811
1619.4074598699215
1675.4933308888228
1681.1133906853324
1655.499159787898
1653.8475198795002
1601.7875838921673
Score: 0.17025888111108448
Runtime: 260ms
336026.353494656
309747.73914066545
276813.8411987291
235787.08581065453
190734.4196220816
167731.94702994695
142027.846823881
114057.34184216609
97754.14437556949
81605.6550111963
62769.047859033635
49369.35633179816
40739.06922748144
36116.26187574695
32387.361620966843
29333.481296715574
23706.971637673734
20640.454074335445
18598.060556226617
16554.12700895586
14152.537031070695
12562.94185984445
11168.381991452881
10049.614316424097
8758.804007232096
7257.331983254709
6905.68219349749
6067.731842401276
6021.537923515459
5210.844933357243
4627.016653052122
4414.765157357083
3980.199197824415
3679.21261175436
3494.4351679922274
3469.734849622882
3176.568445422709
2879.4551249089923
2793.0588450087903
2625.472976625292
2535.0612180818684
2402.8869573232446
2290.323768098464
2156.9503046186146
2045.5987065051277
1954.4473812543074
1972.967610657012
1890.8817474108032
1869.3159980996768
1860.1953431695097
1809.3205558817356
1789.2851140900705
1796.4164104084407
1735.6842254188562
1688.4695127313828
1689.8231740415029
1648.5647029332392
1638.6441263436768
1640.066268331334
1627.4651934155663
1596.38368322638
1633.8312274299583
1611.3053145235262
1624.4792283221047
1669.1787886543982
1663.713691686244
Score: 0.044142963537241495
Runtime: 279ms
336026.353494656
299245.07591523277
265269.4315472912
223870.2312203342
186282.70363653672
150569.62525918396
126108.59829883598
104981.92068233322
97487.06800621541
87937.61723151783
77828.6229039138
68300.8264439867
55231.02124851453
45742.765167387704
38759.71386142991
34863.25010534245
24974.31368500181
20524.159515119445
17164.426857741204
14819.1347998094
13677.714194530487
11945.588227071961
10189.628473535528
8302.544915384997
7441.170083830846
7063.525168158425
6033.4515947250575
5490.100171415429
5076.725611648014
4766.776255754561
4104.219800808712
3613.4416846963763
3251.2517624043408
3088.4926516108567
2878.697833213996
2752.80625397859
2720.338921728338
2516.4677905936073
2421.452301123191
2274.329090791769
2212.416216982411
2140.6400844931186
1968.523842659527
1980.3690811117456
1993.5538965812943
1986.0228748965576
1870.5354485321486
1762.9287769432697
1664.766666088799
1680.431130583894
1671.6188722248824
1698.364214766738
1679.7071925043783
1729.042445318957
1701.7222055153813
1739.5545371633355
1796.3355305260939
1802.700515728513
1778.2575796608342
1763.1542539223794
1738.67714690662
1714.2107617661652
1700.0761582480784
1688.5944148083627
1679.1737935976996
1675.1569452542967
Score: 0.9457578080940947
Runtime: 230ms
336026.353494656
303330.2298709328
253778.80629734887
219670.21015473743
181019.85882672222
152181.20837077944
123824.8654373935
103792.40166023235
87598.00138232645
76136.25108589842
69173.64284653786
61342.465447142975
50186.31342369048
46134.16305542576
41872.49361718652
36736.91505132877
28250.746984281734
23171.807056599628
18452.80626299673
15492.098235641175
12422.35219528527
10832.341535483702
10523.317098166943
9911.2161047011
10021.704715815016
9208.04043644052
7438.485619690787
6787.492404162669
6114.261089433923
5643.458828804545
4945.014127404108
4557.559521752973
4447.905751575629
3929.506968480104
3704.5649515081545
3402.0766502909087
3097.208249183934
2973.9067447890097
2910.378038040884
2842.53285973086
2753.135272870572
2464.4236857301535
2418.7569581110174
2335.624258818125
2195.9770380181644
2077.3269127961953
2015.4247986532052
1973.3919126979824
1876.4711299081737
1847.5833824042834
1890.4300561193456
1907.2555399858297
1903.5324617473086
1847.382380840586
1805.401352144441
1733.6704756904533
1747.4383096493927
1709.1931280526626
1661.1889201740562
1658.6020820482174
1595.0552358559385
1563.1952543611692
1586.688061512709
1626.1434542707113
1710.092159889954
1717.8880313852533
Score: 0.8360720162680191
Runtime: 260ms
336026.353494656
300246.8770155492
269418.2954355727
232149.32934415684
194887.5781794432
165024.47669783223
140458.7842895519
117907.16606486088
101682.71816468671
88955.44071276236
72771.28171508177
60724.464856618775
49876.997650216574
42765.653966785794
38848.02904557029
33612.557290647856
29519.506979446072
24504.402503586327
21844.909545998526
19809.461400002587
16912.7873854623
14887.073501090785
13320.517666727595
12564.015246004292
11382.360197868271
11273.072913978545
10441.9824431665
9841.147069378674
9351.538683993576
8658.523571229041
8314.232767954823
7737.083914351653
7480.438439600096
6592.707951253339
6010.546301198788
5719.333976554631
5000.301140424312
4778.288332678608
4425.2153858497295
3944.1278468461874
3711.529945793103
3342.8305592130346
3253.426994286809
2991.9145260993414
2632.792974596919
2454.7336181200712
2325.3223481453892
2235.857972418792
2079.20360552707
2046.162545558317
2012.557261162966
1954.5799116845699
1897.757456157479
1832.858224563088
1814.0176991799497
1737.3857815227898
1717.5893093692537
1733.917268918414
1722.8643761961553
1728.2037200772875
1698.1739706924693
1675.8994445610667
1669.8586405427723
1658.6321453019732
1645.100038980083
1638.6817608151518
Score: 0.29899688134192254
Runtime: 236ms
336026.353494656
306877.8569521857
269357.0230990279
220253.50319802834
180880.53639049016
151421.11532309026
125755.26789789049
100155.36540957597
82383.7271388326
68442.27129302532
59587.35008638745
51436.05668915752
46484.22163001513
41491.76034889534
37652.90655741956
34389.883356187165
32382.337839675198
28926.05309143969
25744.25097831524
23264.753735786067
20346.27039849912
18060.353474897485
16577.307370297913
14296.506476560255
12505.946241151269
11568.43631450052
10179.470203849623
8615.022798192416
8018.234992057502
7261.6207559972145
6408.318763549661
5912.335866202399
5234.074540233292
4661.719297460455
4058.7675943725494
4004.387325693142
3759.847616794962
3523.4150491287264
3225.2523936689417
2907.2644361511684
2800.607756425012
2620.2609867039096
2389.1359889700607
2346.0480243731045
2216.0805231153554
2108.3251493518737
2032.655963545466
1884.3960713149938
1823.492879986157
1811.9180149162162
1798.4385328338342
1764.1437672539664
1791.5740651045376
1766.9624769017462
1771.2925679011635
1760.1966479735363
1705.1069010996193
1743.7260410907377
1709.7705009227896
1687.5463606267897
1642.9661107735171
1640.5553556154482
1655.7755098007988
1656.3798624932874
1678.5011545516393
1727.9306092254783
Score: 0.23149640280820086
Runtime: 268ms
336026.353494656
303260.1267217055
256994.45846483187
215757.71542862608
180064.4062686238
154236.32844151155
126868.68328419043
111646.91380621021
95978.03764441964
82473.52036620404
71447.2884480662
62275.91158328947
50862.442359258
42267.294254665845
34464.7009741903
28420.37864709206
24813.630008463635
21598.083035243846
18160.992638615455
15715.326144876351
13534.036571805133
12031.919285725959
11568.847893586706
10901.54553697459
10303.805612946519
9902.8855154372
9274.046191711259
8510.225039868035
7653.568371186848
6585.884834733955
6021.260471208571
5510.583366476134
4863.389456899902
4314.760290362704
3890.402811359319
3524.1676942497575
3285.7832961487366
2968.2970463702127
2695.625113047934
2564.2591566017595
2352.9548377082806
2193.464598933331
2183.2583785519073
2048.4825187933793
1944.227126498037
1891.2205915692603
1786.1420949787594
1783.274932185092
1733.8103259775712
1707.0673845654305
1660.3196248824659
1653.723102507477
1646.9579270946208
1658.8907714201373
1678.527280145779
1713.0911010860589
1719.8329742256844
1767.5411021098384
1744.4016674663865
1667.940699916041
1651.1368743519417
1650.9300671932688
1694.1861111555243
1704.1316653523304
1714.517106083808
1690.4462707797204
Score: 0.17288807196252376
Runtime: 228ms
336026.353494656
303758.7144409653
274755.01785775024
231548.23949985844
194222.02319599217
164139.78464482728
142910.0263205546
121183.12777836532
106537.8897183063
93005.60328550341
77961.11540470421
63462.74930388712
53484.42196141687
48829.39502258789
44557.55347864481
36992.68961198315
33230.27349395269
29568.08554229443
26447.51451037656
21890.587532337755
19509.776187615847
16020.749760000435
14047.255772086588
12242.632116370502
10966.55948721998
9715.944226820959
8623.185483748364
7669.066254775687
6894.836695287885
6713.263526393375
6075.687377812247
5438.5539226289675
5257.0705191499355
4836.833360677287
3965.463982651438
3892.642012656138
3614.8012550695134
3391.4993696244087
3109.2676067495913
2729.3436478766153
2585.459813687678
2622.4793920028415
2477.3656322184897
2273.074694369267
2158.51936044341
2207.3249834922694
2197.640107037788
2116.0909178916395
2061.4776835823327
1940.5999336715563
1837.5977142527388
1832.4194794830848
1804.8100127701691
1728.0739590393814
1754.9819486163406
1691.7101755916487
1645.3232911445068
1538.3688471676958
1539.5072229943528
1501.5100342018882
1550.4695218122908
1564.6468084627668
1541.1834273716054
1561.880434735005
1606.9240687111073
1647.266350035036
Score: 0.05321111297655652
Runtime: 258ms
336026.353494656
300312.82275417086
264677.26954099134
233386.93658144888
191336.8237877965
159813.16734865156
132441.50036020548
115027.78951011143
92236.27808892749
77888.66225047469
65884.6390674173
56635.989046101575
51263.950135614534
44166.9122688777
35182.325992613245
28905.519520734266
24273.047893204748
21601.00143571362
16420.634232228946
13760.3384002153
12324.809006175286
10626.904875931265
9446.856475997349
8288.160014688321
7172.1985368365895
5829.835510235624
5180.917254407288
4637.54151749142
4278.119427090178
3852.175908340212
3446.710720987463
3249.5054197262666
2960.2437069471443
2805.8704624615416
2579.7629485457232
2500.6355245351915
2345.662564641373
2287.2525922040286
2133.3306365437365
2127.1219784801106
1991.0798008792146
1845.5506398251575
1832.0655977855342
1791.049619086162
1787.4895810812684
1722.2177813969993
1762.5377083001729
1779.8104045786627
1803.6182791360056
1860.157684379867
1789.1983053346082
1765.1339028314496
1727.530801295333
1717.3969399223058
1645.8457932926397
1675.928775085745
1649.857801449869
1684.5695808536468
1654.8056104284292
1591.8672727094008
1560.8736415876397
1597.5531392175344
1616.1114211332454
1588.2181981955262
1591.6167243675714
1622.1180536317959
Score: 0.036425666854882174
Runtime: 238ms
336026.353494656
302696.630381006
263455.18965976685
219164.69269873822
184489.72337842657
143817.49695125487
113965.17979574336
104533.54163474409
86519.09985116264
74272.04604552117
58582.600077562696
51823.60528893994
46633.4069442688
40036.22621429308
35230.591894282574
30959.303575905073
27364.702812946587
24162.044944990874
20682.043687965088
17862.565566071607
14148.074539976267
12125.25607722369
10419.18104379745
9569.760925169283
8852.471428420498
7708.42483161341
6640.438993811389
5831.230827321223
5400.816081234564
4813.185228184242
4412.101380070787
4209.346480412503
3962.3664155158485
3747.713612760149
3530.2630997572855
3168.657576242412
3030.2661932081987
2685.568661700403
2553.6752888935152
2363.7089745237804
2289.3221576647557
2315.200625555419
2259.6531525572495
2160.543283712557
2116.46202776907
2130.3830313055737
2046.2482655122656
1991.0407306144086
1953.9933118049041
1819.055356206868
1778.2144731354895
1781.9766882190565
1727.263686921619
1699.5616285450708
1688.8416921822197
1687.113538242539
1667.5158495640642
1696.37258008365
1700.1497350814202
1694.3670853102444
1654.013537056683
1667.0498288563047
1665.6589799631975
1609.2477533769081
1600.497332598049
1512.4521347973562
Score: 0.05706898180932848
Runtime: 257ms
336026.353494656
303599.3606631951
267892.5265719967
238357.6092762489
204760.14991938148
168852.48452440204
144755.05506264843
129534.89182125904
110112.8798450009
96438.76743110367
86129.96555541469
77796.1625636413
64278.64231203872
52087.40768882649
43707.09072970319
37277.49677604264
32951.555189636325
30433.52104279702
27949.82641650019
25671.794981486855
22283.533297289057
19029.380341981847
16851.101518434793
12127.776492666875
10561.99483004882
8929.917541354665
7690.329985783524
6510.07290415504
5813.203370679179
5146.874743480994
4752.519723124588
4348.207199825072
3819.3547153799072
3537.1557321512078
3220.659685705628
2896.7142574686286
2698.1115886144426
2453.7255278997454
2468.226233068789
2353.776990960185
2252.525159732409
2151.962517249028
2079.5185553954066
1959.635111278247
1941.7963974236923
1939.988138824024
1895.0219315276004
1844.2397591527251
1871.6560130877613
1829.4491940373198
1858.9579032600457
1839.8328427526526
1793.5996392693705
1785.8579438898735
1784.6913078462433
1757.9966431344928
1720.9593472992337
1678.4456111293623
1613.6273157315015
1626.8994879511054
1698.172554103494
1672.9517026866426
1718.8938703411488
1687.3968667796746
1681.7220314435656
1677.3763433166046
Score: 0.6089796882151346
Runtime: 263ms
336026.353494656
306615.3977600065
258683.43567985683
225568.91073004613
194588.91676159517
162731.42029497042
143763.27800623185
124168.98548421827
104929.29610218869
90394.31181663286
79293.5902660376
70270.56338998776
58966.45493857614
52169.803819793065
47181.66932389199
41632.300647649616
38510.87668002738
34944.498211582184
31081.25290640006
28351.354193660438
26415.20520620425
24447.919237061753
22435.298355363993
19313.181896555394
17160.568171514078
15101.414492981125
12810.2697987377
10501.528318534567
8714.695533157737
7293.739719362079
6382.496821118497
4838.687556267026
4474.897861274086
4245.294193278919
4040.9202554579583
3916.728447059021
3682.481597806549
3862.0246103848126
3538.6070842023105
3467.505155510175
3158.000730358342
2942.747775229915
2652.921320790782
2642.3998023726617
2457.56047901832
2359.594314757087
2219.7566544336623
2174.162776038642
2087.6527807126786
1921.64328253035
1881.7457530400332
1900.5478017396986
1802.444985314883
1809.0490847148737
1803.890870486171
1762.039055106952
1711.0779797154287
1719.3316450134723
1743.0484399717764
1790.268193124062
1774.2775392823646
1772.9282482038827
1724.8551700449366
1705.8470257519084
1647.0353508798426
1664.8007733923916
Score: 5.003626311987919
Runtime: 278ms
336026.353494656
303822.3763481404
267247.21327862446
224916.4663377163
190616.79810835453
153005.12484870804
131251.91767569576
112330.91150022938
94674.01447859748
85687.01398556355
76157.89284571105
67573.74207495073
58726.24870439304
54226.819530132474
49878.605399439155
44947.44640011044
37666.349298762274
33699.81758751811
31368.825914198987
27151.05119592623
24684.423091567107
21298.916893716494
17911.71688362301
16728.04977866788
14912.451345911306
13224.838881088639
10847.576709171037
9902.075743120533
9148.88036119084
8376.574151758216
7134.879566050211
6589.581957536638
6247.606202010342
5817.771539908099
5555.770796493265
5548.116589577931
5105.186899826037
4289.506063726969
4042.464920896736
3874.0088566991058
3559.340381610745
3373.334750719814
2966.374945517513
2669.4962647954703
2347.515192625576
2364.7663553853413
2246.373338100997
2205.459821147398
2226.7995607488515
2196.743882569877
2111.7777259741924
2076.100289703601
2043.6206806477765
1978.6169692968085
1876.0428773569429
1943.2574575994436
1950.1177009617359
1857.7645046850912
1790.030848143441
1784.398530348672
1775.024254575338
1778.835010345567
1767.1917332772498
1719.7866785406964
1755.2577152819447
1773.5725562640237
Score: 0.06520882845405004
Runtime: 266ms
336026.353494656
310895.28738372336
267296.3662323745
227667.2482879152
195572.91848119185
165343.43982521532
141069.99783719727
118311.26243600479
95198.0056397827
81139.65496049293
62051.3763712224
50878.66194220563
43699.46441145925
36745.53520761744
31968.851194007115
27982.63557954987
23935.707161762697
20520.5080463369
19828.903522396584
18941.586082659473
17035.887599318336
15976.171901388298
15131.947495029854
14342.58909962586
13496.555728927658
12150.670270954352
11695.164869143417
10502.993662638093
9085.921114692323
8381.230897000625
7080.920211356687
5943.548443283898
4968.436279881407
4498.653066557116
3871.670534655761
3636.881259568394
3468.667754145018
3226.887593049071
3007.0000420133015
2840.2240131117755
2701.0894987920665
2604.584870141809
2543.9596675210532
2368.421915901959
2289.2381405470023
2201.326421840282
2199.4197246737817
2086.475958334887
2003.7760962274506
1929.0642965987533
1907.7707924847202
1849.5726800293326
1846.503395915012
1865.2582507469876
1792.1494016502033
1812.6319236803283
1751.9722101383513
1732.0385209367366
1760.0618688037455
1793.522398411157
1805.9615845263386
1772.0915092914972
1751.3612987266768
1764.6370922069452
1773.0912174233367
1791.9298343779792
Score: 0.1441335740885196
Runtime: 267ms
336026.353494656
309721.97446712287
266878.4901801761
230029.5844256843
195006.85697906188
160792.67283811796
133773.59903584045
111540.30334985843
92065.68529308104
79438.6600404907
66602.2467549675
53346.96826393849
47818.69023449534
42546.05136197236
34843.95154836988
32752.52168776915
29896.668648426436
26956.035547109383
23644.594247683457
20451.513833199027
18022.641009897063
15252.60519625367
13066.489934381323
10367.968710344947
9353.210461049026
8844.272128120498
8363.958153002099
7898.736616570623
6950.30887518835
6495.675656206496
5806.447870708499
5161.402933821334
4974.721315558194
4373.299047916602
3930.333250582094
3540.1790523524865
3099.2818385395153
2863.6887235160157
2754.5309878670478
2644.281295268107
2453.092447743946
2336.8793029098533
2291.428997067222
2249.344831577774
2128.0289529618217
2081.896212834591
2034.6215888406539
1986.370944405228
1861.894354990812
1717.9608067461713
1731.4423661024732
1644.2755163822692
1578.295421907594
1619.947907973581
1596.0412448930917
1615.7604290777922
1667.4065920664996
1668.7591878184646
1627.0181603015556
1662.396110214262
1712.6456136768418
1745.7417231861455
1758.6499397419338
1808.1399299672228
1763.2973179633166
1699.3824952834693
Score: 0.5992544811256342
Runtime: 234ms
336026.353494656
298320.56780794426
260176.6864058168
220609.16313271903
197750.8909967617
163767.56753306155
144695.3104381509
128582.23167061192
105858.53238624622
88767.36911078825
70311.06906180136
61803.92220334972
51170.008897929
42657.508082174936
37908.590111679536
32042.841850486653
28606.985946409724
24403.416565946693
22170.765671947647
20202.93246231226
17033.873590300784
14125.114102270576
12406.438247577316
11010.785369904152
10082.31709096947
8861.456782443272
7745.457177520964
7346.814871738785
6753.22475922454
6414.733925383355
6056.416475241958
5753.99162225797
5401.625401313528
4779.52563737597
4464.126079697826
4124.5500522475695
3754.6592593026244
3549.968566854319
3334.7095810181468
2923.667129203635
2709.2326777812273
2673.734691680347
2510.7824387217515
2421.607869882626
2272.7376302731004
2135.490087317845
2051.38066647139
2003.5601273441653
1848.9630204824693
1821.7719940799655
1793.1680139131167
1767.2711169168679
1797.2812550532788
1766.9187077883178
1724.778372657019
1736.1943412918554
1722.5076857118493
1675.3214286686537
1634.6232568382416
1689.6883604515726
1641.1340404873783
1616.9648462207263
1618.8556945914117
1660.6620747244826
1654.2762566525923
1652.5985041369092
Score: 0.07649600266994383
Runtime: 233ms
336026.353494656
301863.7959365695
269380.2744674263
227729.77943497998
191530.02982195996
165503.9828966281
145687.86013169194
118643.00093419681
102281.6954827104
87521.63959897227
74569.01395180124
63913.06847036332
53654.61279227462
47614.81608022147
43417.74685171071
36659.246202898095
32164.287389829784
28393.645930055714
24587.19261877427
21098.499717470662
18768.178121051
16063.181638044896
14283.025462889173
12113.944754834223
10271.649802327665
8679.565391421216
7270.738660926965
6081.049707024789
5880.093257154103
5319.942711004263
4545.640363326397
4235.63000637814
3911.771228835706
3568.362929279736
3124.2868008567334
2859.0424323309103
2577.8918371480727
2288.8981553594813
2281.3527687527117
2254.7588560362856
2121.375452377306
2044.534403514754
1936.2754261939442
1852.7901591693728
1847.1869593622596
1846.0493039349851
1840.6847922003171
1837.9576098626012
1825.3092487431925
1847.8178821930487
1815.2228615028582
1780.6179151588958
1735.9466102329031
1735.3363860606742
1725.0873782649205
1715.4763265616257
1692.0133270416386
1681.1157648554374
1648.646338798307
1671.5153178759679
1648.27458299772
1658.0965361924752
1679.3090415448808
1631.2857750263775
1639.5539531557151
1629.0688156786819
Score: 0.6686131297618094
Runtime: 256ms
336026.353494656
303449.11859402136
273341.00945041026
233212.7124175837
193705.90476200628
161237.54072504217
146316.28871802334
129014.56658022583
111729.89203569379
97883.52813000619
87241.28101854547
78171.45243195943
69535.43157467716
60010.203764921884
48445.00485622339
45614.49519865583
41314.879109244146
35904.071509649584
30230.785374301846
25261.68728783728
21087.13654851021
17429.055550448604
15402.97618010513
13734.82880669469
12499.83319225643
11653.410042883062
10801.561983150648
10074.16336987699
9409.278965610376
8141.027081644559
7153.327015433807
6654.819992337998
6063.133143463153
5491.932289550091
4835.252302747369
4412.373411774544
4128.407513672178
3793.0447302121897
3380.4599277831894
3046.8805018198177
2829.1437229068806
2809.3030755238124
2652.2958847979635
2407.033018991487
2424.205995286371
2326.961628808215
2174.5768527633277
1976.9766817230209
1976.5494928279008
2006.0742846348314
1970.7638004006274
1868.3142889096098
1830.630296063528
1782.3824927922237
1724.290174342238
1652.9574511907124
1616.4824393050758
1621.8934569024734
1685.6664901664467
1716.3291961317257
1787.6241294855863
1788.6147562060291
1754.1223483622578
1741.6697577322955
1690.5047554719397
1702.189236549922
Score: 0.4978390888670084
Runtime: 262ms
336026.353494656
301540.7681529025
268238.27365861676
229936.67150827104
203325.76921279938
170848.49857094113
143311.69827203723
119647.93363607081
99593.13285932805
84723.76497729743
70114.1936274701
62061.29677450305
55218.90144950336
47830.11171885941
41760.21524013538
36034.74650380616
32506.755967342
28285.50923392008
24139.76876774675
20367.073865892125
17933.737750583477
15320.361272078937
13184.833882304483
11284.541906511196
10034.416382027472
9252.999126793356
7941.426266160788
7139.7246642457785
6771.346776097519
5625.407673170751
5052.818220706345
4418.113780998309
3779.134747902795
3418.2156789244573
3264.2760261940325
3039.8557481948815
2823.758901850116
2670.7627559099083
2577.931241678169
2452.984765743022
2336.517204791839
2274.4875055944203
2194.4751082815224
2061.447212342455
2010.9733450234176
1977.3308076847647
1887.5504356902097
1859.8525635571914
1826.4581709952456
1870.8155054722226
1870.5263269526022
1850.1829126007858
1823.341624725936
1810.851569743589
1784.7069972183988
1709.5200747617348
1684.1826383626617
1636.0115765353137
1622.9167264426364
1662.4980777774695
1703.3521168480254
1739.8997798736955
1805.8069779864927
1781.6405350849486
1789.2053537879142
1739.9219446712473
Score: 0.29968083393390765
Runtime: 260ms
336026.353494656
299554.4871974635
264300.7382691007
220108.64832135703
190974.97976228275
160622.32382946575
133153.76063987712
118976.96774336153
108729.56070997208
91183.25625934388
77768.3091979713
68210.10761575324
56013.45467952625
50440.583034466224
39437.096176660474
32685.967050777308
26611.905044052874
20960.036056092984
17011.11666599555
14955.585975886826
13503.40950523897
11706.026975926557
10636.513472644816
9157.72191508024
8125.334255555738
7249.213883887499
6368.650768397639
5564.492753838075
5052.516277188379
4571.685390387828
4208.728471967674
3880.9237297175873
3509.227215449057
3362.3565902202963
3194.0005285325396
2920.467441507025
2774.817643904159
2769.525047508331
2547.280694816425
2340.035965967133
2212.916646084709
2101.8969453418563
2062.6394047033164
1968.0921152813542
1935.0562883429268
1849.6209546203768
1835.0172898700303
1811.5666873164676
1799.1112302227702
1845.0939649629174
1800.7398724247832
1730.390979691252
1713.6661875642938
1675.9130886846729
1679.469920264858
1669.3091724927428
1676.6862256905395
1704.1159025937593
1794.8036757306184
1821.6826253649315
1828.5569606406902
1815.3443130969197
1739.6401229842531
1779.5526303166218
1763.5014731940782
1765.685532868062
Score: 0.233408473490293
Runtime: 263ms
336026.353494656
304214.6643970048
269345.1488216594
233776.31125920362
204330.5699929202
171079.1301255036
133641.40779404884
119267.44554122064
101002.07254917294
85943.61626504848
72698.2207268065
59776.92155694346
51549.38034966882
44765.00404017697
34905.42027293382
31152.849941983564
26564.325883582547
22789.93963266125
20747.688042842812
17394.241636017476
14012.640807107786
11865.353950346076
10295.695990798506
8937.028994082051
8043.276807391929
7379.016881523704
7248.780999145762
7209.703411304872
6535.221753507651
5741.95117438635
5327.183499769835
4829.909314586489
4971.8278455427835
4658.861591570648
4352.316932745093
3875.134401171838
3657.7747045395563
3336.648332359913
3075.5664602164584
2898.3296324850357
2809.404412349302
2648.1200349223095
2437.452185297331
2447.2375688555185
2218.836396342154
2122.489318603169
1912.0452473138937
1876.6490903566166
1864.2980912213436
1885.0019688494601
1855.4838963972416
1832.3269965026045
1799.9948186838385
1770.8931664202169
1714.862227482245
1678.9728037094774
1708.3740587595935
1704.2345733326579
1718.626835850022
1736.0417952487012
1776.2837504295117
1786.5452342474007
1759.5430932717868
1728.5666711931246
1739.9633997455664
1680.7511471783012
Score: 0.08662489280390909
Runtime: 221ms
