336026.353494656
299753.00604647043
251611.34301851797
207337.36331976636
157927.02485585175
130478.18027173351
108667.72681981063
97340.50231352514
81070.86493594814
71160.76872554772
65051.0153955794
58303.18585162555
47500.92042141823
40021.79443050227
35854.44590728123
31806.035918719983
28836.08785674481
27172.43133642573
24313.105698123527
22962.060224103527
20799.307226211262
19514.593566308457
17877.365421609724
17010.809278644887
16877.34404123981
16325.309454681745
16356.908465221042
15380.335094307551
15212.661833708798
15371.960400456326
15271.817936423458
15118.355013837721
14773.30944696221
14220.404696950885
14185.13292833879
14219.256184410518
13895.759489649938
14483.895771027399
14005.867102751292
14297.048967615334
13839.150889055347
13933.644090859358
13592.188209466598
13958.625326369827
13875.566825270014
13805.224605820023
14251.610755960617
14019.07537820557
14303.463733550714
14457.102533803894
14484.37450984369
14225.755021213585
14226.156745396482
14599.937030062863
14241.867357690517
14054.517687595031
14272.28010594639
14317.363033714815
14087.190294065535
14302.555597400267
14447.82343671653
14522.07920957852
14445.586078387125
14615.75128480693
13993.567450734337
13654.983286441859
Score: 8.616581428915017
Runtime: 245ms
336026.353494656
294993.9059421806
253978.08365890296
213397.726912747
180794.92876999796
147643.6607362888
116702.11942636594
99371.26425134394
89710.20387451144
78043.82316231725
68473.65045278631
55121.496314218144
48868.72770942515
40468.33681892464
33031.11860181762
30406.29034485764
28570.041625657923
24651.346606160987
22313.9179307307
19946.049124175628
18478.97400894839
17256.57308735196
16123.78031802941
15323.472043931803
15166.583246200826
15115.690896107402
14854.366455534922
15133.753188433024
14693.67391916941
15158.47413492713
15200.356186827667
15192.408564653322
14992.842119616502
14892.567791351097
15186.889004106693
14934.876303606154
14962.56025636137
15292.413939575777
15111.93072426311
15120.189989968845
15534.579367684586
15696.348038485845
15363.201868453023
15305.540885421722
14996.585892855934
15149.468185971858
15203.704851924662
15064.305985848734
14750.22052587102
14290.124122398644
14211.027602726346
14135.6357951834
14077.67851925305
14439.730043399772
14180.391321758188
14716.926586518108
14440.637105798625
14132.819045512626
14185.243828621595
14371.74067786198
14294.455527335445
14384.785085388861
14596.948827363438
14955.25559506142
15109.43058983862
14917.122889296536
Score: 3.915432133832699
Runtime: 265ms
336026.353494656
295884.61015428713
245039.09352252772
200737.67374368655
163832.6336123292
134056.87475185448
108134.43827082077
86742.33395356458
70694.96096897878
51082.24855576352
42723.27893002264
36147.054746697235
30906.347466246065
28002.009740792444
25132.95823798079
23187.376867835206
19947.089164937875
18713.753998335793
17438.418761879424
16761.052865174443
16307.032171460083
15454.463972436328
15113.071373247727
14713.920921684588
15188.41703989844
15264.137967015069
15458.44034421093
15100.936372592932
14928.03396040496
14786.116506718748
14775.591403184642
14736.148703247796
15304.98280502592
15496.059826140188
15387.43705141188
15414.471316777579
15290.713784272622
15273.281048703322
15613.0152452569
15396.76705158309
14930.629157261255
14488.274040406353
14910.217076203297
15434.885765253184
15555.367578341886
15308.446317473677
15371.586879746614
14859.81203323857
14772.535253403157
14541.183257386127
14787.869622702181
14857.211267275927
14639.017867580897
14626.247575226398
14641.573033004948
14622.167863341127
14940.951440282197
14660.668943986317
14756.829296354936
14589.006044651996
14895.3906862633
15242.594362638645
15153.566157838995
15669.12359850466
15905.803437347186
15539.849936918601
Score: 4.756592894471415
Runtime: 265ms
336026.353494656
289341.52017507085
240699.3641311718
193244.35795005548
154524.21103519708
132286.61122680077
113017.58531141994
91759.01917485824
76494.06935916368
58653.29555525344
50114.48557924047
41265.4832079638
35374.478421271575
29191.12754310608
26041.05653369455
23890.159910024966
21295.45584942666
20190.134755021707
18843.623250247238
17776.054121146743
17790.643972012258
16775.921570430964
16100.30824414218
15148.680335343057
14563.978917514814
14626.433766376742
14466.19000122098
14356.625267177145
14859.363699821646
15035.340286554612
14869.302608503564
15065.076281349884
15213.288837103164
15545.961410551963
15461.495391066574
15109.045813589273
15019.383940586416
14889.882202961648
14893.357639817048
15033.181918636705
14509.308153116646
14595.430170944395
14377.786524921585
13878.046359997074
13958.2837930879
14337.931275491463
14142.515938214896
14345.865435027383
14616.648247977135
14415.881681869168
13828.192680390875
13727.133987905941
13868.528453408131
14115.986578419568
13770.955543853395
13909.338868368877
14044.649717715945
14195.813744077974
14108.828554119871
13932.1870383259
14419.908580724052
14043.107675099152
13877.880980850969
13697.21438207617
13165.572138550006
13452.037248575054
Score: 9.46406980911133
Runtime: 267ms
336026.353494656
292374.57877916936
250893.9126739144
200517.43161278116
162878.68535181932
131211.20957950977
105165.47120434447
86050.87414696488
72243.75474051149
61910.546800618
54235.48101637099
46733.651429697806
41490.86809139678
35446.44674597206
28479.639877697082
25929.927272159468
24196.384547219506
22760.08163606551
21769.37429809578
19772.091493123586
19546.301479072354
18313.965248169996
16558.38512718157
15829.814322769469
15490.386851182817
15868.505313813383
15556.603221893709
15509.877947283861
14891.386581526584
15248.09385409301
14931.91665215095
14776.58955169259
14772.47013427132
14751.730122379502
14670.206916345562
14263.274706195183
14029.964665447325
14043.18002706893
14523.279545472325
14639.5868336968
14732.819091437168
15204.332933577172
14910.0767149971
14405.12701335623
14676.825380380385
15165.481315519986
15437.283487334596
15514.871323755955
15367.316807218409
15776.560697618614
15763.889597163354
15140.510511776429
15466.752860133169
15492.936006065875
15323.933205278892
14845.550795011946
15129.12951761718
14699.448403532786
14072.700275732765
14705.73259878221
14483.853032004183
14895.276617548263
14862.848571527918
14710.67285373592
14511.180804851298
14578.691143535294
Score: 4.499177228945418
Runtime: 249ms
336026.353494656
290107.0225855188
241792.83886753258
192436.0554123165
169707.60887962746
130414.02239823353
111183.72709779837
96733.85258860767
81615.39512124601
67234.74011573405
58014.25920059481
51706.46758876449
45622.95338200573
38193.40720119027
35772.4391793669
31369.907827298288
28847.817558181527
25310.857679671655
23673.30278670166
21648.11658441938
21060.58339103844
18981.815696902817
17752.202307000436
17502.471382247088
16923.291474794332
16346.84494806314
15814.677673268672
15510.59556521454
15861.245652021742
15941.447917081217
15720.390757976085
14985.467400797594
15282.127229482561
15273.299561748883
15306.495587259622
15207.186685546147
15065.91108817401
15023.17717899033
15003.212239283104
15373.01501770525
15231.729225066008
15586.888461085415
15938.471133582188
15650.7174629311
15149.805584916916
15411.30802152178
15351.9967266482
15298.0392538994
14878.28358629351
14448.241843833419
14385.772541240778
14435.39728016324
14516.97226472112
14742.548484937217
14713.106136107092
14436.188115987465
13981.319851538683
14050.026425309106
14015.903706816822
14051.444682785796
14214.518366554626
14211.661841706815
13723.442983454579
13885.590172853366
13827.641676888874
14203.75112351626
Score: 7.3443498538346095
Runtime: 246ms
336026.353494656
295444.8919472445
249500.2721019749
197924.43263956023
158865.56488008125
132141.1142129901
114977.10345613823
95556.61976524195
86510.51109633062
79117.06376210132
70420.00374642387
60123.54588258598
53535.65068587212
43821.45052368738
40818.881775499605
38706.72139767886
36370.99420106496
35068.32443608346
31639.177684560593
27096.158610188024
24948.60074704503
22769.885205899853
20323.896943194883
18933.96045479485
18391.655388342075
17248.73314744704
16147.491395095207
15803.615985322485
15180.396251077826
14589.985600943117
14703.922753231836
14414.44472823492
14309.180911268002
14428.581899634957
14350.29774502831
14505.418678522108
14137.716317991895
14000.381704998566
14144.801988145062
13454.500284251859
13608.840988132559
13374.934354997438
14053.287887337732
14555.539424520195
14690.019484226317
14749.128462675368
14538.312000884245
14097.960071363796
13924.984621162095
13621.306550543035
13433.77876814875
13823.311632933845
13762.58317820372
13184.549094131704
13375.8240668884
13966.611062891468
14042.557478122613
13953.347371693366
13922.72485141739
13751.983971623944
13693.749836677693
13959.964400655115
13543.837419637877
13300.426873298335
13282.628599557855
13437.181010138573
Score: 8.629724941140243
Runtime: 593ms
336026.353494656
295345.72384407
243022.17662747542
198926.18111276336
161097.03754248252
138604.70795284823
123545.09398187617
105806.47977855771
97269.60171893373
84631.80965499587
67034.99915232167
56140.2793579055
52360.824905984686
47222.01781067609
40020.371065018975
36561.388582345025
30546.108311857985
28147.51758627363
25429.86968458997
23218.327523308177
21435.220426019794
19883.648850682304
19048.633927639938
18303.569831096214
17373.254386917608
16755.681661902425
16365.418711773831
15542.268175410369
15589.675055068492
15040.013836434835
14473.550385718614
14192.288220370276
14254.23479482074
14319.729807791038
14549.297580700977
14073.999320402592
14030.262655634768
14566.615589215453
14788.486660897015
14729.961737256765
15025.63209116448
14825.819753155622
15197.786321813923
14875.331369276752
15201.113356221684
15306.198705606337
14884.21939811174
14574.248918589494
14982.980383074277
14910.801028434029
14429.89927421786
14863.1440549578
14900.431414614106
15169.353226646379
14955.823444867545
14694.066012094925
14447.341383548986
14498.701588767139
14306.399888099006
14726.255375321249
14944.660733552631
15011.148057237013
15102.674399737976
14798.417151618636
14865.00344797027
14893.561734471154
Score: 4.976602747652313
Runtime: 288ms
336026.353494656
297972.3493566724
251335.8342073698
201734.36481393338
164317.2971547058
144028.29888492823
125898.42170700582
108418.91553336481
85469.53647248486
75539.85267586369
56952.37276801854
48978.27535360481
43983.35140518596
38298.62564743624
35102.20824463439
33298.02157106186
30194.421611447196
27396.79523360332
24734.652416858524
23091.23657600567
20961.139851519383
20262.369208466524
19732.260698652015
19271.78376164122
18676.081933525275
17358.801895111672
17049.965518565336
16529.116833999968
16132.589340439295
15624.140512079162
15210.731704164591
15164.547012677442
14336.066034788704
14155.892742834758
14550.06953125288
14660.107016151862
14536.742365036705
14185.925704435625
13538.37375779529
14050.91801140694
14041.826594385857
14371.762918199
14461.34754676044
14866.332128677062
14653.311554399528
14913.211252507424
15248.444572313383
15043.076901650844
14985.770942626354
14535.887053777038
14922.746853221868
14692.782169676113
14349.387349275281
14885.62770883164
15058.731798520545
14985.7858501453
15398.504400419899
15207.215686680205
15235.221294346567
15355.800089024317
15129.950961076545
14657.35367954715
14102.400473168283
14837.986736434874
14104.271317490913
14041.89912160916
Score: 6.32836990946053
Runtime: 273ms
336026.353494656
291637.4980289944
244414.82123841136
199067.6763815383
157058.96023307313
128198.31991820651
106472.7946328585
85824.90889199154
71530.83764570637
61681.571802339044
54746.49120864354
47928.79940873602
39923.44350534728
34232.402101093445
30266.03127260177
24894.939658392363
23225.952280946978
21216.852965723916
20430.30350550453
19275.72553683377
18133.1023106947
17732.0590061803
16993.50819547081
16405.163047265847
16106.097149524652
15930.436831267225
15406.936660463933
15084.594746172635
14845.22946767679
14837.49413919221
14796.202005283774
14561.458232634086
14534.995957324172
14525.116160648518
14431.819613029857
14711.68055839588
15162.30821129804
14737.728416843282
14635.761003488478
14711.287806239894
14968.23257392426
14687.404047373277
14243.976368548396
14824.39898285116
14480.064860720857
14696.942079200931
15038.801576149517
15343.637283791842
15428.436328279371
14901.575120919446
15330.837655537975
15479.474988276112
15627.507396552972
14952.961789599129
15546.128402812968
15605.705630104336
15499.697396061103
15258.929052422294
15023.188788407711
14985.10109488694
15095.151074679356
14722.754003933536
14597.414627051905
14489.455781286453
14662.896531417997
14362.355585056635
Score: 4.272460347122454
Runtime: 266ms
336026.353494656
289482.20027636335
252601.52155998463
209364.40577040944
182730.6460605591
148501.90952692862
120595.3534082744
99718.73155525688
80808.18395061618
59367.640742674084
47282.32433208663
37995.36191386356
36217.60217219136
34394.56594390169
30230.06239821887
26037.77343408309
22021.933065508845
20842.362412701343
19513.14233150896
19166.119581505645
19113.21923084367
18188.982325060417
17491.888444557353
17308.065355309544
16319.13049657586
16126.85847338642
15439.599621272848
15269.419082624263
15158.74992194316
14466.647661826479
14762.440212623676
14648.254448661797
14811.485707002787
15481.557842756136
15263.154737401901
14446.985852148513
14082.526793003559
14628.144943866759
14701.846768370806
14767.384621273819
15208.720725560432
14709.315848792727
15182.808406814283
15012.976757047603
14701.18185042808
14897.213799699994
14713.612574294124
14553.785602735452
14353.045399524568
14057.723068907502
13712.115959491468
14124.048450904975
14064.223450090649
14395.459038651594
14624.279624000863
14356.019919945229
14590.587829462682
14774.596842533247
15303.531849384852
15380.616378897195
15803.125745683812
16056.989355715603
15876.958482006741
15412.081407848542
15228.549058755294
15411.779839364219
Score: 5.202624896782488
Runtime: 261ms
336026.353494656
290448.1696449529
245542.6454349061
203396.5599502057
168181.50557814306
132016.3933474813
107993.12784828746
81541.99478136202
67064.18702177353
57794.77113768674
48398.525151316615
42984.9302609904
36341.7679013895
33031.45146227916
29075.073793683412
26623.072396222546
23769.58855214766
22268.485603630656
20521.14916252006
18740.308448321543
17456.981366106498
16361.11001587204
16000.815100490765
15266.44886634067
14802.948190914693
14563.468580370898
14779.311330625716
14582.261848958231
14689.224384620442
14473.526159421584
14712.608928281254
14516.434811646031
14210.62483465796
14547.911446690267
14407.385450311687
14319.79472608134
13869.407751656276
13762.194990866923
14131.831542291524
14578.40704388554
14945.826213932129
15041.28092866736
15030.745754351425
14713.854048417594
14396.604764549205
14076.518618637083
13992.940940411609
14246.917629444122
14004.776843781818
13832.80056206328
13466.39668113372
13423.155915867312
13877.092792069083
13974.223973282807
14085.085182442102
14334.376605584872
14244.728462011863
14464.855772169229
14057.823594533305
14008.702284730418
13940.814395379304
14256.352676055296
14329.172475870775
14520.954599049945
14839.115801122096
15479.101766204085
Score: 4.980998762726868
Runtime: 263ms
336026.353494656
292850.78438983136
248592.2726816919
204044.47488776923
173163.72140639526
138025.3433133858
115028.73824937028
95027.02809598598
76321.74950429384
66335.90828561237
58604.421994495
49172.09535964466
41773.946614359265
36003.50733998351
32990.76701942148
29672.592430046778
26992.171789771466
23896.72315140859
21433.567802694004
19524.295028630142
19537.233734641653
18156.094862332
17432.10402805012
17371.23784174191
17007.508222574197
16446.005293447262
16281.888410342352
16059.094160922868
15761.809995915295
15787.470649452465
15422.2766331912
15385.787692218377
15106.71303225825
15082.559338991286
14755.778285362165
14863.392161355447
15049.774832256902
15277.52745141621
15294.315115245745
15653.518693902131
15729.867997932783
15955.05602100666
16275.780370708757
15950.27984676043
15193.504055865293
15000.596510313597
14534.479532884088
14179.424175660319
13458.866078971001
13748.04268256549
14437.419029540013
14378.228722451444
14143.008254539061
14059.110968365203
13687.334898205403
14065.993018074105
13838.695417221332
13946.873554739475
14239.370069611618
13677.545447748797
14122.955337255375
14444.90682317644
14376.876812149223
14159.499172955939
14101.857810530257
14441.922440138553
Score: 2.804553618807424
Runtime: 228ms
336026.353494656
295716.3358827478
240547.79513728953
196193.2536792051
163604.21708233288
124258.90095390061
106248.96941408783
94592.90321191974
79445.74003376342
69448.25624248096
55728.84092976808
46353.55405052754
39634.920933505455
32476.78700423266
29313.807689943664
25896.138514557948
24153.88456004473
21436.292403738506
20099.948423662103
19595.66122201189
18067.019822635746
17715.843308907333
17168.85077408265
16723.3308339871
15959.703644995363
15934.779324314797
16141.116173819419
15754.121567883441
14966.334169992779
15034.8774959667
15019.239484094485
14950.79611533195
15015.070237453367
15027.653634255688
14497.064733657862
15157.019658470104
14632.924406909564
14128.921309478188
14897.39285749621
15056.831113086908
14793.097033597469
14479.511929447595
14745.813242009068
14691.372187300285
14561.43697812375
14283.29626985361
14640.70930489392
14845.08652304938
15239.026103979098
14822.10332758334
14745.753892097746
15461.51887567901
15429.233474206447
15090.829058387637
15213.50432783817
15261.43355846344
15605.234183182702
15355.341578237205
15186.11723733132
15357.580838735972
15060.242910772236
15527.523176125447
15483.072012328625
15607.914419596855
15408.909342975889
14781.50768825154
Score: 3.4700402427523276
Runtime: 299ms
336026.353494656
294069.1173874075
248948.79687549558
211261.6343911918
163145.27354098106
139445.5821091807
107744.93686532414
85980.44625496365
68137.23315987611
55276.3495556442
47945.65663649065
41370.75025977286
38062.917817736685
33799.54402988369
30599.82777968755
28418.781498006298
25432.62819381372
23711.425625497573
22006.163132954796
21153.829350098134
20062.012924370178
19495.15099389708
18595.71096251417
17712.28465886275
16929.81602862143
16850.852059452347
16542.4083135623
15968.27140876917
15918.949732328918
16181.42605390217
16215.409527966009
15785.673243705824
15730.97766653741
15563.190330036787
15274.965513230893
15400.478880480856
15578.115116771209
15217.806622140235
14712.09439415606
15349.70556665785
15273.315960314978
15099.522691545746
15204.526383988346
15460.166223798184
14775.53874543728
15258.542038988988
15724.730159650418
15661.939777838123
15423.320260369112
15390.284589936302
15233.898127193435
15015.162149656771
14847.329973566475
14424.617982731566
14353.528023683892
13965.731789835943
14629.421561335514
13959.12328100821
14458.094257745764
14252.540005028082
14031.861356192228
14455.143497241468
14512.14037058778
14643.658292917928
14493.781844349269
14342.890537331894
Score: 3.373182930536516
Runtime: 280ms
336026.353494656
292518.3980417373
245281.66594035216
203883.15508521558
172896.3226312036
148321.16276352454
120162.47344442166
103045.39501429378
87908.0808167613
79596.28627681137
66918.04237388268
59220.88655945893
52570.79061781044
46879.507855432144
41138.693702302226
38343.38120584572
33945.44050153486
31104.363206185637
29251.353225912517
24952.400200554446
22059.91533368431
21097.97442540065
19121.487455896375
18390.540583969712
17706.558534740783
16830.657571448413
16016.790321546825
16464.137298028312
15518.761141619103
15452.324866075678
15156.308424134224
14897.011851038593
14619.619063105789
14877.00981980983
14348.674063484683
14928.299342682001
15205.768408351667
15360.554218087498
15183.231181337838
14887.160760229723
15186.81867864506
14619.483813526727
15538.126176631213
15765.79944889687
15005.384030804471
14178.522383411679
14520.017251565121
15068.542957748685
14500.4224953948
14570.453713859337
14423.768876189191
13880.387288471436
14206.603467460378
14215.619552495418
14572.368805291999
14856.55711986601
14886.529589983209
14857.178936563463
14865.768235390557
14621.445966086478
15152.452212742293
15105.061785396552
15345.936873723671
15029.302372323964
14898.817871216957
15061.146592545263
Score: 3.0003226235391427
Runtime: 276ms
336026.353494656
283516.85369292187
240288.80167578004
208070.10459743824
170287.25825269055
146669.69743146122
124463.00192229536
107451.35026441074
86539.6372420733
76479.28571256316
66434.96547525041
53623.21992528067
48797.10063547023
40525.042166286585
35136.96513003478
30986.754012711724
28909.403937215295
25665.073917630358
23988.14499646102
22340.2213137864
20234.794643619407
18098.84080459824
17993.466779433915
17634.209731303083
17323.486504865956
16837.508597413194
17328.02012861252
17080.434159487297
16352.955795082245
16199.747195459155
16682.488918202194
15729.00032706458
14541.092733621723
14133.037740298896
14193.451031124057
14285.43241152582
14035.629163847087
14312.911107687456
14313.332148588353
14148.114177541082
14050.497676931192
14489.333889684507
14324.34392367693
14289.115806434826
14394.641469681432
14113.917731964677
13961.522590784016
13555.029627486965
13960.114552762052
13447.463780072261
13769.888891890003
14389.21415672809
14438.521431310568
14383.406285258976
13816.048478920462
14181.201334840242
14357.246897160996
14605.123237533557
14761.78470962841
14697.615992540681
14576.0197456377
14461.883822178343
14547.905688852905
14744.700452337971
14465.928663961908
14585.223629541375
Score: 7.235279287731072
Runtime: 256ms
336026.353494656
294704.9280249115
253974.87070166552
211472.29151139167
177455.58693874706
133155.20085588493
106651.3820411105
89452.15420530441
78152.70477119488
68694.77434021236
56526.2440015365
50666.93468928472
43779.63996751196
37969.387767804554
31765.631421745522
28866.133649719
25025.88321434137
22905.066741727234
20350.884236866452
18872.10283186267
18241.676472042476
17442.21588174911
16501.893383672304
16061.264984168816
15689.86996707212
15036.269908356546
15195.477262765591
15261.741510790733
15118.255531815808
14798.090108614957
14481.355518579754
14507.070442620296
14604.632430325479
14445.6332930752
14454.036476530957
14635.915710253747
14618.404310802913
14769.68078230334
14645.094724972967
14850.251816096088
14628.079163407594
14519.378319243331
14500.78739962866
14622.331738480236
14996.669773687003
14946.570405028659
14738.263643356451
14356.407209738209
14311.095905062308
14315.745245389504
14298.425572376571
13788.070167421603
14190.938553811635
14177.88891105996
14513.085195010923
14758.767857066943
14219.932376424622
14695.496264726
14736.266462101508
14683.126840940178
14484.029812460782
14413.245251286264
14067.334526948043
14054.007504879315
14272.497468908632
14082.945905693792
Score: 3.7360291610260665
Runtime: 232ms
336026.353494656
293480.16408556426
247340.71765679689
207458.06323582615
165484.0586660811
138017.79754454503
115260.51926917107
92158.52305347554
72361.11355250733
62561.404023499796
53498.61443818718
48559.71082887775
42345.94123073538
37404.429796378434
32089.262359621833
26984.640559550226
24414.653960472955
22680.16981758321
21555.625215972777
20163.10804082717
18703.299759506725
17560.450003949256
16667.975638276374
15081.926788411733
15304.289433062486
15934.647769511808
15622.277518035095
15498.560832385177
15319.437097564656
14244.573609877856
14728.991799580675
14875.503806962675
14795.712150292786
14558.22509092348
14002.459198919994
14385.26098050707
14121.96779920021
14125.175113114907
14409.642603306223
14563.531071904632
14592.288908873928
14773.780488085113
14669.749534341483
14675.93293349022
15080.504059477415
14525.273284278654
15184.948236129549
14898.194437660575
14890.299742411948
14927.233322873635
14839.011867995388
14589.263389850219
14627.4788823208
14789.834741901688
14564.658447966554
14764.338243888491
14767.17601799669
14585.427635265576
14971.452165143815
15197.446054999586
14983.73798173291
15165.527731799351
15387.842200612275
15783.856424599458
15543.20991216758
15130.259795292546
Score: 4.386668373682171
Runtime: 232ms
336026.353494656
289425.96609103447
250725.63620306068
210726.6207235693
178466.76933017047
140359.23889693385
116163.51135634622
108840.1654572606
94930.61035124643
83540.88814503748
68781.15996403628
58981.26513729688
48086.7849453493
40958.016327754856
37099.91663810789
31777.967538711862
28275.18264149077
24888.777057640717
22553.247447421665
21396.001031652544
20233.050322265914
19022.708476735683
18428.264335699805
17474.57079678555
17140.711151304702
17005.94986692592
16933.90275584818
16120.24546051468
15828.658677940117
15971.522972249531
15750.345934303377
14877.117788011099
15133.227892593612
14885.946219762583
14295.02011952282
14633.645914980178
14812.016281460412
14969.277491604538
15076.097695190307
15315.722594920362
15676.586324959993
15851.010523728028
15892.514244841403
15592.916956945382
15644.057398597124
16182.724513206655
15718.496515651794
15770.962748316078
14792.024213973174
14313.612526700897
13793.838103066064
13532.927701840077
13651.35809503739
14051.69506627199
13880.880534605032
14168.739483946381
14630.47616235725
14187.37179187097
13900.797028115652
13940.691743643894
14000.140826221565
14548.539694410112
14679.225412427555
14109.401850397173
13868.131026243236
13824.700606415034
Score: 6.587025128899398
Runtime: 227ms
336026.353494656
293385.83577219007
253237.63285190315
213882.93127834547
170807.86240522237
142853.51122727865
122826.08971470977
100665.23110935774
83823.97862739618
72805.84561213074
64108.2366916175
54082.58059058944
42977.45330845858
37297.72347219739
33926.1703480931
28839.17779249202
26275.027515917678
22690.536902263284
21104.198077567104
19380.564981258456
18466.45093632202
18322.609509957594
17534.79278428399
17001.20494884834
16390.048871354476
16067.893102126081
16232.742260806725
15994.075716366815
15449.983937736399
15544.776255186913
14802.139904003923
14641.649200084725
14652.057574606719
15583.432470580285
15289.459267221586
15254.192443675407
15013.452444368111
15090.302249691178
15105.487932578966
15328.403893012633
15204.81456589989
15377.897754466194
15552.859932112364
15082.064368725638
14875.9156336761
14586.470648747903
15004.270012371455
14543.5853271767
14294.446742572658
14379.924865030602
14628.521570421348
14643.820364834955
14384.539910667654
15119.101719477723
15210.219513234613
14841.873777554056
15105.473118986647
14824.797228660953
14956.131406226255
15457.28713566526
14758.51081149329
14667.168279246509
14550.48169728903
14145.065656081466
14241.070405302798
14376.4180665161
Score: 3.56457372189855
Runtime: 233ms
336026.353494656
294107.5842230684
251013.70990072202
203522.6246904421
168435.1358624538
143668.81438788792
114975.62567729763
95175.926369013
77137.84393265394
69818.00872195994
61549.41303463641
48213.04140479034
45043.08543766483
39607.05760247485
32907.851013458065
29636.990509387557
26679.34707407571
24068.416762814406
23046.164347399368
21167.29252936516
19838.27331705913
18929.974131893887
17927.799601317733
16971.745934847004
16764.164539778983
16427.318476014636
16106.20021019143
16432.165154859707
16428.894980516976
16552.26101868197
16377.05283966882
16496.56939302443
16486.525591550264
16507.746422616485
15968.468422882921
15609.141124561127
15725.841570414495
15119.668523806356
14403.822152472516
15044.844385790393
14814.650778623823
15381.84837665819
15167.980597548905
15284.52172142691
14867.97674965307
14368.56333289559
14174.495357901244
14510.820861290815
14715.567090234692
14469.56882068827
14425.849262860607
14515.962780019949
14452.567916326674
14716.038468464445
14840.557086846296
14213.519359998656
14412.6693436074
14582.07860072858
14600.42090754191
14696.585411601522
15187.358948060548
14853.186920090797
14331.026111858422
13820.806740383226
14321.096396491102
14025.489301148617
Score: 5.310474743060713
Runtime: 227ms
336026.353494656
289797.1676365974
245107.92933502325
209658.53098066084
168947.61052903457
135065.5655169641
112929.09535893376
91343.33367553858
78770.78503236339
69151.48738983272
62206.39222238233
55578.25950662928
50523.06995170059
44453.25463058979
41026.33107328231
37494.670809682066
33614.5028470348
29580.029942557416
27047.079829288017
25531.295409075206
23229.068822053036
22254.82623259947
19943.815758628876
18259.55813732682
17132.30824626176
16904.93164935043
16358.867186248846
15837.856992108287
15678.100841630829
15481.301561743614
15000.343035221063
15143.486299828135
14827.284253407244
14930.840786738609
14837.135368103212
14759.913281800602
15141.62436318679
14997.823779626275
14959.624253551865
14511.411215220929
14908.549570700405
14708.75318233381
14916.142341841676
14814.017286859635
14171.65070330613
14505.72517515076
15029.858534951769
14508.391481333314
14934.666948772418
14972.193724587334
14308.267229250465
14367.486157226242
14486.39652629698
14965.473013131275
14370.004515100014
14438.897803222366
14667.486985506708
15194.924690256405
15438.481232004055
15539.350128506372
15640.831596779739
15425.403401135825
15114.356149909483
14555.982789420252
14613.960225308472
14644.364710521233
Score: 4.109982460642787
Runtime: 231ms
336026.353494656
293688.95828434895
251895.71035441276
203544.79017053536
165887.52076367172
137521.9919806157
110881.94445775925
86756.71447961184
78416.26943833774
64082.462080296384
52944.87070158424
45793.68076911971
40691.62808831341
36095.8499951966
32032.249601189807
28296.166605767994
25061.728231635916
22467.43118829327
20785.876707996373
19007.567132293843
17995.64700124023
17678.013661425724
16834.212044839365
16083.391776762963
15501.66049886171
15042.832703265276
14839.119645639554
14796.447198853692
14972.123103837801
14652.220270074575
15079.470730848045
15079.148743464752
15377.96495953138
15276.426074352024
14842.179799036134
14868.637946282066
15126.215363376836
15046.773260065245
15105.283936754986
15096.732647365441
15005.28695093473
14672.974836833948
14006.545267077216
13984.485374435297
13919.608021428443
14092.657045757383
14218.069502328253
13876.207415897628
14131.262963718962
13866.066059695182
14249.253238106472
14608.327605322535
13868.753796982151
13607.646087271827
13940.134122016034
13805.651332482445
13837.910910777317
13877.421492046022
13757.863868089786
14107.130753844385
14400.197243965195
14637.680660013173
14429.55565264068
14220.671784525313
14128.868466973207
14354.561783960988
Score: 4.058865577638292
Runtime: 253ms
336026.353494656
291627.058411835
257338.1504533737
216285.395635797
184395.88927871056
158807.97648821343
123284.74200816322
103390.55097939938
90637.8370182115
75851.34730535714
63842.82071637239
55313.51478132386
46478.42511999197
40023.28356706024
33440.36973230161
29525.08232763171
26365.235456003185
23585.88412706161
21313.1248191451
20365.270049624283
19352.634777540654
19137.88430074621
17604.977088739746
17147.11676394186
17043.022344127043
16625.490764561466
16186.8534253681
15814.057120435667
15365.531738925478
14714.834686362596
15057.907584231423
15091.838016961861
15240.389099738173
14681.694898842296
14409.191843562297
14438.412051650721
13675.45928425404
13484.088721938313
13888.768767262993
13901.283056230626
13641.237130833215
14256.610460532378
14299.374883457083
14902.059904945096
15255.41826698392
15039.79685595785
15110.226627549146
14829.638025424898
15308.342918406826
14917.08035596285
14806.540450064726
14997.171196685695
14511.544541639232
14861.082254206847
14604.069190421293
14272.856474790582
13854.090833687413
14234.59121846568
13859.553209597694
14543.81127422743
14161.34564873365
14315.71046326187
14129.832120799032
14131.85208118918
13771.652599013883
14075.873343128565
Score: 7.071338280628053
Runtime: 263ms
336026.353494656
301142.6851930286
263459.4948815205
223204.06638486913
175523.98034649732
144038.3324076661
117805.19312846563
97572.05060409105
80652.99674023541
63602.79504820028
52895.439403208846
47514.35475630233
44785.44752624744
37504.58276190418
37046.98696169937
31504.412077949084
25923.23634727809
23125.510216945324
21843.650337099018
20030.820459017505
19235.288343068834
17836.840837481537
17666.642536823878
16956.42617755291
16230.794276774757
15656.42424069663
15705.71954133278
15390.646199708093
15776.767979741113
15300.883765082068
15204.337741131685
15383.554881935823
15314.591208011894
15417.593493651344
15307.432731043873
15237.678008824481
15019.001927672356
14747.197384899977
15358.55916329317
14689.051610622011
14740.388256185865
14650.899455764364
14570.611028460131
14612.479559320906
14137.228564128316
13908.813762668593
13726.52166652271
14000.895271179117
14178.416370321691
13789.744699975641
13775.626068644719
14143.745638043503
14074.599512316074
14430.342490894365
14428.924152652125
14343.792260622942
14730.851824497147
15232.937464784969
15157.487870710416
15157.901227664186
14927.384469972207
14351.661419607253
14609.12874155805
14341.402674966172
13953.83894835354
14365.522223815487
Score: 6.255701419979199
Runtime: 257ms
336026.353494656
294262.0511867396
246787.86648570214
201990.2245841616
162793.52379302337
128331.09901441642
107475.4359752224
87757.24678353251
77092.90622317555
67062.99101845012
55195.80526787389
49774.61719650357
44781.67957695326
41437.00529694846
38474.99049442056
33659.6893314435
31046.095479305128
26844.444112012203
25179.818859877054
23389.345334471138
20906.793669526858
19319.281044250107
17663.478708507
16567.008235480138
16284.922300938573
16178.765834404645
15917.020599583228
16500.49889201431
16152.75571805593
15669.273772394461
15985.301489272613
16337.642772912557
15706.773517913643
15692.184510137266
15272.888580001696
15302.117780251923
15533.551291830434
14677.250909381613
14410.792436061447
14095.307352959793
14554.196913513888
14749.585725848723
14864.426544484046
14986.051102378142
15246.518111075877
15399.471895505505
15558.204017471338
15466.039392267348
14589.877408489157
14006.2107543073
13792.50289239292
14494.95359514706
14686.963701276656
14275.074646671987
14727.413478078059
15233.553078394765
15182.847092861188
15156.27555512167
15173.891243408883
14943.563036002592
14931.732342791789
14697.359514665339
14320.037656738581
14068.796295209804
14043.116484047418
13890.204532736087
Score: 4.855264888707068
Runtime: 264ms
336026.353494656
296794.45585048373
249479.292829061
198229.39731298597
159389.7998736221
134463.94184181732
106798.82784708877
88698.6186737039
74518.33149541324
63447.65848875724
55157.53799998907
50620.19861368229
44166.26531373864
37071.38267820367
33780.050311629246
30577.645335031004
27011.96879480331
24631.084002407883
22389.115536079924
20308.35772981008
19338.135012044007
18029.18266794113
16918.072619098195
16417.317683787125
16150.359714100405
15699.386607328493
15704.040376652803
14978.654633007696
14787.032820057926
15243.356578654424
15300.416909316129
14957.864291925227
14864.051871047155
15055.25604041084
15029.845629232672
15188.409034572567
15128.469296357887
14383.223744951314
15058.556752774235
14990.506004580566
14649.450771096568
14593.51193932005
14554.032229549503
14446.913356603118
14740.08584862133
14720.727368986041
14489.326681289453
14169.318508841652
14633.836204330075
15080.65728070565
14955.496185194344
14454.116879149578
14088.536496719495
13716.001716086628
13597.509261933012
13733.967200496138
13434.549105498496
13863.774313885933
13651.142327860342
13818.753634256585
14143.657867607904
14107.872900751456
13760.057677494144
13936.106096015352
14406.04793905696
14684.859250763117
Score: 7.496836541219903
Runtime: 232ms
336026.353494656
291904.95682263374
234613.26462835973
196912.25672303917
159675.5086839728
127850.71693819325
109905.27508051104
92087.74587656316
76938.54530314506
66924.08648533364
56488.81622518329
45263.39596641192
39663.11395690729
37022.617743279814
31839.434275800333
28341.409974452454
25384.1154437778
21806.859053479046
19927.59820163881
19598.91381772043
18695.33189133267
18141.040984393614
17162.64299042311
16926.67813602651
16553.84735157447
16002.09337493487
15825.437200739072
15545.258861844906
15025.627433444864
15311.681282969774
15476.359162228178
15788.604654225588
15162.891102865551
15433.703391075907
15693.779221087414
15825.279790385064
15619.229730773235
15315.350207590263
15043.734356565805
15175.474585745744
14932.9967900534
14500.976776242689
14750.78831177262
14428.706285869715
14775.631914985843
15383.975819662943
15461.05463857642
15458.887992795862
15544.588698409767
15637.997094760938
15208.500789094267
15546.026067668494
15304.96070285334
15156.62417727519
15105.819044531374
14772.073754068932
15003.35506116899
15409.101077008714
15061.913115207097
14774.971046356037
14583.97270395537
14730.181622624168
14587.016381075728
14265.504876892623
14454.330235932912
14150.220021831838
Score: 5.771634114400901
Runtime: 255ms
336026.353494656
305213.63879960525
258484.72533217876
222685.99661078653
186983.88588959657
147776.25407910056
126717.97769609022
108234.92515758115
99244.20017712381
84733.11638132659
71675.99244250446
58510.83957974592
49998.00882652314
45003.26225147089
38508.596802623935
33123.37289532324
29773.445025002635
27523.478148300932
24845.34064005296
21935.873084619878
20679.45914703256
19584.099583683754
18675.281528923457
17542.467730487606
16910.986816245542
16502.37974581028
16139.217345016883
16351.860169521306
16161.195282066115
15751.662429622327
15091.979802779751
14545.795200746128
14185.606379629557
14093.405883310475
14166.96722195509
14449.618643646572
14242.568673479345
14352.468559334106
13971.221326199127
13928.352642204396
14162.377046337195
13796.42023090485
14208.504916366122
14967.186345477749
14804.265684950253
15011.960240048795
14989.478191328039
15543.387609018117
15636.082745351894
14513.260385694835
14434.273094699221
14151.692030988228
14060.539419783303
13947.347078997498
14291.221702146619
14655.9392243152
14517.17716988135
14178.647620528012
14316.161900579753
14721.122173177191
14713.982256646641
14668.813274724687
14952.079838343714
15142.542835869133
14855.284501417103
14630.751981577572
Score: 4.34820417587419
Runtime: 298ms
