336026.353494656
316251.4415142202
294988.33579703566
259820.6081724226
225661.51067678048
214433.18905355743
197479.8957948979
172402.9883966192
152754.55099292283
123368.26582426426
106186.06302107035
93853.58943407857
79302.62022264396
71567.420432056
64491.75586999871
63754.40979011724
56176.799247289855
52930.386496327745
46171.7660320539
39395.74581700323
33777.32705809868
27766.11339359328
23603.565906368407
21781.697724660793
19340.35904529796
18050.708335074574
16875.258160621877
14086.373818364667
13121.95337591027
12252.703078518198
10571.653499943923
9379.023521299188
8925.801015911056
8759.49058854071
8494.474380363821
8107.851714350211
8180.81043951617
7842.234085914244
7571.06447502909
7751.45751741315
7645.54867110733
7283.875977548372
7134.519814840772
6604.263315712337
6101.068497321096
5299.925180063436
4545.879737481044
4280.478426008066
3768.6450713171926
3643.2478505816143
3408.866252011473
3248.480205734839
3101.137361420889
2679.91772083287
2550.6513877849566
2501.5114870163775
2402.8462726503485
2347.4992592363596
2312.9536128729223
2215.9063571665724
2148.8088864527513
2167.177167251298
2043.9500196868328
2002.7254257292923
2027.4171385986679
2195.479142920062
Score: 1.246430670308992
Runtime: 616ms
336026.353494656
304693.97886970686
285833.02675736183
262948.5124780086
248606.31361243434
223237.66648806748
205974.7777837441
181343.0661960683
149265.69997679084
121331.46683593413
103808.92674444949
96472.23516952302
88750.99980218174
75078.7429745534
67245.43746488173
56368.18446486259
49807.624491906354
44443.64222332357
38730.110540413174
37251.465769958384
34273.28710771419
34169.19429819697
26903.206281272993
25728.84413238861
23468.74376501737
23416.768645203672
22730.031975746722
21886.70335922126
20272.390878316706
18422.480472650357
15955.811127465482
14579.064412866805
13023.973556199133
12328.982512470144
12050.426225252284
10955.363471654571
10351.776964004712
9849.17005808899
8972.330894358562
7790.744090957692
7010.14349767396
4782.420340593197
4087.922394396463
3804.2581000588316
3514.0711317355003
3369.9105071391436
3003.42451243738
3133.7730097993976
3356.4419315177934
3485.759552237502
3531.581389477152
3520.839815739438
3505.447324449009
3628.0034195675385
3710.9012250631918
3659.6786637989558
3679.3626312945416
3685.0989507096715
3565.1054497033015
3437.9203927365056
3337.554807514777
3292.497856381942
3136.22493414456
2729.4674218360333
2875.6329138294573
2694.9636787022955
Score: 3.350241558871014
Runtime: 283ms
336026.353494656
310326.6782145592
290565.61117929156
276639.5040377543
261532.75732270768
243262.05340156454
224020.94430154708
212980.26099307748
186598.47025435898
163467.31395352635
144754.14827062958
120293.49110002324
95090.94960238507
80490.81037802415
79771.06262919086
74555.46628195145
66311.98535759156
56314.538008724216
50023.796690010015
41105.96144675634
32828.21429458998
27666.787604890193
22647.870463784384
16869.556420840654
13843.525838730737
12235.948409418475
10717.087321861203
8878.301225162591
7602.968937518355
7318.75272682661
7350.891000959431
7291.19694193258
6685.149870458184
5699.81157132446
5316.445711937099
4300.92689830851
4440.8702693983905
4359.934157081435
4289.196622337029
4148.620827351103
4026.6382005563514
3741.288542165161
3355.3544701457245
3077.7765892772927
2864.035246397677
2722.509331876281
2536.3532137176835
2488.2679648216185
2439.473573265852
2397.183652291606
2504.395312746698
2415.369603135523
2307.748555804857
2292.108539454509
2178.477600133575
2054.098399611685
2023.9296171419862
2023.75115005178
2001.3715137875386
2044.612078060161
2030.103984622034
2090.2865774494444
2176.637792453145
2195.547202301827
2205.175585986044
2196.1118248810226
Score: 0.9157137951693364
Runtime: 258ms
336026.353494656
324422.378083597
291568.70328653714
268363.37348215363
247068.46777977678
234119.29199549797
204998.46066762166
185389.20062542066
157782.49382228762
140240.81444820465
112328.72522410056
100781.0822281308
86671.07754788412
81254.42350796789
81075.94118066785
77336.0493112648
69694.33271833487
67049.16227046342
60025.89590916049
54674.14604230932
50726.97273190078
48573.06186346885
42330.788256419975
36183.82417655448
32362.172438435544
27684.17984612587
26951.28011848359
27476.92336683701
27613.718642691194
27942.237056531907
26085.324438241943
22000.782648793956
15993.61467521278
12167.256293226243
8367.378079229113
8498.199326720709
6303.728509746799
4083.8291347535483
4264.7029502714
4351.075494062078
4850.690971588699
4955.510668242928
4601.05594182509
4406.1110805585495
4117.037909264329
3772.959107721787
3749.1881878638496
3600.775963601018
3365.425516005164
3126.971856794418
2862.8304348673378
2708.2084568177315
2567.201526918068
2411.1927965978016
2353.7047665022637
2211.5025815317267
2208.1580994299197
2329.350205115288
2349.202700902518
2225.6902877517227
2213.6835604768735
2267.4108871869603
2168.2572820164896
1990.3190017624854
1942.2364971690524
1945.7014821637026
Score: 3.6240142799263877
Runtime: 269ms
336026.353494656
321001.8977882672
301452.178517984
282476.04425374686
272463.5728175955
248355.8902949569
235518.12529933846
218256.9553946725
209975.62593862633
196526.2445347597
169877.01752835198
160217.6682288973
123764.76692951485
105077.26005229741
89975.50202215808
83521.35718335529
73751.01832887069
62175.36447959394
51726.683802128464
47936.925723310014
39472.12939508577
34353.93509605907
28991.347810219646
24872.285477897953
22585.20166707027
18757.78732580478
14747.649852487422
11710.55063259255
10107.298907097631
8739.80444364362
7312.20081530443
7223.209328105189
6630.260467180878
6290.370667037407
5844.187922704332
5050.172351035889
4899.79521925432
4493.582219144853
4065.119653733874
3346.427294325893
2875.56302850344
2787.0451401100954
2680.0986006606
2698.0164672108713
2870.730223495688
2615.330936262205
2481.96335906526
2447.2161895577306
2496.0822485948206
2327.033636181844
2331.763764640158
2257.6765307507344
2263.4750576207066
2220.9796435831336
2286.0491981619884
2266.83270560241
2369.554239023743
2377.985172024675
2341.665400700717
2430.3834335832717
2340.3350094843017
2331.312928198369
2179.4346580839315
2106.849311118033
2130.279111805909
2260.3534756715767
Score: 0.5564022395534839
Runtime: 258ms
336026.353494656
302300.111565519
294429.47528318426
264511.8551148437
228949.58512824558
219105.6258730092
190569.07514254286
170846.03645434737
159389.9582760913
135170.7722291342
124722.34094002697
108347.88399481829
93732.34730801621
76285.8082633663
61799.06970613964
54054.87670861736
45841.57983953287
41478.97728076738
30341.403572427997
24090.465493593205
16203.739668931454
12491.667246293033
11144.512122018896
9373.581830940995
7803.5929055872075
7267.831971462995
7170.232885891468
5632.841865976932
4977.606150098011
4568.376154875231
4105.480389932984
3919.4976770284206
3797.4481273963197
3605.9492820082937
3419.2788366105665
3499.022802972751
3362.7244320919285
3229.0046698704714
3173.4208969594674
3043.216924779598
2974.144329474806
2880.725486837021
2779.3693552640493
2559.7064824934787
2397.3097032907203
2522.584702081293
2425.3184337888147
2444.638332371434
2364.357629658698
2312.48177178298
2247.4452450439944
2212.6126387849986
2139.1824030090634
2052.610533753689
2013.3575300310333
1986.3380209801137
1994.6027272786023
2040.1644424108238
2114.3340481324844
2072.9489170443544
2148.114438486023
2151.3864539636693
2152.0251248381087
2261.347784822485
2222.688005038887
2263.085924437655
Score: 0.6600104640289893
Runtime: 263ms
336026.353494656
310870.58133414807
289338.776188
265231.6423280794
252403.76857414492
231220.05784715316
203390.95010573033
182723.52021695318
161804.33814821995
139977.9878745802
122928.47101594026
100635.80074810854
85896.97978421496
72963.83537653169
66603.18934261217
61389.120068376906
55340.97299104533
45142.91240101949
41034.45624999723
37090.659463723074
31185.058178275947
24451.3957802816
21494.046235997346
19862.182613508074
16981.203584851028
13285.020489755767
12744.740799940791
12765.676461330384
11717.107685744057
10231.632343465912
9212.304812683955
8489.83338628451
7082.950328322189
6619.895422490342
6282.437439175516
5751.84724391987
5663.42018141779
5512.642494109111
5406.618590469852
5112.53938847881
5003.327640421346
4489.429859142194
4063.027028259224
3942.8888237376395
3714.0928247971146
3553.815326092584
3365.896241482159
3155.074284394605
3060.8800606342206
2934.1109841718676
2786.6721348115757
2750.656122053246
2794.8337150578054
2795.631953469479
2689.8183490309907
2676.1831924944527
2726.6161772975283
2635.4453295206563
2598.7299078292235
2649.5592642247925
2671.7577319425277
2733.692748233535
2827.131869771107
2798.2051799491474
2758.8558889826795
2641.6898130534537
Score: 1.2422542508311958
Runtime: 253ms
336026.353494656
293490.31545207434
261946.4433731663
246978.15378905626
224619.65340019215
191185.0849345452
171788.79891441518
158709.9713611662
138999.20988348842
122056.49723169263
108189.31838780502
89387.49693128404
78241.69769570052
70992.7392101967
63031.63527113729
52718.17972154398
46105.47918175699
39861.897355688576
30188.052164565415
28550.87719297788
26026.993451040784
24088.051290617605
21043.901286243454
19480.593320851167
18034.180762629105
16827.05118201967
15115.307983377379
12749.31381760194
10850.848645365344
8727.79980730634
8038.231176799507
6832.579068043604
6818.147557148945
7387.311129158914
7557.785160061686
7258.990395391683
7214.17659458127
6810.332255552734
6243.353718621725
5955.492308671621
5419.9962040900255
5387.997473295767
5006.341101535926
4624.853137970017
4380.225954695789
4267.207023229953
4278.427658051224
4161.025712070796
4164.8132590619625
4015.73893347725
3920.117840225302
3416.56922681376
3210.0831100210244
3094.4819980677853
3062.4281895853874
2869.901461130722
2781.2590418648974
2837.732873990367
2924.0467185376083
2904.228352099969
2708.3713461924713
2733.420275389531
2601.058046172522
2478.96389635667
2552.4604959221792
2486.2049928359493
Score: 0.330050632120916
Runtime: 258ms
336026.353494656
326599.3507595072
298359.83805131604
283081.4070959381
242916.31835223554
212149.64854874308
190083.7020763833
162941.79014646137
145874.2182924852
122004.23397361302
111994.32981682353
101130.44916590831
97750.0645630772
88466.69908385203
79943.0569931851
77695.60933563726
70395.30876427559
61679.168714358806
54105.93659375028
44782.545918817006
39196.91905981004
36260.41356881741
33738.61762417265
31809.97894800161
29782.714503092324
27445.87288823722
25641.11942855745
22140.44888042935
19543.406661999164
16472.607443237226
14039.993933169784
12545.74081397029
11466.299032658946
10141.005765142847
9041.453240525318
8064.635105581728
7603.546260708368
8062.513113359925
8466.030388619685
7971.678571261909
7055.087491608439
6704.3426529309
6539.4252772811415
6082.372447383809
5819.821776247227
5843.107993689609
5884.117164880937
5592.976350444644
5226.791266228231
4596.061324383516
4419.444965207907
3948.564596755326
3745.2941241477215
3102.3581720336647
3042.5814098248225
2970.791430374907
2927.3638256270006
2780.789183007961
2576.586111738825
2498.7237919775002
2595.051130939009
2494.726817706504
2594.724742237614
2627.016261758072
2735.065371644191
2889.495524668084
Score: 3.1688157884714654
Runtime: 266ms
336026.353494656
319566.54498987074
303250.94769047736
270933.25189191924
232366.69346497318
215347.24573506383
182517.04845622936
149387.41801844843
127633.79039010909
114738.99452708509
108702.339352442
100064.53883850617
87068.04108010264
82209.5184214419
70370.19325296473
57028.31411472062
46680.25883704812
38291.83293811515
33988.77498545672
32865.31864414423
25452.31752234474
21315.32271116253
19079.19358795238
18286.80195713978
18084.395367465535
17908.77650787733
16862.06152910842
14887.068480899696
11882.370139189048
10187.605979417249
8191.573599774633
6339.3212081940765
5356.122268526831
4979.030440465278
4272.931637347211
4064.053001777366
4063.8478293273015
4197.171503342949
3775.0069061633953
3421.3572559339173
3326.0860843376854
2834.8797066995717
2591.7960988634736
2444.761825939012
2448.004419010297
2279.22156354658
2229.6518828071066
2153.1685313524868
2184.524923929487
2298.3971163702863
2360.4524188053365
2222.4016567922713
2227.3046271170742
2235.2459521403985
2245.5467043129725
2302.1766330724768
2250.4133349478316
2213.667130165874
2245.5262867522765
2265.474869137343
2301.7633480032914
2402.785108258259
2415.008201155395
2393.595903900516
2452.9512848502122
2397.3407836847923
Score: 3.7386719273515423
Runtime: 275ms
336026.353494656
325726.93393256934
289039.6731540206
250961.0792519849
224215.88798415547
215181.66790878747
185415.7353197526
163359.28361824414
148123.53648403636
126215.84095127774
108066.93771054014
92251.5938997849
81774.28620317446
76287.54643634634
68508.91887741233
64286.741310741745
58745.37313965072
51793.802594823355
40010.28566065195
33417.09565709172
26199.576983221574
20034.5899151
17485.39360111249
16027.996804897419
13376.221944206683
13269.284976380859
11601.38310018326
10820.968676691773
10973.534325271105
11870.574484667779
13327.406990805648
13243.793609037777
13031.94852520085
13487.956350816125
12680.26492378723
11498.823365826223
10079.707350104001
8934.531661620027
7177.353462722016
6099.8391589913135
5417.538153709095
4468.819420726885
3671.4471703318777
3204.0338007385517
3240.7441877178626
2986.226363148238
3219.05640457315
3011.785593331247
2902.980965761629
2817.0457031246715
2812.5448382749114
2847.3136662858874
2841.8975853608704
2817.3309184963778
2807.143458938542
2788.410272105123
2799.5031168795426
2682.346830159956
2599.0514174839277
2626.8130229094068
2566.326754886405
2634.2045836270777
2472.30308144741
2396.460954825347
2344.291284372053
2280.2396252658423
Score: 2.0431778304750665
Runtime: 271ms
336026.353494656
301786.2145470767
266475.9517651542
235425.11208083757
222640.63061760686
215613.69579642446
190302.28781266607
164927.85914433977
143081.50769027625
134467.9117184
123451.41788669169
111133.4120398149
97861.53852211946
86259.17885158176
77931.30588140567
62380.16055813482
53631.47886536552
47745.163963971725
37087.7204013324
32060.785182881456
29840.23339724564
29584.04128700692
23293.737223638484
21775.087699922813
19503.515531299225
19233.391981268105
18444.331338494805
16994.807258263467
16407.83840264453
17325.84230726783
17822.114154266874
16885.062520444502
16587.44205218952
15303.23071094582
11113.184308387776
7778.261735540351
6145.000600641661
5947.418882070748
5006.548166121166
5126.110788265971
4496.680295242326
4404.118483559775
4192.634886635369
4162.622376015096
4048.513804991437
3974.6335127593643
3704.6400156749573
3772.6693699347866
3798.475062729705
3505.4157596872287
3323.0939995029944
3395.210454760914
3072.4058411130177
2788.937744454642
2628.5335926590537
2449.3953522427732
2435.52336054079
2382.254992479372
2430.710622997947
2411.770473926366
2478.357295059986
2527.1766032015553
2612.306926476062
2523.5608930470466
2428.914953545355
2471.1107755429584
Score: 0.7562522008220789
Runtime: 259ms
336026.353494656
320024.08693249105
310438.9932419614
281818.23793932743
255009.16976497511
248056.172124946
217447.72901562718
190931.78649617475
169694.5467980446
141723.1895439336
122582.44587283026
99155.01731085984
83787.09640791682
73355.61105966243
64423.2740316354
51493.65136756752
43612.58131644914
37453.05213573667
31457.468803057887
26827.09092340815
23619.751174854897
21070.436215616803
19886.575703371025
17571.928150760406
15987.974714173752
14067.481380215077
12701.307207870475
12581.354413966235
12049.911753128508
12841.683026639603
13168.15036723558
12620.05495895679
13083.763222472577
13012.560934585319
12838.85742899199
12122.721353064457
11997.938080612837
11829.208816579316
10640.745154531267
10706.061421076101
9612.680433507077
9366.652369621908
8498.526804818513
7742.560137153045
7540.5946360151265
7292.791506063449
6542.280184876304
6662.6195423413665
6917.4017929203255
7328.021611391368
7859.810253828338
7578.776329671589
7729.436918626048
7956.46418708541
7878.571686536647
8120.03819392826
8227.044518930043
8577.020525345464
8666.100394483745
8248.022721609377
7878.097137237811
7131.235086421105
7168.317924559785
6877.90010272236
5717.849453227128
5098.670534537932
Score: 0.9723105606510849
Runtime: 219ms
336026.353494656
318996.97184817534
304634.9123215192
283128.4387119573
249437.8278891078
225472.9854890516
209323.04568137767
189167.01023770907
169444.52642931844
136017.50102801505
121670.03214766794
106313.2396204249
95154.9459267117
88013.58197990258
83252.44318898396
75247.930757162
58565.00621790672
43990.42339509427
38488.32671804218
33997.85319528425
31462.376220516246
28687.548551622054
28836.29664684477
29036.5690047994
26627.012512793477
27090.476575929828
26106.55517866994
27740.312931909993
28398.787340210507
29950.567566167425
29459.262253296707
28471.58205673614
26727.651652467448
24189.171633771708
19702.03185737993
16759.476261358715
14871.992192295207
13238.018823123388
10249.397432229542
9596.60467913621
9208.099209164644
8322.286995713088
7025.322637155942
6420.767744990379
6033.909292657739
5702.495749740345
5394.664346331177
4896.634344526192
5008.871959148488
5322.7081618079965
5681.560254186382
5864.78348369396
5744.738075150105
5318.116679993556
5273.337162259246
4665.662124154535
3993.8999244900588
3761.9056265452623
3180.3049343047837
3018.0565123246324
2897.064024005336
2837.1483260191576
2775.0722476932506
2704.636254938414
2764.956725426382
2540.4148095722276
Score: 2.4804686113347767
Runtime: 255ms
336026.353494656
326820.8276346199
307169.94790514506
283207.9533451435
250565.987339294
235462.00134573187
207673.47440911664
180761.40307466834
149128.69312367812
124841.26858957822
117419.73512638288
107766.73621233543
84198.4862433789
74326.84781663748
60705.358132519745
45210.45973480912
37083.81185056747
31352.02425790564
29126.711399286105
28025.524860905974
24242.710199708705
20663.829800455766
18883.31719877308
16114.551297060796
13678.310555295402
12206.547605006443
11186.29961527668
9624.574490317968
8350.095526967136
6966.051389812687
5596.845540953379
4738.554603195783
4558.985190476178
4510.030508186247
4075.951533274674
3653.350581980454
3355.132422444288
3285.3967932993564
3179.118944211578
3335.0528504803688
3320.24121042097
3276.497490001905
3128.32446973405
3080.2019225805934
2940.994393126229
2947.963846107026
3051.1646790923573
2990.1024034092443
2793.6238569268576
2704.891143749341
2668.485749008295
2555.959805256828
2534.255958378233
2491.6160328458395
2467.0716456250457
2475.101494699878
2572.2571792010895
2639.391733870452
2672.535262808941
2628.101892555566
2655.8513303389136
2682.328860018467
2606.0026934745724
2516.1040065098937
2572.173852991582
2584.4377196004325
Score: 2.0472178775865664
Runtime: 279ms
336026.353494656
310248.1548388029
294878.7369404003
273758.49209389434
255349.91457844572
230383.038311279
199270.06205912365
172983.84157948298
154766.3406898811
144952.83711335564
113799.45362967333
98932.90143638493
78277.22078293122
62237.69039130031
54086.25337163558
41082.25391436275
35134.94478555885
29415.621715129128
28439.782074138544
23452.0875718394
21707.073082675415
19135.012534443857
19951.20857218926
20602.2966454441
16801.097126303575
16806.732907976264
15985.209395676717
15079.078089254685
12316.199663776722
10328.486009282182
8221.13418319028
5955.670531006354
5200.122641235557
5081.558945805197
4238.140640869134
4095.1274934286635
3675.817537979978
3681.9486684937747
3736.3077948290734
3392.3773815262716
3289.9563100561945
3077.4626347938356
2820.665228582288
2825.272514983541
2837.2481735090614
2653.4394395520408
2616.3771389944645
2531.3835199407454
2517.439472742802
2463.65300880319
2493.24433923537
2399.2313250812103
2308.846103753195
2322.777264824857
2262.367839168962
2222.714418431759
2233.1436943905005
2188.5457274126443
1998.4954325287563
1901.9902504963804
1968.6360101963623
1917.9947273031528
1895.6550645920715
2040.6382982723824
2107.9296459420543
2144.7497001836596
Score: 2.8326534246532606
Runtime: 256ms
336026.353494656
303487.0847478279
288230.06306578516
254795.3462981474
232992.8828755975
204189.45382534107
172328.2429340904
151803.0298897281
125342.31782814306
112518.71585519798
96020.45375770133
86566.13095094034
71826.65372644225
64308.11206162414
60771.73252739212
52687.62921840547
43921.15514238204
40549.13990358158
38646.68631484798
33411.799333650044
32278.600901534966
30535.200577615702
28231.122441548767
26794.140098550364
24313.340509821515
21367.108608955503
20194.12450610916
18264.54282888774
16669.487120245227
17060.48371062698
15227.355150921147
14774.291662599746
14623.392752008629
13616.835601071893
12927.172576448238
12318.189914217981
11387.238618566638
9495.870863551994
8751.928936807542
8727.497216775348
7907.391052576815
6779.233633477948
6309.768137860564
6271.2268352014835
6172.8999337049345
5616.253783635949
4872.080082986186
4575.715790393923
4245.633201748611
3970.6127534498164
3718.986583847938
3662.8212939654095
4028.4951907439436
3838.5465872282375
3610.4260709087453
3405.94749559188
3528.659857634719
3522.4367741368624
3481.6161232500526
3587.5756470455367
3444.493420584279
3286.4940579337645
3245.3767103700525
3339.9984460400997
3473.9658776541746
3459.1713092344285
Score: 1.8275376545544795
Runtime: 223ms
336026.353494656
309124.8953389834
293951.3800046977
279837.44873134483
251421.00216421924
233006.6941695845
198606.40980840527
169730.16636782108
138633.17165705358
123340.33871462123
108598.5421454236
89484.07580872286
75190.99516716819
67173.95282026881
59234.47931354315
51362.91824461712
48103.844146579155
43602.61955668771
40601.250554648905
40081.88166938544
37186.40701946577
35712.32045792329
32266.5207580747
28336.76138364112
25779.774357547925
24491.22088107674
24263.22923733115
21738.052005119618
17487.31913944317
13804.135578392486
11777.134562614163
9219.807050568445
8709.397145077997
6837.341056143909
7940.834179027466
8447.04610762129
8553.524725205312
7988.3955809953
7613.271592665012
7616.014625620108
7148.695637500403
6593.016863099998
6041.162352030739
5932.754562401073
5037.6664512386615
4647.572467352968
4881.0649702180035
5378.133009177515
4851.651610549163
4520.1583514244985
4268.285384497186
3972.724547320411
3508.4636286397526
3326.8569234851097
3011.393416118432
3012.8596761577905
2806.361653293019
2914.5040837505535
2765.206354145274
2675.1459923408133
2687.9236221605133
2617.4883046096356
2574.868958344194
2488.391865107835
2535.128600546247
2565.2490983920775
Score: 1.1016849336644188
Runtime: 284ms
336026.353494656
306985.6082271655
277561.9524491826
263634.0682221076
233454.556001165
215058.0454338646
177909.08546753452
153925.2286539623
140383.37543628024
131968.9723118936
113869.77398685389
99214.19133695144
92493.08446822241
85382.4983190233
76347.06196135355
68546.40930274759
69163.76168462232
64657.204897066884
62019.614481029676
49163.59656773405
41610.3002434297
34430.74887110723
25229.697368966907
21165.893519309135
18402.20897740558
13802.915303100168
11935.703660132092
10763.453651401487
11606.828268171106
11476.804084808666
11532.120729718034
10975.46253032239
10041.503101339613
8863.436709104539
8060.480562104374
7420.7923402226415
6804.903374894871
6634.241225430963
6202.1032422830085
6001.529615208693
5543.10537905542
5129.817187531065
5037.238585962452
4512.306598781699
4388.216962388624
4006.307779429952
3724.719148599264
3437.5924413468565
3353.7862491718975
3347.708611496279
3309.937155677361
3363.4579409107973
3084.9194267110647
2806.725978869464
2695.5512378788735
2662.132834383971
2566.9222858316375
2539.8805161986165
2464.1744815412403
2503.1270153956807
2492.0594375966393
2549.2138944933236
2650.094873644639
2648.8766195592398
2477.725436052769
2531.7912713353717
Score: 1.1945027930991143
Runtime: 261ms
336026.353494656
316473.52308631764
298501.7252324513
273718.3225734345
261893.4711888203
243743.4610010835
208416.31628725323
179627.55754693833
162349.65086398556
146116.69790751796
117563.84029434061
89444.62243885601
73482.87642059616
66949.47003383767
62395.19152153185
61993.69956070735
56597.214088719265
52347.436031361074
48448.025140339254
41752.01954831185
38086.382668789585
34089.17629897887
30719.78646230051
26302.801284714966
23321.557418574645
20318.133391470896
17302.85226989838
15332.984939410342
13545.963192259676
10138.647686061006
7724.11582446023
6200.546082657033
5763.81961674757
5471.095044716599
5061.798496492325
4850.467205194172
4619.915500635585
3852.4496190612026
4019.6207440183143
3982.2484536008
3680.9119642752867
3508.5835300041153
3563.8050136559964
3581.431717988705
3609.6071176962273
3404.102170101333
3237.9310678837624
3347.391597450489
3227.6323609494857
3075.6036235839506
3141.7569352818186
3035.9237950743263
2988.96126411046
2750.8972973239734
2625.1529858963536
2602.763143856784
2598.9319992127707
2458.9154709705213
2442.6949173313437
2492.5724023261296
2498.823254519668
2572.3176067628833
2424.0153544279833
2374.5924352575475
2356.341625908716
2347.6291006786623
Score: 2.6350254615532687
Runtime: 236ms
336026.353494656
324595.81296487886
297273.3969836064
275310.36420362396
250159.72257191362
242314.68031430765
211634.1393701785
195747.9669773474
184173.6928798003
164157.3470438605
151815.25725475725
139489.11043868668
120730.78461817808
105284.15757748444
88633.61247669517
79026.71513672275
73250.58183327383
60631.09230647252
56621.787694650426
47437.870666403076
38363.518641692026
33978.86165479576
28276.88374696062
25329.84767809303
23023.142661746948
20300.995832607932
19384.584672905436
18851.80365077025
16638.88668755313
15725.999409013404
14581.854778045368
12907.082104086023
10300.702609896993
8921.32775815484
7070.794261366722
6855.678876452468
5614.242990435076
4784.796679377225
4377.9474979137585
4302.411167380193
4242.266444378425
4025.2958909178888
3776.9121032617168
3710.1043514826993
3349.803607843219
3306.0300441040195
3147.8723205391993
3101.5278498333305
3147.402352494257
3110.3318044903635
2898.406991037966
2892.422424724281
2816.203839966698
2852.757796134941
2826.992337991249
2872.214987954453
2924.6676161957453
2936.9405033302764
3037.4255130069428
2976.736808893655
3014.507479831087
3053.225776370223
2883.9978215957276
2816.05934822915
2671.1610773112475
2695.022324997546
Score: 1.8491111987935684
Runtime: 252ms
336026.353494656
322186.8895118644
298255.5488254499
269836.0025364028
256065.74280706106
225802.20468949864
197722.56090318627
180880.1990395068
166430.33641912058
148745.23770983762
129550.66343987541
110957.35299680043
97081.51437139847
84851.02679981207
74035.59471011479
60399.15813604677
49121.2982332254
37568.246122525314
33634.59210578867
31237.606171132436
29886.442556792023
24746.777726368786
23493.942869092112
22966.2922266516
23022.67843041752
21611.382496755883
19757.052434546804
18047.9606776986
16392.336157181384
13707.571640732433
11591.315456741564
11596.297849436118
10557.297493906835
8543.741037319034
8189.751533321212
7385.857238707142
5933.7471114685095
5113.648156417054
5020.425307281259
4709.671801813463
4620.217972889396
4486.259802439828
4526.622564288053
4355.106561828185
4098.579825297858
3973.211141297262
3601.0333009875467
3577.9268268271026
3688.918154426634
3546.0054794500516
3316.345938346423
2927.0158672514112
2853.0488199538845
2687.7188485776114
2691.0861958781647
2639.1666871831417
2555.2899271271604
2370.9023466804592
2501.521220823939
2488.775590168496
2394.443066574725
2397.7214604715887
2245.0824643400056
2292.888730147732
2331.5394122514026
2223.6361196566177
Score: 0.6013396659342548
Runtime: 259ms
336026.353494656
327747.3315364908
303283.34221200075
273619.6282935176
244856.26143372053
211118.51434659865
176768.5897721372
151508.28196944686
133842.8135960338
110374.24145635834
95245.98332483701
82365.61146387944
70842.15295592575
61126.013403230805
60277.56904501093
54134.25882232621
51416.168085038065
48851.91267527889
42103.4529192071
37830.06474305156
34113.76745060449
29583.167561894097
28514.095299663135
27350.278732423303
26611.20899486204
25936.539791032385
24180.78179878665
23190.10818006334
22510.067672271623
21099.180390582365
18635.10878212926
16078.53136626424
12444.018314646271
8834.23129720882
7419.599077067975
6070.778110399442
4458.380798808626
3499.4906720254908
3489.8438759032024
3060.5438388865196
3027.5471361732184
2892.9979786652434
2717.517941487777
2538.2248443778017
2490.9664322368562
2549.230923512887
2625.8870004460164
2454.7260452891724
2483.1626570978187
2398.1980533966816
2359.4794932237633
2358.5192051759586
2355.876028456924
2294.4514582605034
2241.156056438274
2221.796898120732
2243.1548666173803
2358.5125764776926
2286.0351882759496
2358.0590797122863
2396.266351249361
2376.5305482515814
2410.947217186562
2390.222655935525
2533.056733038571
2422.759496332834
Score: 2.755929100276093
Runtime: 231ms
336026.353494656
327099.77588597115
302012.7294233374
281807.74490739254
262923.7821349766
247267.2840877767
232812.8408932412
214657.94905741932
205095.3674497957
176966.68065795398
158344.14738781698
146261.9625269331
136075.0328986399
114118.05006543483
86151.82856188346
72647.34257232284
54578.49187626623
48553.07836733526
35029.94821908862
37383.39873817262
41474.4124804078
45161.855503671526
48193.03520597206
49274.503826822496
39378.498134698326
30075.259570873546
24567.37074421993
20574.52429950244
16085.371774737065
13655.082933066482
13743.605712718705
13202.423888080606
12239.559914928765
11112.223917292662
9437.578354736299
8791.483232860019
8383.521844232382
8408.127423696196
7504.245203558672
6766.018015439666
6000.350698270601
4755.6407736082665
3928.7803974143253
3733.8076234808573
3379.0245562956434
2983.3455807407777
2817.810975795664
2615.8834479115326
2351.728375064516
2302.0738643143086
2242.280599022312
2131.1747024502893
2106.3292891370024
1998.4037798740253
1957.4293299250137
1941.7633583600054
1933.9418246067742
1900.8084460194295
1993.4268130689568
2010.1510274717652
2011.214464602051
2102.87743549556
2226.2368393640304
2223.1649872870985
2325.0960836697905
2402.6735079487503
Score: 0.26108449760717317
Runtime: 257ms
336026.353494656
299874.0454368412
274265.2592742255
238286.98299514613
217070.67730573379
179477.78710435363
167005.75275095922
150170.7716527234
131086.34454138967
107235.06041699542
91252.68953856142
78110.73887164444
68764.86825489302
56772.57368646599
47062.22446957656
40297.21716831739
35747.63106760044
31132.221162514812
27473.468408021203
26135.279911176913
24173.174846671955
23201.4769096597
22051.93668748721
20650.087945327647
17852.428289035648
16891.46453712264
15209.314718928148
13969.686675161838
12635.126041438629
11581.478670992272
10582.753928799704
9835.364599013796
8839.46819353117
7665.073864256871
6477.703800860289
5654.07869758839
5392.779906567295
4621.809078454302
4287.873305097379
4242.627864241764
3871.0430940427277
3696.047663933004
3282.912089506054
3173.872732139699
3105.2769689501315
3024.89750097189
3029.427612657989
3244.312573477276
3129.9590513885946
3118.496752068421
2965.163509171953
2882.682767837256
2853.5568501706994
2891.7412387031986
2946.0699240314275
3085.3053108421796
2921.647631521675
2894.9413351801472
2825.8565452595367
2882.7583061169908
2808.910462704639
2705.61445893166
2747.673941630408
2686.1475582449084
2718.3015979217944
2611.4877926423187
Score: 1.4485671034572143
Runtime: 239ms
336026.353494656
325904.50620608794
311081.34505975427
296376.1368040317
274356.39483680594
245515.84385324176
218129.9163216337
204317.84522038273
197918.1645128279
187353.86783091773
179150.6545780588
160989.50714909815
140267.16638726677
120280.78692424348
104011.88599975011
82585.37424038039
69397.292214855
53360.08364715781
48063.11570394153
43898.23627570033
37681.33226603788
36888.93986355917
37610.21217160216
34197.629172748435
33960.203239808325
25950.449883041452
20217.79445647684
17386.771687456538
15346.324579075435
14705.00904516539
12986.508663951614
11983.386972872737
10640.84989552044
9490.395185295007
9064.770067351199
8064.577891800177
7917.252690361491
7208.06306741567
6953.334611048638
6019.665471523052
5937.18331422531
5769.58542692649
5295.276480765693
5031.423262191944
4468.089397288424
4133.586637022356
4057.9460475586684
4018.93274211762
3941.182531439491
3785.89704612161
3308.6353361163974
3107.2460527764006
3282.1706383317737
3212.8404819236516
3341.3303785458193
3429.556325854725
3362.1769391513335
3384.2389067107592
3097.3335459246873
2804.461608838568
2514.3131875685613
2440.0088307354195
2329.543955456811
2317.5049326382814
2325.6282153881366
2415.994083032618
Score: 1.1702166721287064
Runtime: 230ms
336026.353494656
311503.8953683522
284459.3039453548
271406.74408209446
249406.41857839676
228386.70007428702
208845.2927314362
183960.29364214314
165055.63793859843
143935.37724134576
132495.48723083787
117095.24464727416
103620.42624217687
92824.16773856388
84969.55064840196
76704.30731885195
69027.31849064272
62545.39979700373
52147.18480958178
46487.192786299594
36417.67918708219
34679.977355541676
30073.50250738786
26932.881947810718
22800.068145334757
20472.289917052258
18891.056178076087
17747.1647922324
15117.772880424938
12308.16630990854
10510.023091483696
9252.270012212935
8783.65587900136
7957.101771270522
7577.307815136712
7052.625075121241
6411.7952262207555
6343.876877900874
5199.563800943105
4220.461829750315
3654.530754005466
3303.234817753754
2840.7903589912926
2567.281329135773
2496.4186534245505
2383.5367778956465
2286.2945204952493
2203.4175559654373
2158.644271485508
2107.961432806877
2036.136687586461
2052.4218163392743
2013.624231287663
2124.753880407771
2089.5550913104667
2084.1602795335384
2098.400654360804
2084.277840275682
2057.73352783721
2017.065140208173
1976.6374047560494
2123.670112437343
2053.042573588779
2040.2913393097892
2030.2582321290604
1991.2347098728706
Score: 2.049266346739009
Runtime: 256ms
336026.353494656
302018.30326120876
282053.909938644
261005.34632228463
244207.40381128585
229401.61836162844
193909.71406242662
164145.82268213155
157527.284223382
135705.15570151238
113771.62503422932
99227.68203818881
92902.50830291257
94597.76139974057
92721.04812067117
87058.07746257343
76220.49247731331
69364.0960102652
64625.620731188144
62367.47593970697
57942.18734275221
56899.629439724646
56801.64654204354
53268.21132850523
38735.95163348407
31432.44701911159
24283.179605875062
22249.68779850025
18499.685612507426
17080.202137156386
16117.979739238279
15432.31195265544
14382.43963377056
13521.432034187226
12638.681964110936
12601.54050622675
12007.442433284632
10789.939877899467
10052.448668273208
9908.100218086785
9607.836699131194
8662.025771843215
7630.262186073423
6459.185096845071
5225.686591375941
4784.258419898841
4256.759465440648
3775.2845746416847
3506.6948029855075
3212.4075814935286
3057.713705277784
3203.0864321080385
3210.2109735107183
3180.8182892312693
2996.779349715558
2838.9731633034266
2886.006171095733
2837.635545586822
2886.706714008069
2728.5763880461573
2796.7083303748095
2768.339001494371
2658.1899981261267
2545.1137548273127
2472.16837366041
2426.048917420522
Score: 1.306598177792559
Runtime: 255ms
336026.353494656
325341.4332308445
307242.4736345897
283983.33308633324
267056.4639093649
229286.08692658483
208141.95509202042
190115.86983025458
180817.25374998365
159155.23234807063
141501.72255435298
129928.98197317432
121046.53602099228
108132.14859143941
95209.38556750752
86624.95443903128
76618.24834610196
69762.10542211124
61834.21532992287
54330.13169171021
47407.27612318732
42725.05658925947
38671.15546141878
34286.41891755108
33745.58349572439
33675.88163892662
31192.137718369155
27461.755890154913
18552.70281292962
12475.926000096957
11278.736627033966
9706.2294716437
7622.042310471285
6462.592584511655
6235.766062168385
6133.454038143854
5873.300243349994
5801.5565064419125
5459.999276471195
5210.534322241005
4958.884945162233
4801.857495896484
4481.300665800064
4307.028837376528
4259.023045685937
4158.702919752548
3935.5374892167133
4012.6419242404763
3938.4667542840293
3737.3904732323695
3616.3831854751206
3543.0246539066798
3461.596141262142
3457.3695149544283
3471.675746331339
3459.313025908049
3518.4152223614465
3666.480337559802
3372.8819594965075
3114.2953576850323
3051.415307168355
2803.9843346410894
2885.8935706037223
2757.020549586651
2550.9526653573785
2474.511191468643
Score: 0.4779299590910832
Runtime: 231ms
336026.353494656
320272.2217817077
300767.0200444459
268206.93594945426
240156.41932063267
213132.77188034586
205431.29765201473
184940.73880523528
170862.93498307167
156313.30602412272
131552.53798766455
115086.77578330385
109278.53803558243
95879.15859780887
85665.78809713101
67407.73784640439
55806.068315094
49699.010401942694
45417.70373823035
41554.52360590421
39236.28184340415
34626.46514010046
30361.40740343385
26224.56080935763
24936.422022349347
24142.80324917125
21649.242224054455
20083.137608345438
18130.326547445417
19022.602814227746
18261.03963603112
16766.43416999777
15784.618292567593
14873.88594884334
13956.945237693895
13448.513374999457
12492.948991681951
12346.700692754906
11936.84526401423
11272.842577482841
9923.046743404358
9142.806932916585
7431.415301978538
7436.53647350191
5262.119120782525
3326.3161081163275
3376.1260321691598
3195.4621479191014
3005.1864151215595
2870.41755643525
2904.4268375650254
2880.6042680390456
2832.298686008406
2792.6704942452216
2720.2594587408166
2534.1727716082783
2381.494657093079
2414.425722732383
2365.3731824579672
2255.5738300500852
2337.0443344401033
2158.8638620109896
2125.4442952924414
2144.0314043532444
2086.50949729408
2078.9077723892774
Score: 0.09446751325654962
Runtime: 286ms
