336026.353494656
298644.14421989926
278469.5689531181
246540.0282106227
229019.48955528435
219146.2541312643
208111.19552247057
187965.34632284587
157253.1565382715
137700.13527467812
129575.51810862425
113489.34212430888
104351.3157320379
99562.13349189442
94194.31516391592
82663.92775656335
78062.69261160244
69627.73559648581
60359.27064024051
54124.66425350749
48318.355092933656
46404.30158054706
45331.11444305012
42511.49196600175
43431.45847376006
42424.58298279389
40423.346634528454
37486.90103338075
35855.3919165185
34441.85801333712
33479.95250023086
31698.098834826997
31197.276567282323
29315.213504507425
29969.754255643074
28175.1057357333
28454.096453093418
27962.018806619108
28264.601647245807
28566.235187561582
28768.688807277387
27663.564705169207
27464.00990384549
28877.85549802458
27980.919774283757
28527.30547691505
27674.03937453421
28062.21152067807
27054.24157545704
26237.0085398557
26442.621326572444
24964.65484034366
24448.031092802805
23678.31779639122
23865.431366404897
23446.34165842322
22895.26598037341
23430.552465307548
23378.504029398187
24067.056144400383
23266.516382943377
22161.654944003953
22574.887880327205
22066.441918540855
21766.929886170226
22615.520975548567
Score: 9.60288219031048
Runtime: 262ms
336026.353494656
310265.1713333908
293997.2830902403
272805.28289835056
246339.0675483847
217146.7668308485
183368.14760030026
169374.03744051783
155063.13341806148
132832.37922029424
124785.35102166164
102411.59552847693
95667.74253690423
87285.69812113461
78301.80964841336
67787.90958017313
61732.58313278772
57828.58473020925
55930.887432174255
53285.21859678266
49565.21943889323
48788.09750567527
47698.89465801405
43283.551968869564
42736.61903447446
41837.53675335139
40569.11800994853
39184.93921423104
39329.2931673334
39440.530653000744
37014.33728309005
37417.102209681325
35780.14907806034
35025.7827216509
33306.23235471792
33659.915382367166
31526.04290112882
31415.30471748964
30590.476498264354
29174.228304677017
28008.609317780458
28736.706742982195
27985.01747526044
28146.984433042126
26708.4705441169
25793.129581457142
25887.04966981806
26058.024122679282
25003.281541719847
24800.974406258538
24130.65333276769
23942.955749328878
24028.73967340145
23014.935409808244
23336.66406148926
24204.886224772617
23602.83696585106
22470.71547803754
22354.47919189457
22574.85837959866
22850.81787934836
23301.514413014607
23553.47652882424
22484.034328314632
22034.408441799394
21860.533136887796
Score: 9.800582553777422
Runtime: 223ms
336026.353494656
308581.6820491842
261022.1857110432
227338.33987431697
190581.43434485034
162826.09463516047
134763.4897772396
123511.30791280276
112668.37491494924
108732.87128090196
101531.79608132492
93858.64129974936
82002.40961315409
75976.55694238418
72481.37939090334
72937.93386541451
71162.66152162787
64332.83674718179
61222.700755686215
59672.97946949248
58027.33521371835
51111.32688138592
45647.616663689136
43851.727983660174
43410.44290261417
41457.114446694985
39686.39860295738
38550.01337479507
37370.51435771965
37767.93934261373
35837.38443212922
36518.781123808236
37104.96294267056
34818.18008546818
32682.828969968145
32271.865852132552
33263.932200467745
34057.6150371502
33522.74434851104
33019.358852519734
31984.66127260338
31212.30955811571
29412.553585851736
29525.952693682182
28591.607952004408
28313.38445526076
28905.24847889547
29123.101535844897
29373.384443642713
31065.836923626986
29754.63497126934
29876.541557916415
28398.05247532036
28141.322853884798
26616.664112375864
26534.750183327837
25399.28529395909
24910.40702259757
25462.480977494062
25752.985797848683
25454.02077676293
24114.121535404814
23799.18376722838
23415.16753254221
23611.514999358526
22956.102061882793
Score: 9.576009381043395
Runtime: 261ms
336026.353494656
298114.42477551365
290077.2199255351
271819.46852021
234191.30515087876
195981.30966531776
175292.28610018006
157210.8869970822
137013.08889633353
121809.29092169723
107340.38041054539
92907.91774800015
73412.43581122565
70406.81165944814
60945.456401160496
54217.60460157261
53366.045772244295
47658.933632496875
43488.66954840168
40821.589194241176
38656.34363097869
39312.135007811834
37797.950775481324
35429.903273806056
34973.79000684901
34358.24037352246
33386.89121970344
31649.65401824213
31080.285589663566
32377.38915481158
32437.780197402844
32150.785982223377
32779.36034776347
32842.172703152464
33504.99042958418
31843.841432291818
32444.573910670442
32975.82137226076
33520.93048404164
32601.449947908746
31279.808767442082
30164.134331492445
29154.05020519648
28468.037786010726
27785.94786723587
27232.792970667662
26961.277096225174
26419.9445016311
27487.164567680058
27002.85625226018
26697.867225614704
26065.445933111998
26542.60262389967
26540.22752671125
27570.981421353623
27660.33428524627
27268.71568191736
25610.455120349303
25405.717341684875
25215.341131672703
24321.356175078083
24989.740719227175
24658.421989701113
24918.71357971245
24678.089681648362
23204.730865861446
Score: 9.603770887933532
Runtime: 233ms
336026.353494656
316163.24278142554
291637.8269081774
260619.85381740308
261380.10118753312
233775.1307103262
199851.649557867
176415.17776639285
161837.53122754893
141511.5169052407
135542.57675862146
123616.72082304003
116926.00086681284
103653.070530336
95942.34122801198
81381.99989465124
72975.14662907837
64935.71857178376
57033.91792658933
51047.6893566447
45189.08226982079
41026.899104897035
40383.45070073251
39838.96303893807
37651.803431034125
36441.06038705561
36220.269630931
36664.34703678043
37315.97906295992
34499.198031167005
33343.2733090028
33183.68490710188
32434.245818431547
31832.966926804016
31053.12054820422
30630.479322867457
30633.02356729191
30376.83189426387
29749.7966681913
29455.998549404485
30391.90210107851
29026.472479460834
27176.194553587833
27312.908669036715
26295.35601547753
25326.743067738367
24171.569173513697
25976.880704341587
25721.071710038963
24866.099771966557
23551.79014772641
23613.041417143875
24024.85923861415
23263.68280086454
23934.779155061857
25143.27958255154
24987.71872876837
25707.286931956005
26103.911763385615
25670.142223260318
24667.39523241533
23076.521565348652
23049.786421805693
24162.346588075838
23055.672516287956
23070.10008627945
Score: 9.6532677363168
Runtime: 271ms
336026.353494656
320093.0024084904
299347.788209698
278234.93786658853
240278.1006003193
212208.71661860455
202353.20649034204
175767.26381567208
162333.54576276054
133356.92902217314
117833.46216567316
106704.34427327447
96129.26026854427
84872.77500520331
76937.19134904283
68844.40325421917
66756.46478660063
64713.48688331358
61301.34683147664
60292.746516415355
54113.13099804743
47729.394765549
45715.04297848157
44428.93982419737
41594.1290474507
39214.14120328172
37948.45823453904
36813.08791709194
37725.31755659608
39220.524008031694
37399.741607766984
37096.24244502197
35253.24582990788
36566.63126597012
36213.68771145234
37276.71498111378
35358.62683828717
34408.47720021826
33386.9719382762
33806.4105259824
34247.53931148614
33005.06236537716
32892.91349626182
32277.21758280811
31924.935333241603
32608.428356885437
32395.596983189138
32105.87965725324
32645.42503436082
31904.78496728624
30698.728277525595
29021.72467950339
29007.335310580453
29173.670616509764
27936.92397495246
27823.266052242227
27562.4942599908
25838.179275714472
25673.67959141394
25794.557556073425
26985.94138502866
26254.878394721687
26312.02495521321
25675.54552555793
25439.70163484418
26103.118513043028
Score: 9.543593648514367
Runtime: 248ms
336026.353494656
297366.0811761738
277561.1044583649
249560.11453675735
225184.4197721839
191398.855756529
170994.50333224042
160691.3881151353
146108.17967165017
123560.44813835654
110793.79887709401
94727.59206960049
81936.98572674685
71593.00620517127
64867.588994644066
60386.68674990076
54871.68170933615
51217.09743651607
45934.51772971808
42207.86896446545
40149.0353211541
38647.76907657101
36096.5726043088
37314.191233770616
36507.27198807575
35819.009969406434
35366.67161280872
32518.52295172997
31652.448374106098
31474.545136785735
31069.3202348052
31155.325709682464
29491.568925227875
28969.562287264638
28890.89374656903
27608.43564618833
26836.96245733797
27462.002336887585
26589.635890447582
25677.56632209554
24745.962446253074
24518.28022795872
24000.995309058042
25052.2432713837
24567.14713279527
22546.515634260162
22479.164539427784
23364.509129434475
23166.170021356
23544.370717910348
22579.70865152326
21946.15753275878
22131.82274963863
22076.588855651462
21577.852280976844
22241.326039650696
21738.91143892199
21347.647230461676
22523.170238229784
23321.673941260575
23185.94674005332
23229.3330428459
22821.682125265877
23533.29041101462
23259.571410142697
22484.99603009313
Score: 9.555923349489174
Runtime: 257ms
336026.353494656
301498.3701446935
272406.54864332045
227320.47910488126
219567.77052843646
194758.09345947084
187972.95360243734
161994.20322678506
142490.04729494883
124278.57739533694
109143.83476261093
98879.84787579515
87274.95074557624
77907.76369134599
74792.25188007359
69504.1156124602
63896.62806172925
55327.412677808774
49334.84246106046
47201.96344614375
44573.510679691404
43215.88541089712
41413.44082777309
40144.16724879181
40768.38662994718
41840.982529669294
40110.869503517235
40091.060909381566
40888.68215001672
40785.416980403636
39264.62257681298
39382.5416862979
38514.17172854928
37780.03818226762
35435.40948978796
33716.97484158343
35145.46563399094
33942.82729703538
35186.503405117655
34361.358437408584
31851.37481190255
30554.239637483388
31206.0780063249
29656.222418328773
29615.06546449417
29296.350067660744
28346.48356523519
28352.009553452885
28194.486138855107
27176.472249020684
26897.020311939075
27121.376961245438
26725.118215614995
25606.206204488113
25523.82611219839
25075.436797118236
24029.350777783555
24194.809580426205
24936.037685080024
24298.148004179806
23084.847226592614
23652.065682459728
23053.927557487117
23143.874082849277
23484.71047040214
23510.70324877732
Score: 9.837320051670668
Runtime: 289ms
336026.353494656
322573.77152881573
296437.94618834456
268636.3743305536
237525.9066647921
215938.45529315315
195973.1604465681
166447.0757655641
138504.05246878747
125204.43311584115
113750.35803467715
103069.91371989321
103192.52219660468
100289.51935245468
90960.74060696775
84183.09459637373
83340.09483350662
78092.95796820613
71015.90252002474
67289.77680130731
64159.31421339256
57299.640381114106
51439.32620969399
47081.56589296704
45217.937299659505
42082.804236499906
39730.26174179385
37748.12428265065
36018.1400733784
36686.484894451576
35840.477040738995
36183.47259473308
36306.428792557876
36521.67097811958
35789.04562776319
34592.51351200418
34666.28861935457
34475.838949147896
33055.870830812906
34041.42095253255
32910.36144177059
29959.849865461943
29489.975544948546
28725.61924364484
29107.159260338758
28352.854088789216
27190.663214219454
26832.401526577174
28255.55690409533
27377.44202584999
26999.807812452247
25808.05344914756
26117.46867344365
25128.167105691857
25010.36518553968
24897.675932524067
24633.043779489733
23876.248377044496
24135.465387903634
25220.10017530815
25477.936338597545
26036.040540107108
26388.097148400466
25837.415035903607
25582.868125976172
25372.85592250112
Score: 9.540015778273785
Runtime: 267ms
336026.353494656
321936.37989343837
281396.2667277346
252513.70977326648
227395.2765521037
210550.19174602642
189957.0894209499
173503.03869147963
148304.03645875334
119114.70481707323
109410.64268743398
97911.91546480864
86927.2477096212
84898.58411877076
78327.30868137884
70308.08193103888
63413.65581155924
62056.36008832494
56625.60124635164
56207.020281013
51907.45977548427
51685.52031038862
51644.78324583242
51683.45605574495
50584.92105690474
49932.82862883501
47836.524291106034
45710.352164335076
44549.609227826746
42102.109438236774
41599.97910534695
41477.10816213585
38456.36918901652
36354.625667216926
35823.37670544929
36641.436325013325
34007.4201278322
33891.372540865
32598.665382837382
32106.60537949463
31781.970794889614
29408.473139775782
29224.24011914147
29054.355710429933
28721.766727889622
29334.07497361345
29917.434337111346
28628.02683976071
28456.630700085458
26901.51919683485
27048.201735423027
26493.172968577535
24770.22758804709
24408.25224140206
23642.4409185934
23634.654214672308
23588.102499292818
23473.221618936073
23822.125290298954
23372.452116666977
23408.469221890427
22972.627627914808
23935.6019043211
23073.61604900648
22619.206196949817
21873.305294170394
Score: 9.61842516480383
Runtime: 233ms
336026.353494656
293791.71836817265
244939.54016340376
215813.30782052927
195782.67870473795
167429.88557498672
154917.47296391605
136921.1860349656
130199.73642059173
120545.55272259832
115296.63279441698
106958.22743711073
94234.99660425869
86231.20781211102
75581.91554271523
69025.62475269634
64643.685205753995
54374.50472754246
49048.30341518368
44572.145100081805
41533.26877121206
40664.1097889511
40390.27931754099
42380.4299554371
41209.149279365454
40417.167686568704
41254.24653315471
40177.800382077214
38804.59678831626
38923.764752661256
35892.98939098082
35239.865177531035
34018.763058678676
33049.46748280161
32612.58471527466
32498.35951384847
32023.547769371868
31422.41392802849
31135.093595042927
31044.319126850605
32069.349022406797
32667.536792094463
32023.584280020947
31886.25749351519
31555.632239943166
30164.062843391785
29083.843613919118
29391.18273719844
29542.03671199624
28057.362037826784
28531.899808833863
27844.193224129336
26320.322275726638
26494.723745807834
25550.529724041407
26626.607395427494
26940.930459414933
27208.156450341525
27096.573031146316
26407.778795039547
26528.527017270873
25764.797561897612
25132.50827361625
24551.741573958596
24509.53267849411
23576.01425963112
Score: 9.59784629743664
Runtime: 262ms
336026.353494656
309348.74101686524
282308.1185060995
248440.64992797552
206140.0079030893
179968.6773906257
163526.0941917916
146704.31622278292
129212.9641734555
111893.57031739538
104803.6440794571
99274.51208272467
92640.8916832958
88534.95232832672
79359.80379486566
74644.32296467318
73139.66986236104
69582.81697295279
67771.2877191096
66243.15779916957
59634.76473601652
57459.72235428259
54564.633025653464
53931.43889358551
49288.069530463334
46794.603934070365
42547.15122840912
40088.9739351464
37337.637908315075
35844.26119049245
35120.08902541578
35340.76776269643
33537.39717479066
33170.1043495445
32792.88147340279
34246.561463141734
34176.459836675065
33904.35586958668
35665.97604232823
33445.751550815585
31575.85866480864
29370.692290522915
28653.57796123941
27292.20711008955
26894.709911191123
25827.760268397567
25085.91972876695
24613.484324704372
24561.60525466838
25139.421283433574
24829.10995623445
25352.457592696253
25108.394131891902
24347.92575057037
25344.985257871216
24557.98363036447
23957.29507250588
24142.754746692215
23901.456107056998
23143.29744405414
22921.725666071154
22776.167468578682
22718.966267980977
22818.868247048653
24975.719301323556
23338.72920282405
Score: 9.6720488722248
Runtime: 256ms
336026.353494656
319618.3794653807
280887.4942695854
244714.11528331818
214911.24576201386
194287.096868269
166613.8021673819
155357.02340910185
137483.42335602033
125240.55092764932
107776.33652012351
88305.64083975457
74413.76881492912
67998.8944492598
61469.454387657
58779.82134143814
56100.53455718405
48889.581439471076
46322.82793494014
42916.14178617584
42280.63125340965
38926.699920003244
37816.24152532163
35523.0070144865
35412.71319261248
34880.78679769711
33316.43213228095
33681.89075706786
35513.585584244414
34632.92683029516
34444.37159637772
33299.42008218571
34602.69154533903
34203.32818110377
33203.680662887025
31959.151791850494
31498.35739761369
31733.967501088042
33252.58520774643
33453.600789744894
32781.1583556837
30743.49329027573
28615.35250543562
29778.232149298547
29991.53181550668
31422.893516449585
30438.479180438386
29168.818983549034
29518.841368619018
29810.644112947983
29744.97863386367
29566.229135004127
29122.916395978817
28569.280324533476
28085.227851344232
27937.67729173269
26504.777128623628
27368.569036579767
26026.753659817048
24296.60110663057
24261.739251505765
23068.591893164914
24012.983826959193
22964.95994258182
23121.187476778887
24319.9801163562
Score: 9.580622288310494
Runtime: 274ms
336026.353494656
303789.36031110043
262135.6735586093
218453.00969410586
198660.00881320488
191455.0428632961
164301.2126889598
142920.62618555414
124849.84420463612
104831.00138094148
93884.05534806392
87805.9856933519
75804.79740391698
70573.11947712651
64961.30975550097
57384.372022242074
53840.82725559202
52900.38045927111
45676.36241389096
42301.328983296036
40311.409791793136
39656.90698699369
37032.80758097223
35712.7263109414
33817.954134364656
34652.05779017286
33802.13721453466
32949.37670284897
34024.99611612615
33785.05372922843
34177.02440401268
34194.73930075028
33903.85029223089
33243.580915060025
32098.448467503204
32720.72137583434
32166.204132805873
31390.5875844374
31763.0137667119
29385.21543028209
29241.657980638178
28734.163870293094
27960.199703510614
28585.92651260326
27841.41128654374
27685.104286304166
26407.96757358106
26511.595831570303
25979.77756186236
25403.535544280086
25743.88594318033
25237.82102193928
25759.218777138714
24614.565804543447
24351.8686725965
24153.5347290933
24519.28995159269
23348.775560272654
22765.321252447833
22783.546545953788
22086.832904318464
22552.97743486079
22516.67824861106
22869.339782430827
22662.965666357184
21879.153033287665
Score: 9.64463108434041
Runtime: 277ms
336026.353494656
326832.8855409332
297101.8228355761
266845.21149066585
242178.7106466264
216121.10422641845
187761.7430677159
176304.70386024495
162652.8731047726
150074.26733466217
136282.4650787396
121062.49856595321
103034.54419506315
88217.66921523948
88891.06625622248
80030.25442310645
74906.90257085915
68634.56150833631
65524.72698042427
64498.40418995705
56776.76618716449
52340.41799479267
51986.12648607478
47613.67524531391
46562.33767128352
41932.84614528375
38691.33070199862
37926.55750359375
37569.03216615167
36159.21987851709
34885.73561111637
35366.701131532944
34284.37815522517
33188.677509927315
34267.05535181358
33111.145162180466
34609.65606900531
32935.844401839444
30581.052558739542
30654.45791902349
30747.20072222762
29082.67764590637
27614.708700615254
27900.18454892393
27619.50719552367
27593.44013056416
27845.95942531514
26933.191127593727
28015.01537341327
26995.865236013244
26421.943512572085
25157.997039789396
26635.46371487459
25902.497038465022
25040.8397529145
25234.557700825724
24569.92880468582
24990.439335671308
24196.15935730603
24187.734234540076
25008.276107728972
24842.570020095158
23922.277490445205
23979.689403071203
23304.494470204012
24062.54847510553
Score: 9.65176600250772
Runtime: 296ms
336026.353494656
309974.7466544763
302614.46456451184
286270.6053671066
270783.68684550433
255775.4548963922
237445.3622162304
225415.0852378331
200588.22951647895
167829.95551042896
128290.12421357294
123671.87627110622
107535.1078341478
96446.20626981842
90675.2486386281
81470.78059568537
75414.01659990488
67428.11547160213
59982.72498189899
52937.822678495395
48266.365489842006
44208.80744275765
42296.168201015134
41766.47826758835
38516.17397991673
37998.5566298198
36757.55878270497
34844.810088718776
34371.777104467095
35145.799153842934
35839.234188644485
33533.97019669431
30670.90579776261
30339.453116665543
29415.42236681562
28841.041413741794
26889.65906563123
27702.62506098355
27231.624506023585
28091.665376325353
28340.977048993365
28235.115855112483
28675.382151755643
28446.464040236653
28437.803017398535
27436.99245701421
26655.396660740684
25917.596496556
24989.0271075266
24796.05431503374
24717.29179630938
24722.870651388374
24096.234628141996
23738.44640256805
23410.307745910413
22855.749943553485
23015.87141678057
22625.962579179664
23136.824579261483
23238.982769694117
23256.238222576063
23136.964917433666
22618.96240615885
22533.366850432332
22083.632778367184
22986.064010308783
Score: 9.482403382950181
Runtime: 237ms
336026.353494656
304958.5301566233
272738.9380812606
257033.17589425747
240668.430200368
202844.73350872035
179503.21450234237
168440.78519450797
154468.48277784043
144631.10340019353
128878.7983046161
112254.52094869506
96138.2794366904
81708.51415781507
73108.4666837423
63295.64534192843
55416.635517988354
53663.36096840048
52590.607583792385
52128.70512465178
51772.2133484591
46995.46341928288
43644.367409797334
41220.33191960014
38973.23815178988
38370.55451167513
38109.20822428683
38020.62439766015
36541.69201455366
37263.16283859601
37264.53827933526
38318.98088982245
38131.87323207963
36762.166626645165
36616.51784605448
37035.00811529559
36780.15641117105
38047.795513680365
37304.279314798456
37823.22551226651
36829.98728043703
37087.60687006176
36547.388749397105
36638.12241495173
35971.86925082212
35124.76208532863
33185.745264778096
31959.716628076312
31361.417717724344
30335.06539889482
30955.49959508195
29433.034631131984
28757.201492502212
28103.89600564463
28007.03382942044
28214.751339484337
28074.755411590108
26844.58015547866
27233.288254989926
27287.895009278338
26500.25641237827
26349.800781542963
26715.288503520533
26795.097244630844
25111.457857019577
25630.2996812585
Score: 9.48851450746515
Runtime: 272ms
336026.353494656
298561.2524320994
279019.97177464986
242472.0341201733
223242.008402624
204493.51906057858
180570.33210065094
157092.20350775472
148881.46219166566
130017.17965415225
121562.1420231234
110861.65969997553
95740.94847652152
92054.11289738552
85830.19703873174
81306.82676306198
78048.64353517206
71827.62136472494
66695.063065242
65535.90201599694
61978.74245123974
56716.278435657114
55288.4313798067
53298.716379462574
48816.2942158223
46655.512069363635
46693.14154096675
43211.87832845577
42320.54244532488
41473.12877387144
41559.21063931134
39369.41217120921
39469.63422924227
38918.71952373629
37134.08217072792
37294.51184390901
36629.617524265064
35065.35480602885
32497.04278097735
30438.369553579327
30982.636937271625
31709.36899449219
29812.0053043215
28990.23180605186
29181.61221653843
28178.310792468237
28569.93359162019
28402.403719565456
27322.550557411952
26693.570875644866
26330.307500584546
25650.106633964926
25067.365371248256
25878.741524914603
25262.06476933737
26071.374278834206
25234.245274807654
24400.086396545015
24199.09500310436
23832.65272160644
24162.25276600159
25133.842188883013
24358.144243246534
22863.047252340726
22336.331343137725
22683.173341978472
Score: 9.453804515505256
Runtime: 268ms
336026.353494656
306123.75829261803
292244.3957315243
276378.0024043261
231407.8838640928
206060.32230318044
188525.39030598223
175963.8496936617
155520.64245057272
142939.86483508893
127727.93593977758
114384.33894821956
107568.74726282105
96393.38344087619
88145.66048976753
80505.25648102864
68757.25079811034
66601.31736984303
62446.527086156595
58009.29204301609
51760.65376812625
45214.83887006663
43048.60505093683
39307.49772044428
36393.26166650667
33712.368020994174
31865.82014207644
32193.08396075657
32315.116238577375
32625.513550764525
32220.610065924473
30829.102658314423
30312.297675089616
29818.19525608205
30614.560378848375
30737.649606261406
30167.34580512581
28968.689443191695
27239.708492742295
27372.11430016091
27854.874107795305
27458.28634493989
26226.374870969194
26068.321926498793
26068.5777409455
25336.397025219394
24625.525522224
24103.047450494763
24578.791865280746
24095.008059969343
24498.60409391681
23852.53025255728
24897.563595301417
24958.363489935302
24571.50531856435
22733.917526762223
22929.04578842712
22618.189688127663
22044.826662357496
22898.841113778526
22585.74485351363
22585.672678381092
23240.347648158357
21900.249400204164
22123.795099184263
22551.431536837146
Score: 9.523296044951778
Runtime: 231ms
336026.353494656
310951.68157711916
293921.0774197297
253383.67732509537
223445.89970289884
205925.65829180414
188215.38025956243
155224.62428293156
140067.25409279723
123784.69523126622
121146.07964778476
104704.44957242862
97264.15786295114
88389.62545050545
84190.82468887696
73023.04777828156
66900.27727756345
57468.71542605724
53192.91079006219
50403.56399385206
48769.45098674347
47842.556760136016
45199.770895389105
43968.545523826906
41720.85681827542
40447.0056167439
39249.46053156581
38656.75682832102
36561.853162282074
34844.39375778014
33456.68777589075
31478.286164440873
30237.981293744433
30127.78212288014
30718.959418930044
31340.433697803925
31658.259572674328
32028.554459601095
31883.385505832575
32708.734526174972
31294.075093825835
30978.392707458526
29735.226074750695
29147.67438889771
28239.63790306164
28147.158691367007
27126.56441500998
27989.680506552577
26661.333417930084
25762.311336247916
26480.13398773962
27812.86949237728
26266.41500798583
26113.139722097774
25961.761521801323
24910.005696365475
23261.585099697626
23507.831656057682
23771.373102223017
23408.37703776876
23929.616895149684
23403.889480751837
23795.496821160647
23482.27987260659
23038.455756402465
22930.23060330855
Score: 9.578414639023263
Runtime: 607ms
336026.353494656
297840.78243635816
260590.25474364523
239913.18705863936
213284.92812778414
181260.08072839805
154515.51491329735
137220.48708238066
125090.59490425435
104126.75939775827
96594.50970480505
84169.50092184418
75059.77035165967
67278.51580431893
61671.12063068734
58205.14611947484
51564.98188438594
49726.95505494179
45053.675749740636
44409.785732928125
39748.944415408485
38424.17172359045
37065.85564819715
36815.3875364442
35619.87532585261
34242.84899515587
34522.405987280596
33396.219301223624
30455.82403395301
32128.09136204191
30790.082945814713
31164.14488543921
30063.3317404378
31145.56333873947
31688.908192791536
31331.85272320582
30769.162838954606
31158.742592730563
31536.179752642212
31199.37373637195
30601.595876948963
29881.283815268347
29565.63176647196
29768.289402481587
28433.36770288846
27891.358945376
27967.646622590542
26744.54318598684
25489.055539632227
24798.830018644232
25505.723841337796
25332.805771506017
25496.476064955295
24416.190963016623
23157.550135620957
23457.727084624123
23915.811555044256
23106.4826447794
22263.94297815952
22722.446169835956
22075.93608666945
22084.0539855038
22746.312228324667
22422.716832784874
22923.500951470778
21616.127257257664
Score: 9.710592105015023
Runtime: 282ms
336026.353494656
313027.3038236248
287763.6931634958
243323.1406388983
221242.58041265715
206930.3026365759
171287.70549035634
152916.9501699648
149999.04891194575
135565.96960468584
126607.47167905515
113808.32901215162
97037.34933858152
90668.84178778823
76506.84693625163
66689.43926944645
61603.98405683261
58218.78121377972
54397.91300993885
48325.28249831419
46771.34337991434
43563.63915008794
40678.52612850111
39408.487251521976
38811.37298262752
39206.40158854084
36575.537340986455
34478.90976083998
33623.281935384926
31434.67664081358
31690.758002443254
33748.004352519565
33788.92507802402
33347.19390288995
32236.732953702875
31962.13269654533
32606.63105059929
31913.228739933336
33128.16145776029
31892.62344655008
31172.060499488227
30292.696369040546
30982.821984729693
31246.761420380768
30387.505397862868
28431.490903416943
28251.18388836532
28123.393990241577
26577.184851735175
26710.352078027
26852.0811040395
26093.41687905078
27145.73419129373
26813.73062216206
26406.408355888187
27694.6857563703
25557.928090210247
25405.72744798614
25598.934689415193
25030.789145042072
25896.69913731997
25462.619941626137
24325.55186682206
24620.72001949999
24653.863321437824
24593.257483888243
Score: 9.700582989885255
Runtime: 301ms
336026.353494656
315501.61133877764
303840.7895387572
287667.50288555096
255430.35774256912
230701.69431806385
211210.59145553512
188217.08472055188
157480.53315072498
146999.5645813287
138005.87384910698
120176.38463620373
100289.30112910012
82982.53999154844
82734.20456856952
72538.49332697
64581.0213315615
62853.5326926049
57321.365912652196
52491.96536582311
51738.80983157315
47172.831456300766
45994.53745989526
44351.52188575056
41300.821726197944
38670.259763073016
36117.31946158192
37042.49762175271
35131.7879424878
35085.76334795382
35686.657426666905
33152.29303092355
33321.92243822614
33421.743872158026
33401.50176377706
32683.268749313414
31587.415628683426
29789.70983724087
29846.934005846866
28702.549059252873
29118.9021530791
29806.334329623165
28862.940229263724
29730.040536367942
30186.216215522014
31144.132044957136
30710.44092411044
31389.165993034727
29925.3787685715
28487.928473443113
29927.30733233184
29471.85530474122
29777.123894914854
29325.124354034477
29454.839572807752
28637.1798542156
29000.264695124046
27901.22823096346
29502.902152776707
29563.872607850135
28527.041988763933
27854.889419244984
27421.13740901094
26574.49338473183
26623.670419702023
25692.49737581438
Score: 9.73170093577178
Runtime: 235ms
336026.353494656
325941.18326900643
292795.69134740054
267861.87254308595
235417.11567960473
210077.0137165422
193172.1192185121
179509.85352962636
166806.2134630842
149843.2763537169
132060.55494758417
115716.97039401162
102945.24259350853
91700.73682885768
83787.23803716815
77169.46489555406
63173.85955898989
56261.35144474813
51290.019863966605
47575.8007707809
44373.23262409387
40541.33088056502
39319.382926470076
37688.312995268854
36327.31332624847
34637.1098208266
33718.7710284516
34489.68912377009
33785.33339213329
33153.22084843653
32130.554701929836
31274.82156972062
31209.56485566496
32116.170040079764
32473.548277343845
31833.64039164323
32565.60730822959
32510.145960677648
30162.580803780937
29681.995009244794
29273.63165364761
29787.889806627147
29015.59958189004
28824.927439038725
27477.136933910668
26187.34750188274
25005.496065033924
25269.08666381711
24925.17847997441
25929.1546392226
26538.707775845138
26376.884050163753
25071.40553758474
25465.00999583724
25057.73151417867
25975.318165435114
24351.408811035577
24480.97298467853
23906.28276486628
23946.953380469142
23469.7497373349
23780.099145068536
23399.81383550625
22376.141520943573
23410.577334565933
23525.20116524843
Score: 9.670137641942807
Runtime: 236ms
336026.353494656
314456.2243564346
284523.34909209673
268583.97011448
230292.2110636814
191866.91660254975
159902.72487573538
138760.57519009634
119304.08830675839
106846.48158284528
99959.39106063853
91300.4243815816
86745.24359500826
79547.26128354059
71352.82295254948
62668.91679964297
60820.45265589309
53386.19630490479
53534.83326696286
50316.63638373835
46984.028176298314
43136.03748673663
40654.30504835242
39475.69492805472
37755.19131083154
37793.82222784735
38242.75333676418
37375.78805573463
37920.94405159341
36390.15059093064
36351.71846769635
35553.98944274778
35888.15379528007
35555.19625901603
36171.12831618366
37886.5109261679
38650.23616600115
36407.44412973596
36114.459543930796
37234.20566921341
35174.926767924706
34498.91450619123
35880.171816304435
32835.09712524082
32813.06861713229
30890.04276324468
30072.085308772508
30269.472094722005
29456.908981652425
29354.194088646487
28506.663245266278
29312.858881606717
28518.47831439104
29563.173715200766
27277.771130600348
27967.155531470424
27754.119750497768
27246.242803589234
26386.36651790293
26710.34520354766
26269.012094707297
26569.742777262098
25397.380664894663
25169.727809792214
24640.090317413727
24965.816500530575
Score: 9.471558174691989
Runtime: 279ms
336026.353494656
319248.22664244997
281009.4829531211
255206.65493594212
239912.98670194543
221015.28558013795
207559.2357786282
196042.44808507926
187642.85807430264
175754.9182802197
154157.6492215458
133626.96435564983
106506.8275475632
88224.02307902774
79074.50834781039
70941.88673515458
68758.30383319163
60279.06039513264
52559.723365179874
49939.2848297997
46229.855171364856
43138.49040587867
41611.89194487201
39377.30150941112
39401.22878938704
37592.83233209265
36769.15182581081
35731.266376191146
34095.83999732759
36562.791062734046
34104.9214756317
32223.82001321229
31509.673838125684
30381.0396527431
29030.684104816828
29845.361855821986
28839.52900683309
29352.038822256687
29423.923264316785
30083.58987357574
29746.390094695435
27430.476260611078
26216.97970864999
25439.43924644436
26745.43004784797
26211.813597542063
25216.51658943395
25065.317662591377
24994.855851187214
23928.35252350243
24260.536935814154
24024.18935331498
24134.09477772058
24020.096133981733
23473.434224412744
24270.617889729347
23469.191721425403
23624.67081215343
22653.878929759438
22679.919589061963
22604.9214450794
22123.131848668974
22319.90237524909
22118.536603291577
21932.29577608962
21969.83615539777
Score: 9.561900897479594
Runtime: 672ms
336026.353494656
315947.4221864625
280941.11350493215
244632.11193198792
229336.88251435032
203567.1018607516
173849.07298056627
156233.6881752669
144202.64099530064
122546.94768776966
113960.30527532182
97427.81655480384
89866.61906572123
79850.89674602763
64515.29903128139
59370.335155475
54359.59754791674
49372.87151465964
45835.301005520276
39998.698649529644
39524.35448336564
38937.01372611008
39868.293415138825
36352.33066103493
34114.58512541589
32498.599985835004
31895.639730175182
33182.48771561398
32178.5644636257
31567.50584982231
30403.945206846605
30460.659823176375
30472.61790740109
29771.413681352857
29286.343275919116
29459.908292704786
29293.690806931998
28956.77702589088
28463.981688160722
30277.216619099985
30416.935902735535
29946.063306049742
28702.327560180325
29020.755898888696
28150.557878856667
28923.742065169165
28002.356743013297
28809.703402033203
27077.964281335462
27220.5748975874
27333.086095827082
27204.361938776874
26879.631340998018
25606.999650954607
25436.735733231086
26012.545202775666
25525.57185638695
24912.125717597362
25599.431189682058
25327.519318490653
25418.606927904555
24145.036869920023
24601.70435207291
23759.067039288537
23418.90509649408
23377.526042262307
Score: 9.745132550668597
Runtime: 261ms
336026.353494656
315963.82362725347
301421.7450964863
281492.8805285904
260103.63975122484
239020.25182994164
212362.66539055028
191269.805062592
179174.786717853
155260.5001335691
138245.33884531973
121760.37349126431
100182.00296169487
90454.39081498545
74946.30742043616
61653.194691137825
54877.86625975025
53253.69469081741
51345.4085793336
45777.32473410111
41983.44759243697
39564.269348086535
38356.785801870305
37329.84575165126
37207.73221439913
37142.27441122616
37801.841675304306
38095.52562465568
38556.31993190064
37932.15424059342
37676.586112934645
36516.74780549084
34815.90633680039
35335.185988518555
33975.03952491829
32549.510056693256
31323.60523163384
31688.74284505995
32143.775490976896
29368.019035373214
28308.72084600802
27773.545516755727
27594.437386847687
27572.660494965716
28316.01657045287
28096.658329129492
28004.227003882424
28247.248498021276
27688.20261731291
26362.187175436535
27362.660115568255
26112.9901026671
26016.868229668493
25747.704132278242
25229.86778820802
25125.34838561041
24944.68781883106
25143.285917975707
23648.507758962023
25005.709591773833
24586.910279113577
24861.96494445371
24414.970504903962
22847.757093638065
23289.087379839515
23155.785174309964
Score: 9.480979301507862
Runtime: 226ms
336026.353494656
305173.1961153766
256081.9720231977
228407.82896514403
204314.80579658275
172897.18845786992
153513.09849745996
135067.8068622932
127510.35163550096
114793.55368218303
104352.03164854435
94167.20188958124
91551.84896569974
84595.05448887487
78915.10547599614
67687.92440067713
66250.23903213513
62202.47407627132
59391.60273127569
53613.49654841534
51268.1696484291
46454.08839501696
44824.85324313094
39203.662469544346
36919.28850792531
37118.20605320085
35876.62873083919
35453.45997807216
36413.38082463565
33742.33995598967
33199.69880617758
32090.387249740503
31236.535919403417
29929.824985017352
29410.84497574478
28337.133731472473
28689.394839411198
29763.099694705303
29022.854845973732
27944.154439864255
27472.300269001495
28503.318232624755
28192.060845566637
27296.779858261867
26409.82335541926
26896.61858880965
26216.696226974127
25838.146250173784
25264.144476529524
25805.257424258612
24448.913542207367
24273.389773046405
24326.004096537195
23595.592926452162
24065.16491693712
24593.151064709316
24645.98794721303
23330.838855777212
23786.093158327392
23511.757408787962
23089.04107547659
24314.210000260817
22668.205171894562
22803.63043458086
22891.613504383276
22416.796083095724
Score: 9.667724662722165
Runtime: 222ms
336026.353494656
308867.02297393506
289925.9657709209
264283.26842002873
251959.2695539613
226631.85105745384
200732.65823454183
172560.10091367803
149171.05876166956
132444.62031239056
116476.15843902728
105743.8391480513
92931.8375785722
80082.27690698646
79635.35462214756
70135.09294078231
61912.496969719534
57269.546626027826
52333.36463647431
51261.6800538433
47405.69619449574
42444.86647187423
40781.164149751865
39246.98565237898
36911.49142094858
37500.77892319509
36400.80966048633
35812.254886335424
34747.09808041771
34552.21419251136
34759.990987738056
32219.19883301345
30298.096971894516
30630.58844105757
28998.616493309964
29368.181265141786
30134.714251876416
29228.269080576174
28419.655115236194
28754.749554192073
28756.61913040164
28141.49250511011
28898.396367653575
28595.58732816555
26534.073429495482
26135.658408205803
26320.214395391096
27109.11682477597
27264.405033696752
25844.549748875932
25606.48162121214
24845.300356401913
24696.408160573923
25576.347822153926
26231.046232416287
25867.55328490672
24472.01202286816
24731.559103654374
24340.47111280787
24298.341493020507
23737.340743205594
23477.3824106421
24862.88670201757
23599.769189996594
22298.356997025112
22484.057726228297
Score: 9.42177624879482
Runtime: 232ms
