336026.353494656
301428.144293883
257502.27780117234
219713.39917357892
170953.93430003346
138376.12697101536
109538.2687656579
87740.89143352331
72234.09645360622
58511.98976757358
48184.477901307095
41403.52862938895
37229.31754207947
32236.05307218763
28843.967628140177
26454.305229564205
24874.034226903736
22603.43213573903
20680.306458379968
19206.945328776637
18413.41655681191
18002.861368104142
16106.572440366357
15435.273772834344
15389.555122291953
15334.130163155021
14957.374107897649
14362.049146106037
13360.803642142842
12920.725856886034
12340.385844114735
11506.184147850454
10284.708926622183
9116.296568284368
8708.82277691452
8498.357865738493
8079.376237166862
7794.783053215683
7822.2621109750835
7701.430627811844
7804.927984159465
7929.007325132446
7636.09476998898
7717.173324443051
7635.868613579994
7484.7032360217845
7495.687954630726
7361.556761155621
7481.171362375487
7594.519102977056
7588.594247275888
7462.916309414191
7528.1464542265585
7576.305173170053
7534.614713147639
7544.971003735876
7655.189432447491
7350.938546983785
7357.6151810425245
7134.867430752242
7109.821188963979
7167.766852975225
7393.526046706772
7332.653102277766
7302.079029477861
7187.314853375059
Score: 0.14141226434481993
Runtime: 268ms
336026.353494656
294797.08755003125
258154.56347341716
217439.51651654424
179535.68578572615
144693.30721473836
120514.1615558644
98198.44409160165
78610.91159130639
64598.872153308315
49792.401553956624
40944.86492219377
33683.250640122424
28521.335247768893
23245.495816143888
19153.021295959865
16930.94521738016
15276.670280197293
13690.925914543686
11674.09349995588
10933.430199629924
10072.495550753994
9723.939099581952
9336.973065301396
8886.82681639905
8671.007982603367
8694.630445661793
8566.513499131208
8338.116921372653
7951.809521396643
7594.628792654249
7729.00756859943
7776.397901439305
7910.582394813779
7630.385385346295
7717.843459901612
7409.306340127085
7273.220385533485
7187.371311386747
7227.558350035261
7348.5825718401475
7339.317016081594
7296.338206123375
7435.004830893169
7567.3415026745915
7771.747111003868
8087.077589790542
7993.655263503747
8212.949681672077
8166.413574491527
7977.578886412262
7593.058507844095
7535.715525966796
7384.707988238305
7587.333486252255
7514.795109499564
7453.846721019395
7393.082571045188
7445.88738954244
7404.8124421052025
7428.449547014727
7614.209595527041
7559.791445566915
7548.444401686172
7587.668279215447
7524.146165573907
Score: 0.22604472464173797
Runtime: 258ms
336026.353494656
289675.8422555435
242260.32006854293
210087.02576342953
171862.11802632958
143399.8618408505
124677.41710773313
102009.56161869495
78301.90582957413
64622.43754560743
54684.168345804974
47483.318457416186
39464.16019731262
35594.59993337426
33125.35309563008
28581.007759661075
25743.275675538574
22317.153388904208
19961.49311810183
17974.41619424537
16030.894415371231
13546.299708292576
12230.863621199996
11710.791354724688
10768.142770329356
9588.752617279808
9148.274344406134
8716.987774769535
8457.329426819608
8601.870010714152
8410.51033703339
8123.529403819371
8109.631543639138
8091.635065033314
8246.76427415772
8124.841016867226
7841.73868394054
7728.8305390289825
7651.194494533821
7758.071957084539
7796.83244032892
7923.448873439553
7744.69951424603
7643.5635755084495
7448.152156890444
7668.962964538888
7571.47651864716
7411.178594902273
7543.137429615421
7808.048291293291
7425.035041713314
7442.465926241396
7658.654456159649
7725.178582601634
7500.339954140285
7751.63020795934
7793.993797609471
7957.561851220038
7658.4108360605915
7755.361536433366
7948.537002466473
7710.038903993236
7493.629779401252
7634.8644559661925
7435.386922973726
7403.227468842226
Score: 1.9118178221587958
Runtime: 254ms
336026.353494656
294371.79188859125
249250.44528402406
198833.37862584498
161381.1341741742
138129.2187108417
116194.35566356967
89972.87611809117
75568.13525341515
61930.13449087084
51523.08069686045
43719.04810825013
37294.06960718058
31653.868206769865
27460.567123006473
25303.71216369534
22375.62288433458
20403.14300438268
17936.56270134623
15325.184633489052
14200.714248525104
13053.896592861325
11943.720901409588
11069.8925206753
10431.953281353193
9693.594133377288
8731.22780428179
8608.75234494671
8218.959854643213
8021.693169382693
7845.866624591797
7938.91229381132
7939.013410517222
7941.954538848318
7939.326118570127
7785.100364003343
7794.729116982005
7832.745749876809
7651.4944948815355
7553.3793383723605
7411.638173668352
7300.903620002004
7670.743802995588
7708.679245851689
7781.151404470372
7867.450602980421
7929.538703151085
7823.219271229972
7716.864801446099
7719.494917904652
7528.940410655245
7151.997876577344
7181.19718941188
7347.770680511715
7414.533497656057
7428.454559134161
7418.54005406294
7832.838387877083
7819.82350122747
7468.700013131476
7476.663564800388
7542.760319387366
7444.380829754198
7477.081793130751
7410.98400172796
7085.138720299243
Score: 2.6531158968349313
Runtime: 279ms
336026.353494656
294847.8510817837
247706.41853305342
203299.59372121852
172433.72281860435
140930.1309035555
117790.93632856925
96382.77246589796
78540.0293055404
63774.35169711856
51448.14414842106
45461.2595687896
37719.61966140842
33555.64030389937
29254.22188565023
26179.192815428196
21318.092927895283
18271.574081830855
15984.666025754299
14129.364187834393
12401.271920938585
11280.952379564797
10423.924245580998
10152.961132864639
9645.628647058453
9395.575603934396
9271.072141428112
8937.048527839306
8673.28855465078
8382.106738108012
8141.452863048568
7896.568598071686
7714.39020127173
7622.660055977566
7703.165458229896
7658.794656965824
7612.947774894126
7489.049672238373
6984.179154909983
7029.721142891139
7264.707782673801
7398.785893335921
7361.9487931526755
7396.679878517515
7516.740410334654
7555.803896712211
7697.145457915112
7760.415370447892
7509.17769526903
7557.847931305387
7708.5846898590535
7662.88773040771
7713.6706611746695
7811.231619093944
7719.429007143327
7505.182292788576
7751.140648105276
7860.018401042554
7887.95040394042
7887.3122761128025
7874.50064889794
7443.048685672283
7462.094461308267
7699.024628776326
7973.862667407459
7965.575362417417
Score: 0.5156458216293759
Runtime: 276ms
336026.353494656
301395.93174615945
265458.8864544369
216149.40574185213
166990.58019190718
123486.23006008563
98984.97268404195
81508.63448604528
69092.39044015396
60540.568484910626
52537.51889112182
42963.24157629381
36706.26094741213
33000.57793715545
30817.664117071057
28031.361350193107
23229.178455947484
21075.140176710403
19025.14011713278
16761.210672148984
14741.600595472304
13367.8904326939
12231.279116904538
10983.665935381978
10319.491395942416
9936.04238610303
9796.675274306714
9534.88484666106
8939.410915548277
8698.460700301568
8499.783199097219
7978.346878690656
8020.688770859323
8047.732447387439
7708.524944845467
7940.70600994873
7886.595043135313
7831.200590344768
7735.4452259677
7721.219807774317
7874.540189931384
7969.670759004605
7752.354059174021
8152.57348361873
8007.870668950366
7990.63468766648
7789.393857753065
7683.839602896887
7658.385593174269
7698.7441989986755
7393.172663300334
7212.202584978729
7382.004280431161
7440.5845546504925
7446.072161535719
7387.1051253262585
7593.791967590635
7580.170671096484
7474.990959331287
7636.950633315809
7663.07901348104
7737.973196653087
7605.795782385095
7452.965766308991
7579.621254685822
7470.711058338573
Score: 0.8122993101674182
Runtime: 265ms
336026.353494656
298023.6467345565
250511.56994264777
213407.17203013797
174508.24440791926
140826.16454901814
116647.9130259966
108384.87266050227
88358.71197697325
71558.28906370842
56363.96483951278
45790.862652857984
41263.372694597114
34190.061008802004
28140.8272537871
25428.772891628327
23274.76556635021
21595.99841864614
18344.14782790267
16709.142057562378
14985.878284409
13830.1198463529
12280.20152313963
11675.523137875174
10366.605145187767
9692.666477101655
9653.597755426683
9327.226254140814
9043.03168213874
8583.281095686301
8529.46842790312
8193.224721939348
8113.061799109445
8055.452923443655
8074.525774601373
8019.36009226342
7686.56391784288
7627.596681835138
7450.562911114617
7657.726848098158
7665.9891546379995
7804.179174201138
7596.137264132883
7525.894612454527
7734.5113046776305
7502.876241440009
7794.638212791702
7709.422252955579
7469.651171955407
7661.936843258035
7705.546834448449
7577.966433186745
7368.199178199645
7429.450282422277
7400.408540678185
7463.965541764145
7627.173104192193
7451.613281189722
7675.9965465031755
7745.357198670452
7704.425570393598
7969.928735474094
7859.8032442198
7547.80747706015
7493.800029653213
7437.48572829089
Score: 1.6459418526726768
Runtime: 242ms
336026.353494656
293295.0262787725
253075.06557219318
213146.98960411246
169353.17411643238
142115.72223530745
113807.40654801855
95088.0048989258
82570.90695220939
60354.209299968854
52751.1672145611
43264.14612785599
36839.69338175852
29676.540297793523
26157.369986468733
23007.933232503994
21294.576472061828
20005.797280816805
17743.538011907654
15811.949430323157
12934.86275872181
11981.350469658044
10973.660274280466
10501.93366841817
9943.47459671522
9468.683287418284
9198.297403846902
9011.632463643586
8739.792947915612
8440.930042505788
8119.633529027788
7792.955003822125
7695.668240510879
7650.226322377207
7503.921594914849
7398.467016909141
7544.839668642644
7528.333976324231
7398.149524926434
7479.382143329096
7696.293735448582
7335.2722979183
7281.978212550851
7142.631677086862
7150.513493551904
7347.445322644275
7703.206044160592
7699.498060041433
7863.5569169196515
7782.506801260153
7592.375736782284
7537.259537052501
7638.364130097179
7658.93484806008
7817.464774857451
7851.485361193477
7678.560887927622
7587.2064868612715
7612.396185508143
7258.402285363434
7260.317839295718
7274.133560886138
7305.782634574797
7633.912656275975
7437.182382449081
7263.767370504112
Score: 1.1572568751981103
Runtime: 222ms
336026.353494656
296065.2586526762
257444.94097760678
221517.04766255143
176837.03737645788
150312.0842061579
123017.3692524166
101565.12096306801
85335.20048840276
68639.66768662883
55448.08784232844
46914.97355305628
38703.67929251432
30982.426870077423
27617.896661098293
24473.478850250132
21050.88499734628
18380.373267249015
17529.23513954233
16813.427952761387
15869.214666799078
13984.906838306239
13135.143040265446
11990.879832903123
11323.186615620685
10555.395869732269
9796.23330099391
9022.572371514107
8446.818276862885
7924.297778074362
7916.317541640421
7517.739005367646
7821.648402621641
7999.399536930079
8048.885624260373
8133.580855739275
8161.64744721845
7912.764949236819
7658.1490880013225
7801.643074216412
7612.517615316487
7765.4471391252555
7587.733942879655
7652.690033468074
7602.054777596555
7539.276138249976
7729.616738449755
7500.110911545533
7495.173419163842
7627.383994621929
7636.77442730324
7818.394940270375
7860.197105233703
7706.9494162663805
7569.357089011967
7518.132532879884
7780.550679025294
7634.568486924535
7922.39411612108
7660.585129878242
7527.837636779803
7441.534065635004
7231.545442853368
7342.318618265135
7114.374819374907
7329.460938754376
Score: 0.019134375386084014
Runtime: 284ms
336026.353494656
291734.7211609793
252832.51318266004
218221.68256752676
182923.76105218817
144527.3226289992
122425.82954384216
104544.05223192617
85398.08876965479
70364.39040517164
59095.9338375019
52507.47909403908
44474.5573569848
38549.23117895991
32388.626879480984
28536.06555213116
25315.19448390449
21853.65618360994
18963.194808395292
16403.013420762953
14290.508394050534
13139.665264600479
11718.39832361574
10734.923990755946
10078.919985937266
9628.727277695778
9179.371095072649
8826.016008268067
8704.039783476595
8227.401175402654
8189.9832423976295
8205.552342852936
7944.543366104865
8174.651377772176
7932.635959548099
7956.068553438683
7833.882794327042
7986.595412544642
7921.976176215224
8048.9655568207045
7880.746605144487
7994.300652223957
7906.837801483756
7863.0799378471365
7696.3233130109165
7503.665385655952
7275.387926018884
7304.275448525937
7646.96656634688
7763.688451368549
7770.873510949248
7740.538588112795
7916.367453952453
7932.115777803403
7984.391695467578
7928.528037230301
7702.517168687736
7368.527384565605
7412.2822506291395
7605.586688925938
7492.015076523019
7693.409344199552
7520.703969678876
7710.664054274188
7572.582616619207
7121.574808089402
Score: 1.681249295038193
Runtime: 232ms
336026.353494656
294905.04528582125
252434.1499174832
212119.30483915508
177814.04533382494
141924.8159667644
114377.42947083972
100156.79262961463
81170.31817259049
72701.4127773852
61424.79579869725
53401.21783207053
44164.22948242828
38825.873569119845
30798.041624239413
27591.501624046417
24022.341126112027
20383.810012464208
19008.05446792429
16591.415088567497
14346.594658198783
13190.737530879062
12096.284072827146
11702.007845689797
10715.17618937489
10393.642290164653
9720.108036338355
9192.11089822496
9018.88590228678
8821.636980002333
8685.77041732136
8306.45064308773
8175.779425427981
8097.491398760286
7819.843283506037
7850.267342150365
7574.117923937886
7643.005185294795
7427.982002056222
7413.602982118514
7324.991364457829
7306.489880232148
7189.925006218079
7236.883805232719
7166.17283100861
7081.95119269696
7034.795343893662
6946.6609818886955
6959.645308814374
7188.853302955553
7303.277260925556
7343.205081517268
7377.055398781818
7423.816627515025
7684.410547674574
7775.208400005485
7666.545228822847
7516.206061302073
7422.482006439889
7563.239805050768
7505.861530432993
7523.631107723529
7622.724573384778
7780.76499479413
7899.161972766418
8105.671206214134
Score: 0.8216663809270687
Runtime: 226ms
336026.353494656
295184.4645998483
243485.77060585728
201258.87277192777
164267.55559931733
133984.93680368576
119767.94744005155
106025.60062835686
95406.65049748757
78968.88579712166
66945.3698291281
56599.4864082303
49933.31373827338
37229.75505202965
32049.256693470274
26763.951841031878
23861.90659504234
22695.986853210063
21031.131449473014
19452.42907187154
17022.916043847526
15843.490514676774
14699.954721611399
13535.698556187917
12965.481973357508
11972.187692468244
11585.311206069495
10989.263086667821
11191.728352153614
11031.686529689965
10591.004088646625
10223.424543293857
10087.355278312958
9800.808156597057
9682.002974661285
9432.312770233568
9243.987113936942
8740.696438874282
8715.098800584765
8658.37075042161
8337.264894204605
8336.002613803532
8424.999509212408
8356.095345709595
8295.549820281707
8106.487165700302
7969.958412850669
7896.107160313609
8067.3514366915915
7888.763653478342
7721.218911812397
7971.497323740302
7721.483976548989
7511.183962462613
7521.057351456935
7549.114468556719
7568.628447834837
7526.576066048607
7485.744282172316
7482.670564190193
7559.3153377657145
7471.710964670407
7342.357784082583
7482.858797407847
7787.457379664815
7620.638492087681
Score: 2.7086647011064215
Runtime: 264ms
336026.353494656
298253.713001113
259224.64340833313
207794.73687546296
174464.88199411338
143566.8260077192
115374.6166704932
94223.93658696371
81920.0897341689
70416.4519219012
55821.19387898505
42554.37296257578
35947.663253678984
33705.48064887933
29665.359837395823
26772.30064011608
23241.375093392857
19905.043663870667
17620.762424800574
15849.202922533019
14057.278895355508
13046.235829920952
13039.440448436224
11744.805941255438
10659.179023328845
10063.492955075857
9568.615865108311
9020.079957446187
8497.96458338412
8324.235282796533
8286.570294581865
8335.521669200627
8107.77980126369
7960.051216970721
8138.728171867965
8304.045789812844
8350.88179597631
7938.809613345351
7791.668294671001
7600.108114468394
7635.077792402671
7574.769791290262
7363.065867016215
7469.83099490996
7308.197817382009
7256.003123267135
7373.111602801007
7464.06220884604
7445.552902098635
7286.474981319284
7362.901102379737
7593.460316486456
7699.8267125114235
7726.853927402389
7652.59561899136
7561.95035959009
7500.268926789355
7318.917718536243
7598.17758181457
7406.969642015755
7655.0698081778555
7755.3174182813855
7645.325128594478
7521.080099562094
7666.753459865007
7612.5452633515215
Score: 0.24165422510374485
Runtime: 283ms
336026.353494656
292761.9420376219
244094.77309214158
205072.49399556065
176672.18931409498
146946.54257140268
114365.65588835503
90620.56362901091
70029.81892546211
57265.225381278055
48042.61728372163
41284.79312151147
37686.15110010379
32047.75819238478
28406.747191745264
23943.870145038054
21024.33370738791
20079.51043720204
18715.14786819505
16876.489209231524
16012.454783348314
14241.368390988895
13226.345899216902
12983.928342905781
12136.610857466163
10983.144658389385
10523.039540471214
9997.16742067356
9183.383369627296
9266.991187606578
9073.92886453618
8810.988643525097
8520.63110515303
8605.779680207543
8773.58970136346
8247.801909452643
8310.354197217352
8192.961789645355
8009.809266204774
7869.7878200700625
7550.574912261763
7686.226764745505
7492.73383702034
7418.371251934733
7624.23537285797
7394.753046113619
7447.22813298682
7587.0764741134835
7698.34339386417
7725.500291889637
7900.267370078849
7510.388861301806
7520.483819383036
7654.745495739421
7487.1920744061335
7527.691576743453
7563.571181669634
7707.819700214948
7617.904280848591
8060.825214217317
8328.276801644728
8067.491909730834
7844.481410356203
7291.106035775821
7438.4931753052715
7385.099756632349
Score: 1.4766070892847547
Runtime: 254ms
336026.353494656
294927.59563733655
246183.78534064605
199777.61829770653
164234.44731764589
139343.0682981789
119242.32712748549
100245.13499678463
84552.55592490226
72242.528894469
60756.77141304627
52661.78029025124
43602.26602918153
38104.80248092476
31032.113112285184
28508.715995637223
25421.489686114757
21720.184245408767
19299.91426910637
17189.0543617211
15240.971843415438
12855.20695370533
11841.925985270354
10854.753209371182
10532.823532299491
10029.06150468337
9600.35604636789
9636.58370354532
9534.751678338213
9131.331741716136
8708.64351116121
8438.124851879425
8379.420273562384
8311.777584282563
8509.746715117119
8730.196863224886
8110.3091991618585
8178.881019501398
7882.920176227093
8012.905677428782
7839.82553497336
7915.4411647422385
7940.408039615505
7773.187783313525
7683.876961164501
7627.335949523917
7651.58781106074
7710.60271947208
7862.224571250967
7803.90838609723
7803.896011511979
7728.472376742181
7515.019157722847
7591.077749338624
7205.89592958933
6989.201824691559
7159.24018668872
7310.9030816868
7266.052450229858
7181.400220223842
7173.505168276334
7147.123691441656
7135.711810701619
7541.902894476256
7658.948047579096
7673.076485112182
Score: 0.6200213144654749
Runtime: 292ms
336026.353494656
293429.803208874
242402.23938392734
207604.0787751045
156441.56625612173
126689.72082322821
107106.53464449834
91355.52555985181
69234.43938519264
60208.812747969976
55222.920395109606
46184.20267306919
40387.02649843669
33790.82073727252
30444.426279279895
25639.01795645282
20251.04918611731
17704.83723830889
16306.06205480027
14107.389132148042
12505.20629447678
11472.35611352089
10873.303630562019
9900.453566133425
9318.927923054162
8978.587381933654
8760.84521252219
8705.709117268598
8795.083203783954
8461.799924157462
8071.344851820237
7967.38502098286
8286.383332303596
8150.600623690196
8048.621901936321
8148.8091499759375
7933.206912388627
7791.1066114393125
7798.398894667795
7618.966753791754
7582.157098973596
7353.181445188497
7345.258259351538
7351.195842062183
7480.735025231091
7603.664882699845
7779.544114663402
7873.341756239734
7774.7349253695
7765.445941344264
7619.7901871630565
7746.3234225322285
8147.577332311985
7923.429101428209
7947.870231103603
8010.857135897605
8028.373637032422
7888.163356391419
7475.769719150769
7553.736199391075
7718.667625899735
7715.03318941446
7860.15088075804
7732.755309546406
7988.980800518009
8170.228759478945
Score: 1.1958589796570567
Runtime: 266ms
336026.353494656
288609.561854375
248814.1712828565
202772.86055737175
174852.8034032225
134225.55510117195
111334.23899175768
90639.23358497233
80879.24150856916
75230.46335958574
61968.08187674025
52175.51031162611
43130.90003614084
35596.324669362664
28660.241397032583
25307.4577829929
23876.044230335097
20754.29511492495
17062.29016269223
15151.935271028888
12952.739407616991
11873.7135161234
11052.562327780768
10525.692401925577
9816.540998347189
9321.486621180264
8570.75808389997
8344.28346037581
8060.132925278476
7966.964507175929
7789.878808127505
7582.936762305846
7269.130816372095
7363.409904875082
7371.582131087611
7673.8690913894325
7610.175404909088
7495.699753994171
7399.707416037897
7433.411040805205
7342.2996503875665
7417.151744652559
7637.499070734915
7814.613943858394
8007.018334412437
7659.449379394621
7815.184624030319
7572.004724866249
7696.919720397751
7581.776159788584
7665.541616709294
7656.000300576564
7787.164012236298
7601.583781917792
7716.717241272511
7656.1018635879
7708.645753346708
7360.445975852999
7236.7259347136505
7516.405462705531
7516.452320117664
7463.361940435948
7561.891603714971
7797.070968040526
7558.338641069443
7577.199682335064
Score: 0.3654739896440593
Runtime: 266ms
336026.353494656
300577.3478446742
259746.11860312658
227899.64172249942
175288.97478833163
144376.43593263545
120823.10375228926
95201.81218326282
84008.21541976898
73252.19772617465
66002.52132015215
57731.47728416397
48398.15450110876
42671.514071304766
37466.01550162392
31311.813861234063
26380.29068907249
23268.432845244795
20657.042012873022
18368.94177021623
16753.866060622644
15406.24120785788
14316.153084697751
13141.159620194609
11790.860705829302
11074.066624019457
10867.526227556047
10110.965071725921
9738.389041422412
9501.565056249414
9222.944494549176
8957.123732807484
8800.089686858424
8639.305647623749
8537.477167952471
8134.609971466377
7907.44017763272
7812.402709577326
7814.134305254287
7824.154033741499
7701.338995887703
7562.0746851682225
7411.722344746274
7485.552422183925
7383.357477524593
7038.100984762108
6825.323150369949
6869.732781033858
6810.074820886705
7114.185242960152
7193.201803175975
7261.739897877201
7633.493123166752
7968.060358327272
7927.608112571272
7758.513595754055
7658.356814889979
7914.5436505518965
8070.905514327115
8049.912692191583
7901.188208620761
7736.321895517514
7837.864132942549
7563.794640188773
7638.286965859263
7543.480099220368
Score: 1.7768796161552356
Runtime: 231ms
336026.353494656
288979.23998979176
253050.2715829964
203066.45960302505
164487.74879531554
130151.92387043055
101607.34510828958
74007.47730579083
62330.13742153739
54134.851515469665
44355.54333514003
39253.32585111267
33144.646197299684
28527.0983021987
23900.57357912973
21472.32452093802
19355.092066210684
17334.373591444208
15674.252217436571
13932.004434296485
12420.622478933257
11399.160748123557
10470.373458345806
9548.213029771316
9301.327083509663
8881.339492749392
8582.87738424732
8157.6225483412345
7935.173456309013
7716.212197531137
7513.085735366093
7577.475080171237
7525.6383855752465
7504.834277887532
7215.97742468184
7207.456756919393
7351.135960170705
7290.814747213058
7230.500027568995
7236.094966335764
7276.6551417605915
7122.35732421276
7073.877442052758
7043.3085873683485
7097.541601238152
6997.607758527955
7015.543483408901
7058.744002231078
6878.312698052948
7284.477730787106
7286.8810450734445
7443.149884329143
7388.073261092492
7328.834933116601
7385.824228011579
7467.911451958678
7741.5050337220755
7571.291486005231
7468.459015078945
7360.658962252364
7306.223305205763
7546.150042965196
7435.4690103001585
7203.691498412981
7124.929726581136
7399.091541555998
Score: 0.29777974101753096
Runtime: 263ms
336026.353494656
299943.2410935202
247738.34587125495
207988.4561452003
166935.81131274605
127021.31343989803
104407.98850403054
81268.93317687904
65207.462366334046
51316.86869365843
43837.13811997788
40548.46925972708
36678.37780931667
30550.707827156908
27793.27091719125
24672.139905539414
21558.960261348377
17851.912860073953
16728.364385502082
15172.892501875609
13692.00280456297
12274.531680109076
11554.888379944176
10282.337685602759
9416.953194408514
9040.262326310318
8969.461856429407
8465.54427306273
8162.365578334916
7751.9889385691295
7791.297808875518
7709.018724127957
7644.3230658333705
7513.966469386443
7484.470849655027
7390.9253523537245
7112.770592407538
6929.0104781829405
6957.926287022566
6978.942374096659
7018.405961273062
7052.19790444632
7188.623733314765
7101.4247078148865
7382.079667017299
7519.396670970277
7402.865012812344
7545.451233332394
7728.097120973926
7714.4847277060035
8019.7961757323565
7766.542579218267
7792.184078471381
7563.9134709404025
7241.868753428446
7250.436624503359
7302.685519461435
7250.073751952396
7401.3782201255235
7463.531693818714
7323.482425971116
7215.835638878954
7181.418100248976
7339.934218994809
7490.797102917585
7426.883413133644
Score: 0.3909624144979861
Runtime: 277ms
336026.353494656
291560.25915734726
239501.92089358106
208833.0414417351
164201.7260984331
137469.03447117272
110161.68976410244
91964.5897978783
77915.35759807334
63688.66908938902
53946.171587575045
44805.38280065367
38247.7934061596
33732.568905577406
29811.077484744415
24854.99763271634
22037.58589575855
19179.252252095128
16770.488107414094
14711.276931134507
14094.92108178464
12572.752009299198
12220.747982557044
12046.941109778716
11182.767351268581
10826.040289950775
11016.47804080964
10179.782402677885
9674.294359474794
9054.497212520357
8467.297260548752
8404.882916771907
8471.86322982688
8224.119031081776
7953.856176983771
7776.366649783003
7774.307634120624
7547.521179568249
7512.202512426452
7569.4999174652485
7384.145844642502
7343.174229082316
7242.824270354107
7256.854256398596
7178.866195899077
7066.4376806427
7118.224455360268
7110.768759631789
7174.907076770625
7319.959832536867
7309.460666945307
7399.254432094693
7269.141694238791
7343.033297555789
7354.933212359976
7372.86576377163
7088.07172056045
7448.776753811798
7568.498219736234
7498.074798920096
7245.81367975128
7295.398888199614
7374.56469571199
7342.111974683484
7472.518277773378
7229.230344112761
Score: 0.5104419963649025
Runtime: 302ms
336026.353494656
291920.71678857587
242973.52363751506
196997.8251201447
162530.50484930334
137025.0302085578
113315.74007610594
104826.39362511803
93437.58139452328
78924.77484931714
67055.69084981948
53996.904421109015
44270.285162213215
37693.57273282053
31444.697256085845
27683.72398133265
25181.12444238358
22708.116669029885
21916.47915858641
19858.876146397215
18994.290755947088
17211.618522626668
15023.099710734134
13392.093006136034
12570.341980257026
11108.806629297604
10204.968781575624
9770.89308591575
9587.110980894187
9547.472231814105
9318.463900516526
8820.701750364555
8472.313619699009
8342.929680852752
8260.917866039064
7986.40297085853
7681.149576064246
7595.131274997913
7868.666251196047
7692.725833639825
7432.387254328688
7439.582713820078
7425.216535271647
7719.701916047836
7570.356775280317
7561.176841361462
7635.558424105102
7620.437570128209
7478.3097735589
7128.32293739248
7260.98794185979
7168.547286775454
7220.136377559971
7254.6307469374215
7006.503737954098
7061.149577767288
7037.292357825867
7060.58266174701
7108.181900267062
7189.1630210005005
7516.9752460511345
7425.05999885366
7275.846603546608
7399.640294168525
7462.744427335407
7559.931036274442
Score: 1.2987602907781357
Runtime: 256ms
336026.353494656
295058.43622051383
245152.2449161786
213038.21942037117
170343.21330785818
135295.63594544478
109888.1886811688
90680.91337039236
77410.37625366542
65554.86866581284
51875.431521511025
45881.873043454114
36704.027810951105
32521.263035279022
29121.079737535503
25304.412839439367
23059.287196041856
20083.451759658954
16857.451298183463
14912.063173739876
13969.36410318715
12606.06229262704
11923.758779594264
11054.407525376977
9933.383380760595
9529.071723296847
9271.796554128783
8609.983306097645
8385.748238322096
8330.77716993426
7775.198896532001
7763.768124565926
7569.026140041505
7630.109458335268
7356.202955056097
7421.580834675974
7414.479883239923
7459.31617417758
7255.714827440463
7290.7818276814005
7297.407912441709
7390.198180210329
7530.655029942923
7574.578103576185
7533.90796227784
7420.911176619567
7415.324193258894
7489.861417001711
7324.580359546312
7562.898176136533
7560.912710449995
7843.272365744645
7921.278178175339
7846.056941955281
7877.548820018464
7594.248825814624
7468.79628446118
7645.50237075781
7824.711193039652
7636.832748694826
7921.17231290263
7938.874370391344
7831.912825113436
7944.155375995308
7892.690377937213
7926.070328047275
Score: 0.36485986851548724
Runtime: 233ms
336026.353494656
289617.52311208675
246195.43824000613
204977.28981542846
167076.98109717717
143289.73618369666
124908.2609561347
114153.48378635616
92438.99797169064
77517.26384394172
59964.73763395923
51034.692578377355
46161.19235079939
38091.20384149841
34236.644935573764
30951.90351137094
27269.04954338915
25291.96618516386
21380.147662112722
18766.2292174908
15569.733662025526
13924.129100542212
12322.025161761047
11940.118929119611
11896.240738552171
11434.596993625637
10913.950760138048
10235.426973621883
9958.588066950027
9132.191028467138
9034.72744401715
8441.413557219734
8298.040521755702
8101.922233931254
7847.868845266957
7642.535664363201
7596.968007254928
7427.402212135832
7427.648133829269
7352.307000545502
7359.065638558828
7491.942415741847
7501.365927138764
7677.482397104388
7640.9936349063755
7706.577678780092
7743.713888941593
7755.680250855951
7677.795853059755
7616.542555919264
7323.73985849226
7547.573744438455
7553.831667714557
7480.209991370837
7622.320306471137
7381.645087053332
7426.404416162773
7432.530319612084
7517.740135283176
7742.222669848256
7517.536244528797
7447.680349254047
7173.44762021064
7392.8603149624505
7356.880448854472
7278.483552850032
Score: 0.023021473872246866
Runtime: 260ms
336026.353494656
297808.3175119879
251579.80879094964
204489.8996177411
165774.79777657654
136043.20983920386
107172.36198643557
93482.91616851941
81695.00229515694
69427.5557016527
63013.395170732016
58259.371557110164
51647.66285410717
39691.05878233843
34193.19620455074
28671.218165740687
24492.84335001819
22001.49964224248
19339.183722621416
16870.092611360986
14566.842190922587
12789.440122689042
11995.362710452437
11204.82753643307
10864.026563691352
9340.4247914671
8975.026379809593
8971.62357256989
8715.667940203108
8624.398817706018
8684.843353656343
8541.478836630893
7720.940033328857
7329.6143956159185
7713.959949374091
7620.845622947507
7842.33375395911
7534.687811831688
7558.3348348100035
7669.693804659212
7892.992309774255
8081.323756837923
8064.73826740008
8007.405830504355
7932.42719824258
8085.191141252359
7996.711437505031
7940.083247138105
8003.302440695061
8063.085022900742
7975.670135460929
7846.970877383013
7708.918546157627
7460.480578197132
7481.072400068111
7546.989012248214
7442.795839503912
7311.605475417794
7277.250790607174
7259.6445264484
7380.003953609235
7568.750343923701
7566.222998554673
7270.334769338472
7154.06415710609
7467.443334318724
Score: 0.20601421698253847
Runtime: 232ms
336026.353494656
287844.0064238953
241409.02710180954
194345.47463439574
154664.05925689763
124074.36864210415
105686.49219704076
84339.02394474423
75173.42230759887
66885.75927935385
56182.52991203856
49540.29202489415
42361.1514150823
37017.69032253088
32471.08609884852
27972.39183777632
25154.91095667499
25408.967013982714
23653.349894538733
21096.257257278878
19366.799874998153
16254.519329045583
14329.886901482874
13331.32671764716
12253.558591809853
11750.149596823578
10774.524083268234
10527.565251376598
10082.112259336014
9922.996601053104
9415.997316839092
9557.616817671007
9175.779605131014
8778.098962442173
8414.879869733562
8325.487118271536
8202.099981237596
8099.885158816354
7869.180908653654
7865.237753608122
7606.063877214029
7497.2555714744585
7624.527521540321
7572.167037145782
7571.626648808006
7771.677913311775
7410.599215329455
7337.17870141706
7533.1139664296425
7571.129552916997
7559.145012193314
7659.757172889414
7698.770452230897
7599.879944988264
7732.13185955737
7689.060701277559
7717.61624304969
7617.454583803178
7567.365040076887
7574.295826084924
7367.038926512232
7313.888531122259
7232.5519322531645
7292.087613548399
7148.71569645458
7131.359506430105
Score: 0.06282649882736616
Runtime: 277ms
336026.353494656
290194.5392009351
253171.40714011955
206332.62300211462
174834.2913834563
137181.06111108666
114125.66854000397
92306.4858298146
80625.10340895907
69920.75079463111
58126.2195180854
47222.30057647284
39812.76897971389
33917.31123140137
28460.942601099097
23706.885197551317
20533.61838144919
18670.048489821715
16766.22140292398
15340.013570618949
14072.592417948805
13252.41656069859
12290.11163606159
11024.949994692153
10609.88603196624
9011.155705313879
8862.037581929706
8648.377947559195
8605.578673270194
8270.877371623246
8019.543429281708
7925.984869494957
7669.828469577134
7469.683681548449
7426.512217655587
7347.583930567773
7535.549598401312
7449.402647648449
7432.318581655798
7519.928277574566
7524.831817031668
7379.4334679268795
7452.912427002341
7505.335559321703
7615.531305668621
7725.013810125161
7678.653017683765
7669.466342759868
7781.5314437368825
7826.284000834562
7842.477916863274
7988.527782685745
8024.173620140554
7919.827419293689
8010.264086200028
7646.958298316436
7443.479148873121
7567.850594581027
7880.983893113196
7759.7379778763625
7850.8415207864355
7750.607296217797
7634.2672084807145
7667.395577751326
7980.559775234571
8082.648694724682
Score: 0.20702697555031038
Runtime: 238ms
336026.353494656
292709.1108417259
246752.28074505998
209059.40155415284
166730.4303561505
138803.6984562587
112056.92225983519
89865.11932324654
71422.13084418027
63768.62818995211
56180.02664712108
49496.66883741967
45009.82814457619
36993.04717704664
32398.238929720937
27721.75801920783
25606.03785944605
22031.543581896545
19675.7171686994
17428.92646956218
14682.885379315181
13584.909639157604
12329.479525364344
11671.054678539242
10589.027521945938
10090.718843168492
9691.39001918917
8784.90287246759
8574.510560955558
8404.939062842532
8391.017783350133
8220.699176036633
7843.356862079588
8039.76115715532
7926.314237265427
7594.7974308746225
7621.193250800906
7560.79089119644
7333.698188983312
7298.407617698362
7482.729198802375
7602.981314745817
7834.920470091793
7731.317668079755
7486.14911200166
7347.288969363982
7539.276202377897
7453.009145066973
7340.024342461606
7385.98642630019
7272.19999694888
7271.966931868008
7302.050649838262
7475.559427193599
7329.171284915562
7321.15691515308
7327.88946061682
7360.469576622172
7310.562388831971
7583.3259394335055
7505.658621291852
7463.265628395236
7429.089857021798
7283.170664772269
7357.305093468059
7402.648317903065
Score: 0.4335499158407178
Runtime: 258ms
336026.353494656
294579.8121303577
258957.07124797074
211488.80505544104
178566.05393077296
147998.84928874628
121532.8821929623
101628.8829127382
81373.46903044362
72949.45277902571
63860.60580194619
52371.89477896923
44438.99077923592
38154.74508818774
34498.233489490405
29938.962952244303
26217.489869115423
23038.622087355165
21608.38708859351
19568.907090394096
18918.572095186853
17176.023537815672
15298.304889919169
13771.616547257803
12764.426730579202
12511.279802495299
11501.479113146028
10833.639167241035
10195.552240042489
9348.97696210058
8772.18789885128
8287.992622641157
8173.657029060589
8011.74854990382
7725.4015206043005
7673.142058329127
7837.893638739647
7697.775740337948
7736.02579113986
7702.405312039098
7583.652025474429
7299.793409695467
7137.958329159966
7369.879961504019
7415.047243401162
7559.282939776478
7736.01720361733
7747.157738242769
7541.604626754086
7461.762905581373
7707.664958306717
7848.955741840332
7597.91880345057
7701.265125586327
7688.815350093862
7635.479573919994
7572.933522758384
7736.1874168749855
7363.7539937321635
7263.092292460535
7200.965590682411
7297.731628962564
7322.312638330876
7462.502585218683
7463.744737309802
7529.407918238837
Score: 0.0297147600630468
Runtime: 232ms
336026.353494656
291337.75039471046
251352.19955427857
214756.19317813826
170621.28952344056
133772.10095509377
105457.40604588951
93591.68638124519
81382.45091032155
69141.03074182427
60794.74572051356
48562.95654274206
39575.56491126868
34169.0562904537
30486.247369282257
28425.481203728814
26341.79298560541
23968.144381910606
21706.89245706013
19136.699089333433
17493.612528152957
15694.751973197248
15072.656349889749
13877.683182807625
13777.943264697344
12947.514523955328
11850.173053378445
10847.122692866815
10429.76399087161
10261.586503792249
9410.311187509877
9051.580886744288
8764.15486590232
8256.024567453003
8159.498333055563
7928.725334302316
7710.009327254843
7740.292889091601
7534.85452974596
7333.8933036293265
7352.9349149118425
7402.2613750402215
7570.8089238786615
7439.369823060027
7624.47425830189
7756.83403328986
7658.635084021917
7599.497997970983
7636.718621748671
7426.314885216147
7440.299366016201
7667.984064286071
7454.683560369671
7354.774532498565
7352.193771768855
7520.215563860173
7511.755896111381
7553.364654212778
7662.49372693616
7288.1011206812445
7159.896199605082
7537.350678558969
7499.306512099468
7441.480763337458
7274.283734592344
7347.643863065949
Score: 1.3551851790459148
Runtime: 264ms
