336026.353494656
330785.3314794494
304708.4845060835
281676.60967944347
265786.4643264205
249806.99687742896
229990.29715492667
214364.09822755476
181172.4730072979
165632.8777818365
152007.11266284797
133226.93714879596
117358.19427909229
111377.20996588192
102965.24714327336
101344.94535009896
99363.75770925112
98689.79574139617
89287.52260144003
79339.61631929222
72514.90659947028
73360.21970135627
68580.79266713616
65696.94232497408
66432.07104823977
64929.844007078085
63162.712593998935
59926.093284409384
58379.68295049226
57861.01135133828
53987.883967260226
50898.7184438708
47989.03547515119
45498.16270103752
41167.86842055845
40563.80965958385
40117.40328847607
38404.60351393359
35219.13149200415
32907.76021648036
32777.66912841796
31791.490272761897
31298.44211157558
30037.7864038892
29525.669884448474
28258.53655704323
27808.092774820307
26848.468847250675
26036.645826524487
22501.989675845012
20159.4145841767
18535.65587214259
17626.310950868792
17808.343177765826
16529.215723203582
16338.698695968898
14882.757781505554
15761.234470074482
14393.691540627808
14748.197839711615
14199.722565530705
13517.134184381543
13889.083675477266
14223.027096831504
14517.401550312678
14597.9502714927
Score: 1.5737897532056722
Runtime: 262ms
336026.353494656
317355.97451940685
297080.6649922416
281727.3453358502
265202.9389274155
242062.70189605822
229053.95503195358
210220.26306197254
203262.48726671905
189619.0600462734
177317.01052672797
160678.26060522572
143332.03137980396
128337.2213674592
114970.00768474952
105976.93563024665
99682.39289683982
88756.73337743604
81696.76369305346
70732.25642644537
62616.45303133212
58077.043833352756
57808.2795070585
52839.88803047045
43857.18194155246
31188.122606652625
28004.014110931286
23984.767848956868
20985.102178277608
18758.714849317435
18164.166466691597
17361.549109374966
16628.82803404814
16276.523074901213
14834.438897975611
14802.350471380903
14736.95070665917
13786.639301560477
12831.483412132897
12944.400350194828
13422.860478326385
13448.254474117013
13083.526320076877
12819.684101773664
12761.967467647664
12609.330082100529
13170.572898136326
13548.728378660437
13816.530216382433
13941.478397791234
14386.560386979958
13976.535741360221
13778.819358259943
13838.912054903854
14274.296161104658
14471.754536565468
14283.466108750683
14807.525034662307
14700.869666390443
14977.864721816635
15137.940126021049
14757.807167441011
15210.494820167938
15251.55112095224
14551.875010529353
14361.824511406852
Score: 0.6590936715228833
Runtime: 243ms
336026.353494656
323400.6569488283
307673.7452826896
285000.4637296217
257803.92921951634
241743.0975062673
223785.2411642776
192324.71823283745
150333.0249425454
128149.90848020252
109340.93681823634
94263.54136607991
83127.57243259742
79434.6236185657
72542.96034172775
64585.94458357156
60512.73785485598
60210.561807545586
49746.11034582559
44480.516446277936
43492.967684367184
43560.570611701936
45159.476532152505
48275.19295823592
47713.556216521814
46458.25658236524
45877.196736739046
45262.874924771044
44470.02592346888
42327.769409590976
38879.03754566621
34722.54074686242
32014.8322071236
30129.66231575131
26488.168400839164
25205.06934484354
24725.487903075234
24424.586113800957
23674.381135167197
23875.84480454583
23198.47590914442
18864.47781705561
17322.35143343086
16480.224137863752
13750.895721241417
13250.46692386465
12406.911456164657
12167.165243218768
12016.532156096677
12417.067722279906
12581.524307396234
11833.529278254467
11596.851357381136
11605.53597409295
11610.295750161253
11421.997744938737
11753.661729948679
11594.408385542918
11674.03599310998
11797.660054808042
11569.088493328662
11411.253693231229
11901.089096922662
12066.04778424643
12067.56567143016
12063.870745694647
Score: 0.8929617656276336
Runtime: 239ms
336026.353494656
322655.76523514354
300158.0041907758
289114.7966320623
272966.97847658687
260653.89204937548
241108.52149893428
228727.7352673751
219278.34515910773
194363.1895035362
166474.3189247173
153819.69550519245
135075.48445401632
113601.93487745963
102219.51929106661
93662.73108270041
77266.81988659657
67290.06851385627
65056.46131274412
62654.844413974766
58690.792825744895
56855.49065388486
54428.20090168068
52130.9322434964
50723.36890781125
48828.39833588165
45815.438787147825
40969.41963407997
35456.83143192963
32769.5818080352
28879.687923112917
25741.838183229003
26721.36460014611
25518.364813564607
20194.732197174522
18987.523909609576
18312.541883725567
17206.498806782245
16683.06812455371
16936.93373578419
16123.56971833218
16012.556367109486
15489.461073089133
15663.958657583951
14985.77223368941
15358.054752998454
15507.651910569095
15057.481308763989
14909.770890625874
15469.376186700118
15852.501652348124
15282.370099009975
14832.256742475074
14630.39188391783
14772.406315670287
14280.004762459275
13247.454883570155
13372.201922028235
12907.456284885831
12408.819984726855
12185.985359399341
12054.49374920434
12275.899003578344
11970.113593246106
12150.731422295583
12315.259455631856
Score: 0.7665656452021339
Runtime: 256ms
336026.353494656
324966.44347816496
298421.53349672444
272151.47080233553
254233.82567675188
242495.48481604402
223276.06575373316
202671.13531232125
183436.12170353957
161289.76719109673
134447.54200760796
102343.66917117788
70944.06240452958
41994.662918427035
29733.487422065573
24473.80779721342
20468.76308548395
25871.759325319872
21921.80125573679
19213.51058302151
16442.357566794333
17195.45132297061
16992.160879014857
16785.183313253892
15871.420383768136
15405.063790822278
14984.731107622998
14886.736691199561
14750.732675748694
14412.962278832509
13958.12500817921
13736.956113803884
13109.343042630242
13049.077289430797
12755.035074539259
12801.397547587841
13086.848153648367
12905.458888167712
12800.211618364912
12821.660488986845
12662.67787556641
12876.640539787353
12868.61704791671
13058.313927517573
13237.163644315942
14049.369603952795
13895.057584628585
13499.326698469034
13839.062405361254
13029.300477728866
12649.56335345289
12795.952373304222
12968.126545389636
13512.123839054599
13259.574453985255
13717.784027251833
13634.206167413044
13816.365880031402
13731.516912485762
13703.913963786383
13704.57683426383
13553.33146226787
13865.37706753578
14037.123981672044
14268.701483096529
13960.78854670059
Score: 0.32801108266745727
Runtime: 239ms
336026.353494656
317785.56924296933
300798.2477096518
282008.0094556569
264418.5860821045
249199.53268301
237954.32896017758
224076.24278181998
217560.06936677845
206024.78006497805
192133.73501790073
177950.7906849504
174552.70265754612
158640.80850864906
142852.08454700542
127776.92363836292
101201.45607116108
84897.8732862465
68364.00845641697
60207.864551602564
57532.66425935947
55717.62012062697
53787.33863056153
54124.79098747787
53022.84601917014
52273.892970192515
50200.18042976578
47204.65008235033
46955.959323834795
45463.34182594076
43435.7613366486
41089.38152551577
38893.6014473308
36245.92679621386
34760.65537461964
32247.32368163358
30746.85689331115
30426.78195903935
29435.387096883675
28189.76418329378
25439.34420323452
25953.168939467712
24142.47510063502
24481.41181940702
25308.680031282056
23987.72275984555
22147.42132258774
19670.624952948285
17275.780813641348
15626.49812006823
15626.82500085416
13263.331839165572
13084.006739668204
13132.624825428047
14073.20779139928
13999.18820072258
14101.578900328814
13323.757896171925
14907.931087728593
16165.19024852317
17022.52258865085
17248.924165581815
17617.048718862214
17852.750469780607
17496.35516551777
17525.71580283385
Score: 1.2269750734536033
Runtime: 266ms
336026.353494656
322967.4599283621
304201.87025722105
283677.25708557287
259710.77282774975
243182.00360350724
230353.52189781703
215975.22719640343
199254.73246963674
171097.2743365274
130458.42160427873
96779.1239500773
74293.92901627212
58050.08032740764
42384.05857826283
43045.328097920756
39065.13082521227
36805.086273023095
33228.527887588265
35519.561136884004
41383.27245283547
40195.48643322135
40629.19250029012
46632.80210341319
49487.11198738736
50802.60736907803
50659.818740522496
50022.30514042493
47597.66214434532
43894.7330207355
40264.14446076688
32572.74081446645
27049.55885469992
20931.799443909073
20598.03024493939
16806.22992928935
15318.276894281034
14996.178211506349
16016.411679322697
15965.437703626456
14746.802041164787
14715.885842664175
13492.575678743442
13657.515911430633
13808.282472733426
14137.737529056894
14252.07039208742
14179.646081983161
14609.04218025245
14156.091500364639
13540.46328558557
13204.162095662705
13541.470989608271
13579.20709768901
14036.145439035881
13410.571296438826
13043.888710682086
12815.568401859666
12433.431327021106
11954.908771316726
11339.263310544113
10929.935212580658
10891.682202332426
10953.325651797762
10703.58817657868
10827.73145532151
Score: 0.6491612142908663
Runtime: 266ms
336026.353494656
320384.8358256242
306345.11263004836
293877.8493666892
276066.91580529505
256689.61636881146
245620.12329315435
222311.6961227766
187634.28433248593
153487.7264134252
118647.01482652372
83957.74215986837
60478.054747775
38696.547708938226
35408.51666812883
26652.76425704516
27953.178319054885
31312.397779894814
36912.86390836832
43832.01774578146
47642.572720930184
51933.2563310939
53270.39292346747
54781.93214885156
52284.58944937553
47125.67207386153
45465.96941868261
41561.113230990726
37019.45485863746
33021.25223634551
34470.19540020838
29161.430935285254
26552.847720392565
25555.480301047744
25440.52272253823
22650.908900494014
20648.40200409331
20004.337164235236
18289.467709685272
17100.97439916764
16537.940129949875
15919.973682280017
15441.375739416075
14686.044014737123
14813.118787484063
14699.400655318992
14327.685958912167
14080.647877720412
14225.95839931206
14480.264401952616
14775.840404482191
15042.666797001506
14801.970579255198
14842.193281868571
14474.355049936901
14345.351579567867
13852.85647579615
13257.401108525233
13003.225648435637
12993.828784816418
12836.434204955238
12269.386265793682
12155.360921745767
11523.295538236167
11355.062998180147
11399.770603618079
Score: 0.4389232643808417
Runtime: 255ms
336026.353494656
326372.47727236175
303596.3234026459
285707.22221968166
258687.32252801856
243495.04337827952
221854.41025159438
200017.78222322318
181052.75062158157
151588.22113097832
126186.18175098202
92733.21190177235
59746.92615902956
43411.40826948913
32183.161298130875
17966.710289480947
18685.114360419582
19031.715360406128
18806.30411451523
18900.52664843491
19314.062811578347
18900.406368982956
18056.53777184473
18085.59146697325
17562.415165972357
17783.27529953777
17110.8430069198
16893.40552360169
17036.37109353649
17091.593355639558
17350.699279408393
17212.606397091968
17247.406965252834
17802.48486979416
17893.96850284068
18022.52880698994
17733.836435952417
17503.113663956417
17559.22766119589
17570.1310657067
17822.15531515245
17101.405017652938
16537.755885712817
17053.783901800944
17466.167460795958
17883.368681407872
17946.786022637705
18416.153532256252
18609.991800339347
17946.8171217038
17217.834316238874
15426.476275088371
14857.82510606335
14447.691472561613
15405.781201519214
17010.345358602157
17619.728937167605
18830.699713747414
18922.173853592198
18907.80033040861
18528.33123638635
18560.924127444985
18607.711200761536
17941.22036771607
17513.92831487068
17271.08883442151
Score: 0.4371150178387983
Runtime: 227ms
336026.353494656
325924.9460450732
301434.0583579825
281096.77111214184
267133.50257611193
258574.99987927743
241963.32136533764
214798.7983458437
197140.216070479
154233.30532038756
141256.0224774963
114190.38060774117
106568.96971601479
83147.04998735667
79481.48400197634
71824.92279587076
62215.70944085737
56675.6523184433
52851.54741381056
43812.250964188126
41900.08005965259
39848.68968040991
38548.86705134275
34408.88452967732
36273.28645806224
35605.21900221687
33500.161793963394
34955.620867199694
36478.939775128856
35507.3507114739
34632.39208680562
34905.284478975605
34489.70817550702
34179.66256758106
33662.64263263691
33074.12196161479
31762.96572859406
29983.391758245507
28099.74323596387
25585.75415056078
24679.842866335122
23889.94086929258
23929.866875994845
23953.668445848998
23422.657860746378
22874.13046222283
21972.728110379605
21109.078164112736
20494.858628836333
19874.565211100504
19223.5452257402
19233.43526477442
19040.51990946042
18638.915171680754
18357.209254107893
18400.385462442446
17926.070847785148
17785.509416081513
16598.893557767104
15890.104339659922
15381.486119533076
15693.870062806789
15040.097062233112
14273.146847061587
14543.155160849643
15850.721853676876
Score: 2.0054117754557192
Runtime: 282ms
336026.353494656
316563.56292876316
303074.537857694
289961.18738186173
266232.2153019794
242160.28872277882
230434.49436431928
210362.4696981211
182733.31816695977
153582.21757786014
127080.81504014236
112159.46423769905
103160.46724144145
86966.2429959214
75914.10114908665
70122.64503742362
60115.81012953417
51079.36844790161
49640.860867717354
45853.12957205079
44836.01295261552
45178.95221811929
46693.49835765163
42965.08032264537
49988.75312975263
50673.70621027345
49911.33979191889
49193.70979052955
44586.13275383937
42196.70020843442
34642.763953996946
25938.499305961894
21030.176914295735
17420.49616376001
16341.20079133136
15082.60910458837
14803.468412888695
13720.293705143518
12925.474921589657
12794.792507935148
12185.964692463893
12387.673676302447
12556.777940442615
13003.639636819287
12673.037201055193
12837.275617132333
12750.881263057072
12289.452609427815
12795.47620219721
12894.303276254645
12816.344416208032
12964.552667323307
13457.229621702863
12788.218568267288
12857.176710897551
12864.895926054873
13456.781798259977
13223.285882782995
13421.375013822186
13646.062180177814
13320.122112113026
13352.750398924985
13536.857998931073
13350.611091104955
13010.11861646096
13143.49960384894
Score: 0.4825732848897301
Runtime: 251ms
336026.353494656
316876.40449231333
301964.6641642976
280811.44667743484
257398.15753274603
238929.3267085075
230070.4396357375
215157.7936000826
205830.57279902537
184003.32559930452
158086.52643127163
134229.46626692437
107556.95045054102
96995.97051337383
93206.80258835093
82440.90361555087
77023.00410274196
68499.89625245967
63286.34453385579
60908.07433477628
61941.76834301457
59018.28419202485
55640.14235662595
50915.988884790146
47942.00964080404
44925.50481806825
43103.08267614068
38732.14722680966
35376.68992865433
29223.364563927727
22709.892402058616
18441.054158076084
16115.552303638799
15141.765343245743
14024.979125426802
14094.44134392455
13502.825532441624
13495.808948070262
14515.545458934768
13909.827435412213
13687.197604525487
13362.810010986748
13442.080958212493
13437.586545145889
12847.777576091717
12459.866090586629
12731.148140035692
12244.781621375103
12239.994273567761
11932.714756211202
12077.251853539567
11821.56452046098
11947.435795501642
11526.461065813151
11156.899182705669
10746.15919142868
10652.639788745113
10557.04409519784
10654.692023247148
10437.023360445643
10700.469140534162
10414.813262335367
10469.009841595307
10832.697203310543
11389.963720565682
11441.115161761978
Score: 1.968763303998443
Runtime: 268ms
336026.353494656
328199.03181148035
309439.1880470156
277619.0296758039
255227.58998974026
213892.21560399348
209298.5816799757
191645.27493763485
170238.49548021203
154993.22803169547
135723.05306101116
108698.10885227757
85765.62314629971
74087.02127226848
83726.80006707007
67544.79302086763
60232.718968128356
48653.28174523451
52145.163203636046
49941.895247825676
45187.24662132298
43224.722847817866
43409.32220368506
43918.36126905544
45436.495949919685
49615.32296203776
56043.670550963565
56890.13623988375
57718.85462884929
56779.359776868056
55730.88422262517
54969.40646552171
54774.27454713375
53948.00393039404
52804.67354769714
51500.956314015115
50183.24051994281
49315.23378633441
48596.498964929124
47538.39550117735
46124.201889916585
44714.3618796546
43460.97785029119
41501.88000284082
40972.43199343148
38606.111003356
38385.086489800146
35745.64702173482
36915.98933107686
36183.11664624146
35050.287689322024
35027.83451876415
35199.57841830072
33950.58519238704
32935.69625105385
31885.699878373987
30315.56305149345
29828.11363514337
27853.678065795535
25484.685014678762
22091.260486925283
20839.681891222328
17976.036155264603
17546.23530256095
15874.916188539579
15709.474567910825
Score: 1.0730040619018717
Runtime: 271ms
336026.353494656
315481.6868419825
300751.83728912764
279648.8011584481
258915.03526350614
245146.27741076585
232896.49192415213
222197.86101397034
209992.77333342764
183816.18569336878
157273.08768420602
123807.28516996655
97074.51989392574
59811.08699580144
39874.08695744394
34974.45087789593
26716.614361333366
21132.62838563254
20552.595238248214
19539.328331171953
18773.05195267354
18453.068214266546
18586.71282100716
17589.98835408364
17579.84320681312
17702.469569485347
17938.749272282654
17735.046478494947
18643.930458724884
19630.554518485093
18821.215837716984
18722.189806219816
17903.070330202478
17878.323579261236
17536.492255553847
18304.03646540878
18095.41500759953
18193.433654834538
18013.66082065888
17106.554995126724
16194.389112086861
15814.390796851647
15631.198374771107
15483.156314598711
14920.74540875572
15074.08052992462
15741.737550526797
16063.538027189197
16032.260868414462
16427.482500105245
16954.934468038315
17346.21480430538
17339.888086312058
16495.028566316574
15867.624343477826
15637.068743659012
15576.494441440695
14889.798552507267
14162.973591128592
14161.460597439382
13980.27872711378
13924.564613703904
13909.07322900697
14147.668777164181
13710.338971792175
13512.14786974374
Score: 1.249998001069622
Runtime: 270ms
336026.353494656
324723.79067307466
310274.734727358
285311.9026641946
274135.746397482
255125.85026960526
243753.37205223925
232263.66936878147
221254.0565873484
199875.5464020831
181623.86594156476
163677.02431703848
143923.27469008556
114043.35483092164
80413.30167679321
59404.35029767287
34061.78349715849
30391.240211324624
23588.97543293679
20040.107158626804
21083.71982258163
21324.17249077009
20993.62017040734
20662.238215829242
20069.443658685555
20009.97927261473
20497.18020437196
20816.575148987096
20638.54500477365
19846.178994165795
18817.07180380654
18649.606328429967
18822.088942158767
18208.637682830227
17746.718716990003
18738.760940151766
17541.33317633781
17017.145635623416
15595.146633568735
14628.127906804126
14293.024050204267
13847.86531168333
13427.165820703913
12184.750310753783
11306.984968737615
11127.36530457797
10328.462810169438
9801.221563935784
9859.47696542304
10284.15140021112
10302.404914554287
10897.170747854901
11239.023755845443
12017.359758675897
12027.903219547217
12371.923688363473
12843.644696954992
13032.121525747161
12871.616990088381
12603.804425179409
12828.849597042621
13394.816577504
13021.509933401509
12740.127731090945
12383.991194629265
12339.74731167512
Score: 0.15213227226035708
Runtime: 262ms
336026.353494656
324664.91199506714
302183.11964289466
285678.1974670406
265298.18572886003
252120.31447854388
238549.3119037625
205841.8404050376
164358.41423489613
128161.83797969615
99755.00732005102
85876.88449317132
76047.9784955315
74287.3896234148
65054.910726489456
48716.70016411164
37796.00230942051
27348.265832387264
23284.578135848453
19797.025512685934
18173.094283827326
17095.92920439594
14639.685767277035
13610.953048075862
12249.763941711133
13355.62288872662
13192.65364098189
13191.22144661467
13552.619865982111
13166.598783263647
12996.810177579438
13105.781862331909
12705.817366473028
12777.207376425426
12614.946257756126
13339.363138840159
13290.86109226931
13185.014302479338
13678.108747455852
13508.883403044723
13897.538641690688
13409.64654667998
12774.368512677056
12662.01483240217
11949.454158671404
12000.284868545028
12139.676966039806
12530.955588599549
12802.609185190437
13554.353099516507
13921.854802776224
14544.56591916864
14919.494687473121
14663.247136430016
15105.503132623513
15496.337767747656
15516.725069694581
15763.562172099135
14911.386342645157
13971.750128178099
13874.959234970402
13528.480052539846
13206.246260385189
12932.16056387083
12703.357830825373
12394.458466278227
Score: 0.29017880781638467
Runtime: 259ms
336026.353494656
321720.4956029694
302907.5959712851
278281.68061239034
258971.825516515
240512.13960411854
221006.25076322228
210906.85245294208
194288.916428883
172343.20938727434
144406.83196028
121928.5727555854
112418.02121090628
99283.25862327074
98467.38193418455
88945.8059210247
85929.11602488585
85052.69166678765
75726.84802522056
76258.90719179994
72729.31016996523
68249.60910108246
70988.32243127923
67109.49081630331
62346.094843949366
52091.16018415256
48919.27994686775
45836.263177334135
47950.35969170253
48796.251576676244
48902.602057138734
47371.78708428749
45035.76409190145
44854.660924041586
41835.91982936807
40311.88783852422
40482.16370391609
39287.80392036627
38254.51620779785
38513.245467009074
37904.85575196788
37373.68001146196
35589.481632042676
33312.177895543995
29369.97067836486
28116.074690897905
27420.756683150194
28152.320414482216
28119.13082453716
28081.752464318935
24626.03554738379
23952.485154640402
22652.570059670223
21466.22712847673
22739.777830938176
21637.132803903394
21441.582835229918
22323.13119339017
21013.371999511473
21220.504536738514
19283.940588029258
18294.83573238005
18254.416463231813
18436.109350770213
17561.482241663773
20002.810390879607
Score: 2.122761153770578
Runtime: 261ms
336026.353494656
319721.3286553916
295616.7992136419
270599.7998171376
252617.26371227056
234088.37895389553
215251.0306000754
193480.1044231212
176596.5474905121
154225.83305897267
135999.38196073368
110679.8497519731
96289.47603690712
91798.6234934066
80602.20833768694
78578.30748886941
75970.23616890318
72071.6265983652
66732.58042433525
60523.726783828184
59666.980539378164
58250.468150727
54581.50850034437
46370.82672997172
34994.20978367067
28907.65637420729
19150.338295960035
17223.530391521002
18863.78829380634
16550.964254619055
16229.031357814036
15670.878224317968
14946.804950484391
13547.65211100161
11282.108123114083
10674.606287492026
10896.939279126516
11009.965073562526
11147.526539415267
10922.004549098048
11451.694498966179
12105.640198906643
12070.074175297465
12564.369180368913
12332.871853509865
12680.369965373728
12360.437868283088
12606.705259117525
12649.093629943065
13117.312375567877
13090.33181336436
13515.53630233747
13682.94682727505
14075.952160539684
14355.066106521615
13688.255293002572
13395.685659377019
12935.818545674763
12871.303166367103
13141.31918049989
13379.086960237844
12556.389543842273
12013.576105920707
11796.584211309515
11109.528458162973
11047.962894326694
Score: 1.2514206288178045
Runtime: 253ms
336026.353494656
318572.81571889966
298902.48698156787
283364.46038507606
260837.25424075229
248779.26669449892
237363.54293624192
218063.2902983218
198277.04128265532
176681.10178576063
163931.13263353714
154671.32661359615
127963.30408786275
110468.58092648756
104810.16667429416
88435.9716142446
83700.91208716287
83743.39766284048
80797.408212409
79525.81389104125
77452.22982342569
65495.87087040051
57622.854811714504
52164.253191154334
36025.39722794609
34804.20439078204
32033.58244602907
24462.12257870307
27333.06690677944
28145.71600059147
23956.69602505314
21608.122761195733
14617.257086814061
13272.800052039598
11963.452954305341
11828.279376702327
12483.230950993811
11532.725563899794
11505.636990117779
11365.887602453435
11471.343110542428
11662.373489138108
11608.634225588747
11756.995328919556
12029.09695010289
11988.44481782902
12406.206077246985
12714.552448012522
12299.510293705673
11924.291340054593
11898.661270055916
11757.013242359073
11794.522777917276
11395.370350058738
11330.273216867205
12014.763292555743
12296.34181319943
12444.442996051746
12371.190447446643
12350.354446666704
12225.988041244065
11978.782551863522
11881.51219775966
11821.873844692456
11702.890979295822
11877.710127416902
Score: 1.725637877467553
Runtime: 280ms
336026.353494656
322847.68876349437
300713.26860244037
283581.6072514633
270029.28733170894
259358.15644969544
243049.18248533076
227540.71627024084
214406.48869965915
200456.0983032973
192355.2227336818
184207.5011054759
168509.92664532384
161477.99304007096
151517.39818541953
138606.1493731177
128308.97624755534
121143.77552648667
117011.8451459276
109713.29697287458
102872.72668842193
98408.1147914412
93382.33368520586
85816.02494692568
78172.85143611603
71488.20915214582
57206.626608265586
50717.17429152685
41840.12067230935
39977.600399137846
33557.52553577042
32038.048374846072
30820.440156998826
25969.934046605977
23122.690726627337
22626.273668629277
20017.35033709643
17888.151343412832
17834.25317863269
16835.80959541704
17001.935203025954
17207.782275169542
16840.953511665728
16242.758350434166
15916.182262790948
16141.890842428777
15927.919132224879
16212.653477597723
16551.64025990715
16423.843759402145
16719.887312009345
16459.00002983323
16792.358755854002
16925.52729210315
16744.482571250788
16495.587564127974
16613.945637700344
16769.52740737234
16231.507941397862
15992.592046986028
16252.384864841018
15673.416852479248
15580.286365255675
15344.358214167807
14757.647339761246
14700.956211224993
Score: 1.007251389793583
Runtime: 293ms
336026.353494656
321723.3265697321
308258.4031761305
287834.82307215215
266444.09010897623
248018.8101847032
234050.51997808318
222251.3360694175
206368.08480971475
194518.83175337125
176967.53149040672
160381.2004080726
129372.78459438954
101641.79536745844
77336.2717860563
64212.91198589198
47582.00356971849
47277.44167654721
43160.986377031855
46593.98741817465
45913.53746757376
46256.44234913779
49686.526475530154
51253.91545080383
51448.51371112587
49713.68191601207
42350.33418451793
36140.38193856713
26920.415930256753
20485.57757389948
17775.467118560235
16829.76532994641
11108.435926580576
10955.23914780647
10280.472992178886
10179.452148863382
10402.325978783829
10812.496501727896
11257.488682894522
11462.113307769403
11818.807379971708
11730.990968019603
11716.17175931105
12027.537049527658
12378.956232980669
11866.21300594791
12034.490246856667
12068.126094709198
12013.056297519048
12622.544768040767
12589.314270379722
12378.36969338476
12171.057706286914
11990.59766073921
12568.258924090538
12736.018046883431
12630.357703646781
13243.764297579517
13539.766662834452
13307.768486148841
13485.991819487432
13730.213000067386
13729.285668148057
14397.163563706004
13987.269123012129
12912.499644269774
Score: 0.9882800277857398
Runtime: 246ms
336026.353494656
319588.10041723354
303426.6885751244
280364.5840597044
265101.46138022
248154.3503235102
239988.10440945614
228138.8621730308
211895.91872247952
191790.86117055226
183687.92018164083
165255.168898552
145712.1750949625
130311.36381959473
118108.23118197198
110501.74940799159
102826.44869939404
90418.67727645354
79202.62043713231
68277.15056101656
67893.57769092862
65392.66259697702
56531.305225521595
50416.19809042904
40478.22680851581
34788.14320459887
31520.92700141828
28373.898810734016
25414.35647219439
23779.519832741058
24815.17412819501
26268.88842929016
27032.306823133928
23033.804553500067
22783.329026125597
22301.348350712484
23563.851497009222
23284.97398064802
22724.754424499573
22417.54383239252
21127.760555729445
21676.96630921934
20604.003507667945
20273.122553604087
21304.776133161136
21713.65562547565
22769.885939675234
22727.92497753728
22736.657735619974
23492.534319124734
23072.381965904395
22728.831148499674
22659.048132824002
22761.864103131633
21970.77052669828
21708.43428830499
21186.25082607311
20545.81350526454
19630.061322766676
18872.60870867554
18431.887054423307
16904.48545843828
16788.53539510956
16551.134041753485
16048.331499108235
15259.674160540477
Score: 0.6867938667449565
Runtime: 264ms
336026.353494656
327343.20837102755
303460.5280764701
275601.5146438657
260605.50398659936
238835.5733249931
214201.99743135978
193672.6034488868
157444.29875420802
120839.04866056789
93827.97154227743
71035.49927739053
42787.70571929585
38612.27808094096
31653.473779330347
32800.12954563104
32879.30366650131
32333.938892940823
27298.03546655613
25395.046342673068
25220.250943125415
28328.25018570479
37960.76677732267
41645.42484022938
46572.61774634852
47790.80702081059
45110.76266672904
35658.48450344768
30328.290177481493
23914.93201491186
17148.45575654678
14551.53534787035
12485.03076865224
11528.200224422259
10752.836866188281
10415.13675742908
10726.86048151376
10962.428439216
11176.228597066804
11060.882349335376
11173.18428212652
11520.603435443365
11831.207441006392
11043.77541932664
10898.826118780105
11052.216851029225
10729.397523305044
10986.169116270064
11432.278603741122
10500.522954151638
11041.00609974651
10907.347703567682
10410.927098580838
10397.764532523264
9768.60682367881
10088.79590854939
10203.383741087784
10289.067109056416
10756.871230959558
11131.661384813786
11126.110191281163
11587.802364497082
11993.721420682436
11530.649017033818
11287.932604903237
10952.000688125972
Score: 1.1733901874622183
Runtime: 227ms
336026.353494656
323240.7282876488
305117.81118688115
297442.6716396073
281136.57056620595
262603.3781640338
255276.61395094285
239195.15816244727
220308.9742572202
196315.31967451636
176061.94115024363
152812.0803145242
143819.8217540804
127751.05253367318
107787.46112631906
93813.51477027245
89041.08309079027
77266.67432542531
69267.7122342725
64605.94440196688
56386.771229798745
57424.56418863195
54057.99377259457
55370.67007991922
62682.31975055066
67514.93854349293
71465.50899501036
73068.26227794631
69186.09419994034
68146.96414545739
65876.04522859165
61260.54726626793
57887.23030635072
53191.17232815183
49626.31187427952
45377.720612214354
42562.274707869445
40400.60649999594
39542.103387180745
38957.3922272609
37437.02849294155
35155.019846021794
34433.854349827656
33236.12681484164
32028.19328942224
31014.202942994554
29750.069213126833
28843.67048591104
27610.62187684761
26908.21303147655
26324.868145961245
25148.78919308453
25034.148744993723
23190.07909715628
22206.718273358216
20928.859772529027
20184.823041486274
19338.281820195065
19220.310811760468
19841.382443331335
18442.030230468332
16919.213363394872
14904.895756034843
15482.399502280647
15168.419370166428
15456.244964089581
Score: 0.8523104123686001
Runtime: 254ms
336026.353494656
322255.5601986761
297235.2539175144
280754.1595866022
267111.419836311
253885.04186613215
242125.00007473672
223942.7079782689
187271.6098241706
140188.43026853097
118630.24241931824
99579.29722843601
77934.56143350774
62739.11214217415
42833.022636746646
36632.28801001968
33543.8656942757
31159.106797785666
32910.2528668774
34395.370518259515
35197.94478099863
36069.11265223927
36479.22598314427
36831.34929982267
36702.37885814711
37599.68125066559
36134.126795656084
35210.31186236091
34316.04785441704
34249.093206450845
30902.02211631056
29615.022302985955
28765.123716356084
26886.070488966292
25237.335007720303
24293.479905798093
23396.02624722066
22191.414492435517
20455.586649120894
17447.324099148867
16899.22580740141
16440.229859135194
15251.733244485613
15287.125546842459
13336.158516316264
12246.256920061825
12165.960521288294
11067.85668131463
11070.576993070554
11140.40149215825
11248.880498906672
11070.404542470527
11372.384524686437
11183.94971334316
11570.508802530547
12015.93254863923
11770.996221106181
11926.66552812145
12371.851295631612
12455.905641133206
12451.489132042396
12943.273137202112
13095.347345144466
13074.863886572104
12974.866649274616
13194.995926329073
Score: 0.4124499286440244
Runtime: 259ms
336026.353494656
322944.7742832656
302678.7165422199
277366.97976480325
253990.00635032204
238520.0842212262
218903.96949731477
199868.41248197062
183807.04648423966
175746.71461661882
163150.1829092829
141851.98039973213
129411.19507553853
108473.0327371145
84464.13879709209
72317.07706521008
42233.39610577844
30290.369797299092
30359.086020668565
31249.651052943093
32544.728562132383
39202.606328102156
44425.043856617995
50351.829714780666
52341.136019257094
50838.66647340807
44003.744389205014
32260.806804205193
24387.246944999566
19095.428784933327
15536.261722547037
14030.574955120343
13716.360814172584
11540.604852587294
11439.37312277604
11403.440221718258
11529.438029583544
11481.87174748897
10864.737857378446
10937.555326474365
10625.346061020775
10600.390546176937
10645.28787047666
10873.443788527255
11118.242872463961
11210.567457522846
11652.942622916138
11402.576129344714
11165.929594519836
11103.594844883399
10928.608929325179
11023.513009218743
11289.295929060063
11471.32364352577
11455.724317685886
11341.696353976977
10894.344086967094
10625.807338114482
10674.018307206634
10722.889286327532
10635.40581765515
10310.777057801006
10498.396159148951
10335.122210082653
10606.716719229407
10677.660116282696
Score: 0.7494668317968395
Runtime: 241ms
336026.353494656
321450.93032111187
309593.72026838484
292124.45631229505
273139.1679785902
252994.986618772
227206.56949487844
212991.97546923067
193779.72747373194
165070.23906526616
147804.4183296243
119461.48274241055
90512.3284050332
70190.74618920872
52186.831371265165
42545.42275724655
38161.02257556176
35901.282082454636
36018.61415351369
32872.49825925544
33417.93965909243
31895.432776076796
30003.876089747857
30338.1395155832
26819.958984663015
23898.874336539742
23310.939393945126
24061.13934921976
26142.832760793597
25245.37888532376
25797.682176446117
30068.236561051264
34190.76931012746
34406.19660208576
37151.24436298239
36041.997122658555
33868.63360182017
34361.19767116542
32810.21546490541
31018.683866680778
29304.79279341932
27667.148816359746
27697.621789232933
26428.2221425467
25577.813438801608
24225.089154906764
23149.428514798317
22885.43256484261
22142.245444508393
21480.81942185852
21320.383022018632
22154.070566637776
23452.63287172994
22812.699697757624
22226.954721980517
21442.814557175032
20520.247765863525
19930.976063318896
18585.406670509405
17224.405629928464
16803.71956716346
16075.25272183397
14908.833722959678
14593.78965971427
14417.520294626438
13705.358786820807
Score: 0.47458222744726575
Runtime: 241ms
336026.353494656
328145.4182883983
313451.77686159266
292232.1663024525
268092.55881095777
258317.69305649097
244613.19905245595
237752.36595933084
212808.4658806249
181754.57884478566
149167.5830256918
120248.49187494752
105057.4333603673
90421.13544846275
85571.4958648576
70233.42174203771
63606.706375845424
58329.49135973645
53388.57949166129
47151.237407370354
44876.62796222469
43644.442805730476
41483.97143307063
38796.14499722847
37670.237883724134
37456.96564177725
36177.60844426734
35468.73496726413
30187.9678179221
27664.78633900061
22446.009390472365
18760.716158680087
16378.169299888305
15357.629556841004
13405.070912374553
12509.557286479001
11535.867001014118
11729.860979657722
11622.136973344106
11908.048477628394
11937.306347733364
12209.930313388317
11886.998942925751
11857.859104999452
12106.681249858328
12056.676907695322
11945.132665286854
12079.439581281176
12200.107113944141
11797.800462972593
11602.044730144047
11655.871833381954
11647.690575663406
11746.14332921241
11362.51377311286
11127.523811551537
10871.420136085433
11408.605556209004
11346.916728271553
11511.046062356028
11526.219491254797
11415.084321082746
11855.59714468967
12231.927656330943
12004.635458040799
12089.513212379734
Score: 0.8411249192649328
Runtime: 266ms
336026.353494656
318425.9891017679
289628.2968844989
278337.3251722523
260508.58955577508
244847.68160261292
234561.97786121236
225138.71348117746
211355.4597860649
194361.92119291978
159640.7508873752
131227.69708508626
106073.93607554585
95831.8231466988
79871.67063915246
72545.0804134366
69897.01925851889
64211.38107809526
65061.17583266266
61403.91641758708
54986.834293010994
56669.279207882275
57249.882969163125
54362.94780343027
48953.42350025939
37798.80485588359
37501.41551259957
38004.8170980808
37099.92504595691
32009.343697789573
29744.913641566418
30052.31030646764
30110.03809069563
25813.81133587953
24934.096219766987
24263.76331297931
18744.98247119502
19911.030678693478
21843.13294684525
18654.666175935774
17486.892571288106
15968.1744057576
15503.334630818983
14517.887387062565
14957.850138671874
13774.453790566777
13525.27084398169
14265.075326426657
13902.499312894204
13487.140057018263
13215.109995914674
12914.359032310424
13331.110781881993
13611.566280404026
13166.191520147537
12894.44010006053
13458.517846440069
13336.10669761975
13112.468619848556
12775.45643458967
12905.447670001562
13227.677971084515
13305.955859160533
12854.644272477099
12651.751419459995
12846.537780178931
Score: 0.5703608306172879
Runtime: 256ms
336026.353494656
326627.16118204664
309183.6750715655
286474.8038435345
272393.0832187169
255629.75852324654
245581.3490433354
229624.24185370753
207801.44880206906
194578.79345354298
175771.464376911
169920.2376283766
164116.1380023793
155253.63861694268
150243.61101338474
142695.47612417658
133727.58038110813
125644.55472005636
108546.2527546165
108242.87153876753
86647.0236319953
76837.54929776101
68703.88114205805
64940.502779669936
67911.33546541537
70045.45059727157
68554.55580332123
71112.76197065711
67608.03484399155
66414.9652604088
63024.71293090161
56029.10576507883
55951.16947954763
50701.60051798598
48185.39493398668
45454.474343062866
44220.57208312406
43045.47961274777
40693.90422090981
39082.527672743185
37487.01656462544
36951.877315776146
35942.700444773785
34989.89270283175
34049.634497574996
31874.053944480653
31584.141331325038
31342.520261063775
28808.211805889423
27900.73249296131
26559.597329080487
25325.142323435797
24413.373641034705
21306.548977610582
20843.334248555228
20324.513197405835
18684.464909464306
17252.51829858204
18458.940312333485
17108.612525295666
17539.42795390804
15533.605923020217
13510.869165608798
13309.192929821776
12898.413859145636
12774.516108988351
Score: 0.9907258194624441
Runtime: 213ms
