336026.353494656
312045.4472502046
286751.96914860886
265571.2743500892
251696.65062434724
235643.9382267494
210304.1289972815
183592.56053263205
169842.4601844616
146044.70726685057
137044.11869407797
114781.48862387541
100205.20007204612
93481.24281307377
76669.16049902256
66564.5628546928
56967.393327319514
51158.39725931466
46936.16485116336
44598.455285072516
42073.0682238901
38003.951850156634
37088.12665136995
34681.86701493147
31442.958802877427
31141.198311029184
26885.5694318424
24368.600809758012
23976.715682962953
23239.014073558956
23322.001096449218
24870.19654206838
24208.653869687856
24869.2251439759
24881.299168370224
23955.599439881702
22909.68544957076
21815.942873460193
21303.00241934583
20754.91204594474
20499.35909669275
20969.61049445571
20057.89285322435
20211.113322487658
20812.762210084325
20465.18926187031
18856.544713525065
19420.916137791708
18869.776568340258
18841.760178879686
17269.26406774582
17275.227502365597
16503.639406834736
16111.712835463915
16731.049534205056
16462.498858320407
17004.53424204965
17548.085750126556
18522.74504195746
18534.690979591192
18746.687357350733
18425.571473238782
18041.75059477055
18300.984930140487
18116.99391947741
18297.732007650833
Score: 9.465127580024454
Runtime: 595ms
336026.353494656
317520.1206174914
276568.54884452804
233176.29658702743
208639.24226934442
171348.0263281145
148608.0840367314
137850.00544270934
119782.86332927272
108672.43803541434
97193.35388933489
77804.21664732111
65745.04607246393
58077.64708611987
48343.4132264817
42726.490479405235
40449.5057684287
38506.95492153452
33789.64974246893
30282.791463477
28123.10071932
26419.791015939896
26349.45471583588
24106.679831019654
22484.1530729147
23324.54517913737
22281.250966116808
21763.272989523164
20422.593914045265
19549.4336006741
19251.415999486824
19224.894417794105
17843.97403482913
17295.092262643
16784.5387342643
17749.6128179077
18630.564896540047
18147.94481016722
17722.446688068583
17716.126195081328
16774.539577935633
17153.398977768255
17313.526509082287
17191.805565315797
17766.4250932517
17723.554967898515
17151.67948505988
16691.00969629141
17360.539958875637
16926.857718429954
16789.44775539275
17727.34873748378
18320.17901597563
18297.252567999898
17575.699542569997
17070.267014184945
17064.356976265077
17442.065154342006
17242.23881579121
17192.495792321668
17652.396775822468
17420.932708225533
17341.4787403126
18081.27642439326
17841.553022975546
18244.678104683047
Score: 9.526348508113243
Runtime: 242ms
336026.353494656
319035.25006936566
286707.651886861
252397.41027856982
232429.20081001776
206584.2184948308
185984.35301504078
169091.81207366823
161078.64160285727
140734.74904502017
124836.90622161182
101245.10854547737
86067.59714960332
73279.25755358246
62950.59467100555
49966.95784132134
44326.3555603677
42465.6613479146
39474.7985921583
38282.13345978667
36378.06909178283
33509.56447830213
31344.138355496456
30918.83866381398
27238.223503984384
26392.46504517257
26579.109431957204
25417.00426426801
25153.529422420852
23734.474291705752
23362.051913309286
23967.943320129023
23609.60008575075
23842.27021375754
23512.639160877727
22851.770113236395
22876.077133602223
22756.156678743304
21838.472109986473
20745.824115616495
21145.052941741047
19727.10690085161
19358.304095979394
19655.54304675037
19196.087786679906
17879.064332468955
18300.99266737336
17732.91319118475
17558.98865772038
18114.316332637074
17753.615925307226
17382.014280149517
17704.104342421047
17158.48899412869
17165.605767165824
17437.356301810043
17019.060904812828
17399.574099125035
17655.343681493094
17244.01454172976
16636.216430043933
16411.525546597386
15962.658284645886
16401.114329359247
15830.742869449792
16093.303127439944
Score: 9.446937038410727
Runtime: 285ms
336026.353494656
313658.6941314024
293631.38166871155
258061.80701308808
237517.91610384744
214744.3017872139
194624.55673380574
170754.73139348807
162332.79610810694
148324.87953285864
126383.03657113046
111981.54359871465
103256.89056802915
93385.77320471083
89062.19234611923
78295.89004781029
64757.95515771655
60020.68917743204
52477.90120915884
49210.45464370254
46754.15709494396
45441.38751282571
44731.01400783156
40631.6440514798
37864.00487970445
35235.8950204088
31399.073043498767
29470.544768423577
28055.084127925045
27174.052788459016
25522.1347589661
23853.621984791178
22836.591752100136
21018.248595123252
19458.935534422144
20074.8275901054
18845.438614066068
18946.165345400776
19407.23151278646
19378.571750949257
18397.16687480716
18244.94342316215
18525.154835454847
18254.343809786038
18174.066295343782
17802.081300114423
18202.783288620314
17837.918585585187
18195.66437973564
17751.795065743885
18585.1817762912
19321.506719379962
19074.83312502759
18722.79712926686
19345.691649782035
19220.994569694183
19873.751216564844
20148.39222214875
18415.55042191645
18641.32566169299
19206.08055458056
18547.18899843176
17743.996614604428
17132.973484538914
16973.394247417324
17175.00857670659
Score: 8.958834431824416
Runtime: 273ms
336026.353494656
311492.3902191699
269093.69842621585
245677.63172110115
229693.3836318726
201165.59181802912
171137.09811834872
152204.13798622417
131590.92887898046
109560.51942630378
91033.3117828552
80130.26266104888
75506.08007550701
69358.8486589956
67269.63442595427
62048.56390856982
55065.865943236786
48648.87282012484
43237.128211396244
42757.21354688312
39103.95596207389
34441.86592781259
29460.19907284908
28285.72152718433
26316.121139125346
26335.019058874757
25362.48622756458
24916.856547519066
26225.669667478007
26202.082088143565
24813.563999628575
24409.97205050598
24420.14545902353
23662.333264779023
23342.649138781628
23295.52642826338
23383.497212251536
21750.091075618493
21111.073459216015
21505.78344815912
21070.952566162963
19831.38019801626
19088.43997046729
19740.226525636524
18804.33164193424
19045.70497093664
19032.844655848563
18670.109380249953
18829.006055508646
19294.110852786558
19017.474438105743
18702.087368676614
19050.821565010778
19405.973444819123
19396.22285561712
19838.697497759098
19684.94654019359
19507.441119424813
19164.566153419302
19178.84058677291
18846.143739327614
18600.67486319321
17938.422176319185
18484.200417976735
18048.82527087884
17994.843670986844
Score: 7.180042720979898
Runtime: 238ms
336026.353494656
302073.6092003458
283089.3166803038
264387.20320869936
249600.19167374013
241528.84104609326
233505.2392498574
224206.20164507502
211513.85413809892
181111.938558488
168310.8694649739
144371.5675971344
132696.1433584479
114418.55333912444
102681.14821902683
90844.84731648516
82028.99940089762
72403.12631138151
62173.04489389047
59142.48930324013
54267.72700374934
48458.823433690704
49197.63172585468
43592.98415568261
40582.41103761179
40687.1148476814
37623.40951846312
35632.955231173364
34845.638824258865
36669.13023819238
36440.86003119882
35975.68364410881
34993.07548824593
34350.67413980945
35297.409366150954
34290.618647204625
35200.20205367166
33994.604219486115
30538.815091458684
26577.89850622706
25062.876444041125
23680.133275953518
22485.559348409868
22462.373484445434
22355.87212554658
21378.583290481427
20807.930886896196
21157.748834548274
19728.39346609054
18534.563882008388
18157.315925509974
18890.455831639596
19164.636862789197
19070.0490275848
19664.894417712992
18471.558825322267
17674.179073037994
16877.26794003942
16656.753096579745
17242.324219700913
16646.314936281124
16932.291870000638
16502.840186945017
16975.443175595028
16313.3742677273
16233.159735010624
Score: 9.522233415820686
Runtime: 234ms
336026.353494656
319412.0820438132
282731.598063388
273492.6629705329
236705.391895455
209732.1210991678
192577.01376028988
177735.05862868452
156538.54160979984
132524.23035864686
117112.4515322845
102273.74431039733
104345.26845816874
95642.40359868834
91974.95394102238
86611.59619054454
74594.07757295224
63658.67726324214
57578.13798115622
49463.13937862136
44362.81124909309
39255.085141162104
35804.23005368212
34657.91653079166
33420.69506915073
31665.515792563532
30134.559709730245
28517.1675752359
27525.061662362692
26711.42957687831
26319.90441706905
24239.60785867843
22717.897317884363
20681.045878362856
20451.390730464052
19973.759243539535
19142.969552501774
19367.23843762994
18975.728567557897
19445.018158583713
18226.609040370746
18114.99751030293
17973.733716532908
17488.49603973443
16954.89955862768
16598.28284174519
17257.403848471244
17626.750226709584
17647.917536656536
18480.387182793424
18427.36215857936
17680.408236222258
17794.637991317366
18311.143602687574
18424.78511313211
18283.86065184378
18404.800807095344
18210.155564321492
17189.76730976258
17212.91717282445
17455.45439074601
17439.23375668644
16703.220425917352
15436.30191382593
15265.581647822755
14760.813560761631
Score: 9.137805058448269
Runtime: 232ms
336026.353494656
316493.115603091
303984.0208869418
281882.58219648455
250738.78908580347
235839.01922993668
211560.83466927242
188076.29755148495
169626.53354203355
138376.08095396668
112349.83123338413
84603.14577733622
69459.50763366895
57988.04748207865
55622.20269392169
49006.41098093925
40636.15203066341
38232.13468257899
35778.14105732213
33115.3749355436
30210.96631341267
29185.802163060605
27821.301797465196
26619.634150552363
25553.07249671538
25546.12696520822
23675.86045086715
22575.771203373246
22130.5354559633
21864.538793456657
20401.554854424943
20500.394288332136
18647.40652640419
18203.384776536717
18338.888814120088
18167.33252379101
17353.416660484163
16748.444792568906
16892.381222643424
16429.167188904776
16575.859988056556
16866.044378949933
17263.736753778
16878.05734272205
15595.108414087832
15764.746588972264
15540.763001989184
15141.588250104282
14177.230570522182
14612.8433711488
14504.032352578426
14646.95742875503
14636.77743956265
14074.782092606554
14412.577668914053
14724.528046113111
14559.202254035219
13875.871143418417
13940.45477694952
13961.56678774545
13235.349604128323
13451.899300253837
13228.589220311005
13194.696508562387
12927.682145408138
12955.575157705438
Score: 9.861248189652363
Runtime: 260ms
336026.353494656
327035.3981595881
309300.85358106927
294613.00583706395
257873.2580575382
238976.74260941587
207790.35151459344
199114.78215924447
184543.92174319125
165039.29886633623
150955.06231524638
123546.76889326848
102229.85886747991
86124.59858675516
76052.96525242228
65651.31803781692
61186.58351190951
52708.85085378369
45796.167138689365
41476.010311412225
39063.83086961637
34084.90323588501
30679.56249577358
28766.087111261568
26637.10893600505
24949.31698522294
23968.037474373894
22664.129406041993
20759.72314755955
21024.19095851009
20777.64730466253
21202.961345531832
21214.03049277709
21939.92728413249
21610.940193529215
21005.299713110257
20587.414228995793
20843.741872995746
20282.101730031925
20448.773627784907
20000.774645742462
19962.130380483275
19595.209340873553
19401.92543786688
19469.85721687067
19646.096343542053
19729.88884733343
19652.106618085916
19113.056852251233
19686.900144222716
19596.94274598972
19072.930843800823
18540.15467655333
18396.1254990148
17629.322393665996
18023.174769919417
17956.31558971869
18458.962109941334
18391.632158374283
18112.40362283996
18387.42562060917
18093.567784413972
17600.28555443463
17197.973153684266
16591.651962330074
16437.280811057917
Score: 7.842529862333556
Runtime: 237ms
336026.353494656
311881.54294970137
284411.5196939934
258588.39240440627
230745.52597446894
209814.40305744283
196856.67211984543
175153.34145959653
156682.58356192044
138283.31150639654
120560.54406173585
107410.51377333337
94552.42873874026
87421.148488283
83218.68865240402
74607.73373401722
69842.28027453297
64811.2737449243
56603.98357342009
51899.97992223645
49432.302034917964
43846.303685246174
42008.09472240369
39631.60708303507
38357.25534437872
34700.81877706927
32080.227581829753
31368.587153594224
29640.27560121797
28703.9258942805
26301.726414868528
26233.67112872523
25210.87313209533
24133.792353643523
23845.89119747893
22988.646280620207
20927.538586023154
21212.480685909602
20856.67051062635
21555.058987276592
20443.812495431957
19317.36812337083
18786.468549804296
18081.91561626816
17540.985299976408
17198.941780273784
17876.08768970739
17601.772131245798
18600.279349466487
19051.759969642662
18677.324169911717
18600.02779367691
18240.453046568295
18496.711567286377
19663.5445807342
18993.978667980555
18411.25932311874
17967.841802452673
18613.05164600634
18533.37854147972
19095.61396719203
19432.199837135995
19701.157081920846
19358.132918661835
19156.046561465937
18216.398742919642
Score: 9.037380511382501
Runtime: 230ms
336026.353494656
324264.31023679266
290980.32910032297
263913.22780209075
239124.0638394065
209805.0647421416
181245.8266846493
159604.841932016
146570.04098858975
131763.94760472872
119780.34254750541
109161.74102638246
101516.11383505995
92268.51108499018
85176.46671719106
77912.87725838854
66254.23531642147
61261.206672589746
57712.91389372389
47543.86549032888
43602.525703859705
43590.57477488322
40270.874437147
38253.343888527
35899.6789603798
33945.13200399707
31415.666649385133
31584.782252113073
30041.60174397237
29036.016583959205
27260.721248147533
26097.017631828243
24097.81325962089
23436.922546976708
22579.677427002334
22412.874917356832
23311.469883757116
22869.118860580307
23229.690727628775
22241.84519166149
22167.42124862785
22209.610223560576
22594.385284824046
22148.58505247672
20749.78018956979
20248.964602302094
19814.30728417403
19532.502853494112
18742.9880378329
17691.722116731526
18526.74000209396
18310.757159210825
19329.5320262724
19808.16383722136
19649.907404063626
20140.582809623145
20172.215870300377
19111.318161178893
19601.63414540767
20159.616841141476
18966.21392641573
19054.787733016143
19029.464841086083
18575.062980188435
18405.084774701903
18133.161961980586
Score: 9.42716711925856
Runtime: 322ms
336026.353494656
311795.7409402988
266621.5450715282
238915.66692898533
214979.4776354757
187467.9283447677
159603.46162457528
141477.87139762464
125134.51562338478
114700.62175394176
91879.43637287308
81211.34777399625
68558.74597513795
55144.39867608386
46909.88996042184
42474.81476872087
39257.90991808006
35404.18966163385
33319.455519195035
31053.076410008543
29279.737017310665
28101.60113451153
28934.544357392722
27791.823748984803
26580.03669870564
24218.345675355773
23136.093223852175
23572.00288357912
21927.418544912776
21999.942545022157
20389.471576446595
20025.65448728665
19773.62121904311
20324.484876614693
20548.44017802103
19690.86577921018
19285.919386825775
19902.18977443648
19989.88423247272
19361.117117006965
20233.75918246404
20244.523826465636
20558.595795058634
20279.4308912029
19551.478159949285
18815.57056246822
18835.66835360573
18812.818614800595
18323.841490508516
18172.296769630688
18458.16046123129
18273.970822834348
17935.977393233225
17436.834774551025
17445.351169984886
17058.646676187705
17554.575281055193
17683.313474558494
16829.013022726096
16762.21257143468
16110.271823755455
15736.286673927945
15589.708448411408
15708.086869270672
16529.00384029949
16958.90292808061
Score: 7.831146936490417
Runtime: 263ms
336026.353494656
309923.60458605253
296430.24781632586
275257.6580963915
254048.8775689736
235447.22370470493
212588.05821439534
183686.35809788897
170642.9147982699
144902.94373520714
126895.27253067467
110210.19589541243
101990.76996486272
88083.262887502
75922.60322190897
68159.01720755138
62010.25627082269
54267.35758169021
45062.543684046854
41396.605560201555
39358.31182393113
36061.73030791484
35553.38866404952
35287.529747047876
34210.6980575674
34109.63391827411
31155.387452934654
30650.843756162358
28633.47701727246
27955.713285256912
27004.433128409684
27814.404793917016
27730.25852458509
27785.069582235323
27038.146402467068
26654.08214707017
26436.41658355256
24552.271878110067
24363.768976854648
24342.805333229695
23640.58145122449
23498.62175242835
21840.190837151487
22216.85758897178
22767.18029120086
20753.900797084385
19825.818143334018
19757.032241541525
18977.758662307802
18701.067322170173
17851.39836707934
17992.767578839987
18144.43669919758
18342.194676226783
18020.575582911824
18086.17170031651
18058.99536752615
18317.624904343178
18384.536365597
18395.73046639374
17933.41104163511
18146.914211184245
17460.46147412398
16858.37076867966
17567.4139105143
17097.899427820797
Score: 9.292378737145063
Runtime: 228ms
336026.353494656
320150.32302699785
283761.14607050316
254388.0138512314
238217.1801910659
215544.97831054262
209842.68261951883
188927.72533791253
178792.97131935897
165896.22282591145
148808.31087312038
129027.32144920246
120597.14463265198
101021.32398669954
90852.67302784043
84012.30289034544
77403.83658336308
64669.28047232473
59017.39868755919
52707.09979195028
44642.949769800754
42559.64923368235
40349.05162415872
37604.70280359984
32176.78709102141
29405.18089807347
26794.77556656105
25878.30980124843
26051.360019740583
24192.316582412757
22685.033805306677
22751.251383798113
22820.542520951698
20845.153474156046
20093.573540926605
19997.250374375963
18804.527518650677
18958.57358606423
19163.70191632696
18697.300542720375
18348.755048989446
18847.44712401052
18574.61071077909
17957.50356668295
17513.30811803095
17759.036032954744
18033.683449425545
18278.869846466812
17454.56350232202
18106.722273469204
18277.256456453437
18015.576756615555
17942.379662681415
17939.602390675507
18333.79056918117
17850.407003385746
17988.069790166675
17199.42833717711
18271.894434897502
18351.210142856475
17925.463560991484
16931.025932705677
16348.09394548953
15702.154619474237
16343.561048111173
16455.936081743825
Score: 9.217955141937555
Runtime: 298ms
336026.353494656
304845.8053387788
288793.75385741965
278604.65805358504
262255.11835556524
234746.75069379117
214262.00829791045
197381.38948753965
190460.27121166763
171558.14231924756
146952.0938118711
118268.45974254301
98987.76046987607
89749.49375980895
73748.28706946936
60740.334522711244
48321.425955795276
43194.543361135045
40292.70127311454
37246.87006855043
35859.765834326776
32173.353008688824
30233.29732360008
26999.255303860053
26855.492664936017
25052.136900772162
24712.819711490793
22992.299614817894
21565.90381327288
20368.072775454377
21129.410067109173
20117.493013216717
20803.30420792442
20226.73220786335
21090.280972792363
21037.332166167373
22081.974437319175
22974.11062331799
22014.516173453918
21657.374497273406
21524.60509760824
21637.92440475402
21281.330647478964
19591.00601917568
19172.99862173018
19121.49307531951
19582.15027511449
18884.778846281315
19291.65171397293
19056.606757872156
18457.390918323024
17768.793180431716
17181.10264401447
16779.90273839105
16817.67279310079
17462.42128238318
17443.099625019266
16264.301875728412
16733.322225487645
17009.77195424166
16847.757208457806
17136.23206709986
17583.962243310176
18089.249866387654
18119.636802479374
18223.169255898032
Score: 8.740432232030225
Runtime: 233ms
336026.353494656
326205.5218745185
292311.81063117547
264940.8261964582
229148.5262493679
214645.93773221713
194850.39325989425
183724.75629978743
163404.30378607239
135351.96852007185
120689.6748550802
98636.14972190572
86612.18355126392
81384.37407435513
75774.90374954355
64138.992396073285
58791.91747360716
59469.690437870806
59419.00908844679
60253.418566615874
60278.28334667813
57731.877535216154
54260.04991388765
51139.598118500115
45777.50018507809
39693.47881393517
35728.82049804456
32451.178315146346
31550.04464487817
30710.152171247326
28047.089271742232
26274.952334853842
23740.105408659976
22327.373364062438
21991.464715688195
21196.69632362731
20540.35454215524
21320.3828974305
20892.227011313647
20509.881151871148
21464.783835512153
21205.45686991315
20488.920947043312
19534.22842402126
18241.538898389226
19223.55789990773
19470.045643881596
18791.304924626187
18912.464787682304
17772.35675950479
18238.621155591998
18329.930343967775
19039.831935968316
18562.226544387468
18488.860311213437
19004.87437865448
19374.625493095704
19950.382404609245
19225.901616006104
19569.24533196395
18466.543555225446
18011.305890309013
18327.45094336665
17570.29458233261
17690.453499953368
17627.418867446166
Score: 8.797959278121043
Runtime: 229ms
336026.353494656
307041.34899512946
290272.06451364205
265765.54096939694
231126.52696818078
203967.22492328077
190015.5453205014
184140.74235564077
163134.3493695062
141703.15226748184
127188.10993574264
110267.979890909
102359.76218045839
85345.07804584256
72365.47298369271
67618.85179753395
65114.39401480266
60666.86118844337
54730.84163160744
52629.75704197726
53454.75220951474
51658.609691673315
46577.31111290583
41858.31596864971
39729.144405021325
37732.14868111928
36319.61805409345
34175.089440052776
33327.938131630115
32403.968635644345
31908.87335655364
32170.513039414913
31073.611833690735
31384.84538065938
30414.826824864755
29784.23723534491
28721.48105018751
28320.192424783698
26397.827067548955
24915.25299867249
24666.524856163116
23688.708402971883
23029.337275805487
22482.506386928635
22828.604085833344
21992.060279840898
21173.477174482894
21287.58822820078
20939.728960292712
21129.703987689078
21520.06121126217
21494.406103410573
21541.8527516816
22240.499074149786
21173.5489387374
20710.689439737787
20436.810750014225
20972.10068501275
21246.091114944462
21435.558796096953
20455.421736186272
20804.835703739427
19279.306265249226
19377.71780857203
19362.806087100314
19171.892683068552
Score: 4.377337752034836
Runtime: 285ms
336026.353494656
303283.7586196565
284920.7311876718
242353.99839494735
206887.68715675417
178273.65215288708
167266.27695179093
154992.4210766018
140351.91431082386
124587.93273575167
116536.99904869734
107792.01163149619
97093.24774341467
89879.70719217214
79905.70685049462
71699.69238662692
64793.14657209176
61184.809380059414
57523.11880718437
53535.72614130267
51595.4718298963
48754.95566822089
43750.18249201591
40502.1493549344
38012.49548601255
35861.12464255051
34766.11077787929
31687.47937812399
31949.518565564023
30412.642086474527
29883.391927364515
28317.586595133696
27287.023781420074
26545.203360885145
25238.984769439252
24949.87031784438
23902.83670035548
23865.007885997973
23941.576713606733
23454.91523592851
22667.304584522568
23267.860890291526
22925.214190210132
22650.15221566365
21983.041259056692
21010.87654952971
20237.537102229428
20397.665158040923
21389.394818091147
20203.660201884326
20176.272707491687
19865.382996624754
19526.28275643105
19649.40252052625
20058.399257868354
19510.03636131005
19879.868457834305
20476.129419862755
21701.578067592895
22196.860305764014
21936.554800442445
20829.22879137833
20757.803570958156
19856.287299948894
18896.045491788613
18306.78445477084
Score: 7.85971142789742
Runtime: 281ms
336026.353494656
303547.5223448873
277331.51741520135
248340.44358705575
219910.94026371324
207024.87317460874
186846.053242067
167085.3594880104
136406.5266270038
116765.59179013297
107987.70382749417
103142.79802680132
94468.56483807162
82313.45527307608
77186.1616499365
69403.83833692025
60919.41677562411
56014.33198974482
47912.35437670967
43010.36162297087
38424.48095927573
37444.39610187549
32670.924515618965
30683.100875773707
30643.302429241776
30331.73855538963
29839.901213317207
28068.31953352368
29263.167826472512
28534.513424634122
27010.081437768495
26926.736986123444
26996.790205866608
25208.19278169769
24633.716870374235
24768.85769684606
24150.085787629665
23515.197274298804
24244.0878426847
23332.128520935217
23475.674087094816
22271.46940810979
22126.68630446105
20685.365174002884
20830.14952108081
19883.46073626293
19524.900119714483
19139.0134296001
18815.048113637124
18939.526491363078
17944.125078411245
19154.052772028335
19084.212967307667
19667.627881801505
19916.42224331594
18937.277153662817
18842.637246871185
18294.686725196076
17271.08631015582
16572.1800870665
17464.91418710645
17362.81639792261
18055.776897652413
17909.275486988052
17957.202445277664
18415.12771981373
Score: 8.792143943627307
Runtime: 268ms
336026.353494656
299495.8837868783
268310.20618100057
233539.762634156
213162.23287138925
194072.0456180175
174615.22240321717
164900.17602958
146786.36234116866
136057.1611091012
111083.77434222682
93208.4075079124
79014.60224646365
71319.15279178944
61993.66331958717
55270.568091798414
53829.791533317155
50005.550019578106
46284.837996790535
41358.39362253676
36964.5274943425
34069.650521860036
32696.61265105877
28343.00593743596
26044.34891649174
24583.26236129514
23653.19642244595
22237.894131607794
22911.573205767756
21535.387147475703
21306.95717937773
21500.37062805049
20598.966001553166
20917.197856926134
20287.146240577124
19583.792145551568
19683.187239579704
19940.519728887375
20117.919074849866
19327.44894743179
20173.372434585985
21119.359404773124
19886.981533371585
19276.552248627544
18757.2276620831
19174.648850370373
19382.637204003902
19666.99742263891
19900.684833223022
19601.911740408836
19107.318440186576
19596.403731438855
19526.527562594947
18634.296586160715
18885.865200678363
18342.36097614647
18524.905527130886
18457.12991783432
18641.826701436086
17593.165610510227
17683.52623352072
16887.632171308345
16393.013994247925
16316.278653494293
16225.397243748333
16833.780867072932
Score: 9.157984211378057
Runtime: 250ms
336026.353494656
317690.7079620925
282905.64931491297
270423.78904719686
242974.55419295412
222939.39200932084
204904.89307024528
179626.04591929977
153069.7068101829
131471.86007077066
119076.57754405006
103551.0056014883
95201.28174041255
86619.45083155418
81537.84748089314
71744.86377623436
66234.362920139
58266.8702749485
53475.74868475754
47737.75097288748
38898.73431846647
32621.95274977962
31004.44367447085
28713.55478821038
27338.58048356035
26314.312008137767
24638.505568969376
23978.24976264415
23063.6578542608
22486.5715968177
21076.08286773473
20042.626076731936
20379.522226255838
19469.48454129775
19565.250529605084
20023.12862640604
19346.2706919895
19953.241110622548
20430.826355050853
19745.96345947337
19660.93538608292
19059.694215735577
19221.672650941444
19698.266353483603
19687.164168261614
18559.14484988094
18280.331094017747
18123.535473738004
16842.408275643913
16048.6645634622
16311.465822326738
17260.1672121291
17242.70721147207
17677.96462267741
18599.393503868847
18462.55990678452
17471.48527477206
17702.1545631604
18118.343595805152
18106.724829993072
18008.737492813092
19440.978617883524
18750.846523554577
18854.473544391847
18829.967777990012
19258.199953447653
Score: 9.28192745664055
Runtime: 263ms
336026.353494656
297921.2543212584
274216.51667510543
248790.02934414768
221629.27179559748
194561.50477949652
168425.6437705068
142165.1529296142
127115.44712421003
117145.35534218603
104618.79764094202
92919.58525943452
84767.70899604705
77975.36104188021
65672.754705864
60500.65736092081
56156.7483702595
50386.952049820735
45941.211867655504
41825.798541460594
42064.79556371125
41261.4450361465
40318.21712107008
36757.04456394575
36077.9802143677
34294.6374302274
31120.1915410216
28497.139497880955
26766.989582609218
26325.403684878755
24910.597264561817
25168.70827104259
23567.840179257026
22839.612133010767
20759.70367749089
21269.657864420977
21204.22036469229
21416.391265799364
21332.505908969164
22007.972042887406
22157.33236788551
21090.75514712944
21844.524645030346
22013.127469727875
21121.791580762423
20571.753901013348
20228.058571388956
20362.27974782208
20069.158934295257
19668.83731681435
19085.167431847443
20142.81672581236
19925.427582817258
20424.4323481289
19869.87265671071
19081.147466787883
19551.25588616531
19320.45784985984
18972.313768871685
18453.638080056655
18344.707604046143
16982.590872277546
16404.96219439259
17089.171199536493
16835.318955123796
17033.762368661377
Score: 8.365529134929064
Runtime: 261ms
336026.353494656
317167.34947142104
299010.1780059735
266412.1203691797
224516.3163190573
211265.68993707758
198145.96829953394
184362.74218837297
164320.7808439941
140035.8208515443
117894.17002971511
104678.59484594365
91223.16298151601
78848.08565910773
65071.090546988155
57496.70598283723
51237.223727783574
46826.99482965023
42629.96302381056
37431.00684978647
35216.480594228575
32483.52047595655
31871.801299424256
29774.323056036228
28279.25347940289
26479.429386718715
24072.71773414683
22536.342877099756
21827.27090066125
20098.82377698372
19927.010007687008
18567.161098799206
17588.605094210507
17463.91712408063
18370.889373926748
18605.144488269238
18272.869054107803
18680.128315591013
18167.85711740039
18463.04469910743
18939.57115144805
19212.102003324122
18650.86436313443
19394.3736178351
19328.8919433235
18843.671567245256
18800.99234711755
18702.794889315886
19491.82510556447
19669.360622096312
20211.602997577917
19378.32608488927
19258.918087177342
18551.96451080446
18099.721834164622
18168.735625122717
17953.787277775136
17738.74886349874
17217.528913038444
17752.526378466522
17446.922795533486
17157.286746444777
16974.30560175251
16790.42080072371
17642.12698649557
17091.247259685366
Score: 9.054615454774854
Runtime: 227ms
336026.353494656
319238.8844080248
290019.34650370345
260163.16879154902
233522.53782477157
212951.67468675453
202638.638892146
195143.97184865
179175.24399333357
176154.69816125103
156882.18349179422
129507.61377589645
114944.77367045051
92243.52624973188
82276.54670950731
72748.53643383058
63832.64961909154
60822.78965539034
53049.7260569373
54726.07247155112
47224.14767471876
46343.076933552664
44590.85090486618
45071.96242176188
38990.14540040997
37745.08646874244
32809.79280100757
30563.272269478613
27885.73038113402
25104.067970967553
23296.09637756137
22508.802905830224
20956.99770522259
19501.79164150257
18069.166025411552
18097.141296149548
17812.747573522516
17918.019738092207
17147.27066498484
17512.919489799584
18117.074931562063
18040.85946158417
17578.536925948658
16859.48356878577
17167.954696961155
17635.60717587175
17336.09830931732
17632.199078207537
17067.407955878985
16767.34603226037
16390.0009569832
16658.16177623926
17150.572303996538
17382.614901139557
16752.62202561099
16135.26072157354
15311.09221469016
15361.10266686225
15171.083506202562
14910.871805620982
15244.476037860053
15004.800450674555
14955.925655852052
15536.878259594274
15279.895298680132
15065.829585266501
Score: 9.609947191989091
Runtime: 228ms
336026.353494656
325521.7147340435
285714.87485416513
261895.56898694258
224004.4649445145
209414.8036239576
174984.9656887701
151563.13536800293
133288.04753520736
120847.01885605544
109512.39977191106
99363.51944807864
87091.1114419832
82440.51785104872
76233.77004223273
71749.19317063013
66964.74852221721
61881.378144928094
56180.53699333017
48665.91412605937
43243.27785024895
35107.25852617111
28803.971287997807
25897.428959381356
24771.124384890914
23906.88162152888
22979.76701672035
21629.581869074544
20109.808565840987
19406.881140219113
18782.613503478697
19798.999530914818
19487.75860593362
19433.007139907422
18873.067892533294
18022.089810291618
18313.79066702591
18719.282875493835
18599.964145399354
19017.356753022374
19695.564828817514
21489.361729762953
22000.380811534444
21403.205865317665
20301.530729363672
20655.387768210443
20569.237095397726
20654.779048270688
20003.809523816726
19845.88418556312
18909.325299025262
18911.439494156602
18353.691993183867
17796.390192045958
17243.317222668084
17157.35799712086
17018.734972071125
16198.31803866811
15926.103904482181
15804.3898856055
16048.982965016698
16125.474631285262
16098.402270863608
16369.566939070803
16809.10172337756
16845.888578491235
Score: 9.089877953919215
Runtime: 293ms
336026.353494656
316995.0816552765
287723.69220625795
268739.077737515
244168.9238734516
232156.60054999025
201462.71925152835
178565.99970196074
147082.19236500547
124915.02726394894
103815.64645236399
90783.28208752538
84585.70192314207
78266.80231573974
72830.83452397109
72438.75619826901
69638.78970647315
66792.88084636723
57456.16788320849
50324.11205276907
48204.27299651199
40346.35716508774
36835.66144219445
32018.353437266556
29076.68986161612
27831.78230282592
24819.412028774444
22103.265358815454
21596.75618102769
19296.381615305934
19393.716047041344
18735.582526369526
19798.533621674047
20160.179030879302
20339.16331768753
19078.82092320265
19561.607279143987
19641.867423228912
18861.2365676171
19238.37206359504
18792.109153724414
18814.143105481824
19260.03368413308
19023.892155082936
18654.84760178694
18870.60777702783
18926.402581794748
18845.715998925152
19026.094729825832
19299.018736957725
18981.0158946854
18526.569402907677
18495.643357923116
18670.39059002631
18580.46647299867
17778.889523608737
18578.78889920608
19536.729768718025
19385.820344104184
18915.991462071357
18941.524074607172
19543.623292701875
19417.458848279482
19172.6135608119
17853.110193597233
17428.016611837502
Score: 7.028337924680122
Runtime: 260ms
336026.353494656
302352.2978283609
280821.8256695267
242584.32761261697
217799.1937434263
199475.9872267527
173336.11104016512
151589.21394368826
138751.3866115778
123066.8848563323
101573.79354210342
83783.55624180046
69411.37263221556
59177.157868446564
50518.18032178208
44135.96940500693
38966.24572101506
35336.666268160516
31743.70025713939
27343.998598396043
26152.442448704405
23448.857798548757
22366.73814621072
22298.637810486813
22490.98661101205
21824.986844861138
21671.57001705264
22272.15205067322
20641.418518736526
21501.729084951123
20553.95199665956
20884.9082919662
21572.22049011054
20626.662640236293
20501.121915473468
21091.624806134543
21853.29234404675
20734.387742059844
20094.083343916638
19574.771892136152
19098.62225620147
19557.539955055167
18604.06299331473
17555.201634859724
17354.151509135678
17097.341788945447
16441.284164485354
17329.335090220924
17122.443607574685
17292.268737213817
16872.012225813527
16968.427811926416
16618.51940250135
17018.84542800852
17082.7022980559
17727.498171755367
18195.96616782595
17741.656160518756
17709.763630341946
18181.459829350286
17941.602277988637
18318.51258297942
17647.440023295596
17612.657380114782
18040.83060226143
17472.969220578067
Score: 9.042591295295376
Runtime: 258ms
336026.353494656
326304.9911022907
279278.16056184407
263049.5146495391
242381.1905960206
208408.62407143982
191134.09548147136
174054.2210269968
160604.72694667595
147239.44493741973
132046.74134765498
114319.1782165748
100186.14268107606
89164.95389799919
76117.62040123563
69618.13967704985
60567.99457754032
49539.91255496379
41628.77129453284
35789.107900526295
33068.45378612453
31774.113841809867
28839.830512909597
26998.00697235269
26484.36470671443
25636.13613519274
24258.82608549781
24031.90793244091
23035.78964356872
22176.769242379392
21557.41374143276
21230.114495352682
21695.79866876372
21953.074731125787
21245.95726178731
20821.15736739139
21592.773928761337
21340.37043338459
19670.86476623416
19764.841328696002
19846.80645282184
19877.4810238291
17650.078715618005
18490.765883058426
18537.47980761837
18549.676684772512
18320.40395235019
18792.132573739273
18729.1162218821
19376.5055720645
18655.639876874782
17759.642988225012
18248.992583881944
17587.666145685194
17292.51823653949
17620.503221155945
17136.41029384812
17112.350280558665
16209.010083605846
16189.59272551219
16296.31907862387
15766.201795629628
15398.382207404418
15234.797229340566
14854.284766889568
15336.83422353955
Score: 9.492104704319912
Runtime: 248ms
336026.353494656
328545.6234016144
300635.1754348323
259681.20695068795
242687.4306990346
239089.72196878336
227334.2479574213
187233.93549572065
161436.46715943966
141159.59021148673
129083.45786664273
110817.18765509546
93265.69440867982
83269.49449478676
70516.12735828561
67729.25110993597
56677.86635927986
51981.15628670229
46205.03940379659
43105.35536856655
34543.67988965302
30719.524488967836
29431.46834767812
28268.37762477127
24817.80765751895
22904.836500239664
22414.419993328676
21085.657014969056
20349.850200848574
19291.314918967848
18481.430379668345
18242.40723063541
18501.70072220127
19400.16820155646
19643.025971462772
19225.154583208445
19511.54351342146
19958.757813093485
18882.782274696354
18765.74303433642
17547.270737405543
17117.956476058007
16776.00615026891
17860.571756479145
17771.42853099352
17354.8566742799
17419.132747408043
18000.726825468177
18311.53696830677
17744.581581881615
17565.132728585537
18187.85318557119
18092.120574916607
19091.40593523616
18710.797122837717
17393.39812974426
16998.796669641528
16628.473320353565
16892.532860164843
17110.529315279997
15877.03662651902
16021.553029664075
15379.545478138769
15795.93857757091
15370.94359071565
15572.234835420675
Score: 9.188948689002071
Runtime: 238ms
336026.353494656
302112.5719747404
258306.71590352035
230758.40736789146
201661.78430633678
176866.49250963965
159641.8015673657
141005.26655640922
122746.68318929018
103998.95466634993
89546.0118256749
73755.63329828264
65371.714385248415
60846.31695299479
58533.67423826632
53642.22584361837
48956.66279195667
46261.343812842875
43022.12016248056
43694.19167894462
41167.59006976907
37309.34652620469
34035.242415736335
27672.810223971523
27009.436202621735
25854.12334907231
26040.846538840367
26387.6953032978
26669.932278351098
26404.6447926658
22741.21446427822
21656.02624943127
21545.54613424918
20676.98184215661
20098.009933491878
20378.29292415385
20738.789909324925
21076.193315594126
21986.78653840221
20906.51855433283
20984.139408772648
21170.399152780396
20327.38299348348
19910.138481540445
20289.06592568842
20694.626083666797
21105.86445450622
20069.595349225347
20425.79637299879
19596.660285046382
18915.89094692172
19358.742567977948
19280.804079276095
19724.44109722339
19249.876039563806
18649.608723016943
18752.447547352713
18476.03030486153
17932.3621060096
17609.295157425273
17748.070003984292
18585.624001501707
17127.102559686544
17898.40956383841
16578.496796194977
15991.696175518955
Score: 8.326738145281235
Runtime: 228ms
