336026.353494656
318088.48205080675
298690.7120141745
277513.83613283857
255802.71803606214
241210.0417801221
223289.54845591568
203364.91581138063
185164.07951218495
162890.1212937717
144052.708728752
133103.49433634573
118541.81665833468
108250.11326362946
97338.63761737937
86842.81426675705
78555.74078062715
71662.15072713119
62023.51710729882
54470.91114573739
44378.701462136385
40135.909432047054
38418.089424355254
38377.11550059581
39842.53044306121
39419.81486503756
39308.6624228013
39401.717965032054
39351.6756859888
37255.393873151894
37213.56213834136
34620.81915867231
33259.029069662705
31309.134121760693
30129.485929615923
28875.554032273583
27685.03888464703
26271.438217968993
25485.0514185682
25029.41379825343
24250.28144812277
23859.54594227234
23610.25861341545
22821.035194496195
22420.520415584033
22334.026925691673
22254.852411006257
21063.773671411196
21330.09437281339
20940.953009388453
20666.52153930743
19746.526810829273
19084.934060285435
18668.78329496118
18583.92901600758
18296.773538800066
18139.61321899357
18480.059039532673
18758.343549854504
18301.106659077148
18213.386014613996
18241.887953189635
17478.89856594469
18112.849420357008
18527.514493905885
18148.91226849062
Score: 8.64391843038426
Runtime: 292ms
336026.353494656
317150.7108049714
288178.67172505154
268309.2013458697
250045.19906291438
227100.56738623764
208759.09333625063
188604.29405946023
169989.65242558066
151920.9475448988
137276.98155221881
116648.61003634166
97581.6695807686
81342.00709366752
69712.55254711829
56580.22089801106
50078.47830171347
45188.825880408156
45143.05348769517
40382.779844333345
38840.38221678726
37653.77350677598
34014.883591590944
35124.80627974425
35511.94526886593
35994.149841541504
35933.75725981854
35144.01879776312
35267.069121227236
34820.78944471813
33818.43432774678
31975.7367943024
30129.787150422948
30220.27946179825
29573.62737204193
28566.213170084524
27966.585369418513
27001.785988142023
26428.174190381174
25390.650246704372
24852.400801402837
25205.82675107158
24280.330364506084
24282.40177185841
24086.436711782757
22713.270699336263
22274.43225811924
21631.38881332633
20783.863405814016
20691.242386218473
20298.463823314578
20602.108239579746
20524.807708717253
20723.650593251517
20251.389033540152
20552.45496581507
20314.53695743339
19915.623929570393
19284.422914434173
19697.668191305664
19456.665463885452
19313.07893283454
19329.59251676138
18917.434467525592
18460.62374551627
18924.364990682963
Score: 6.760611009309053
Runtime: 275ms
336026.353494656
320895.6157188996
295100.94808546145
273655.3128088701
238302.38843752732
219130.63910254155
203174.0959401764
186228.71963343973
177660.1835061115
157182.43577143498
139927.54910254333
124891.6935756526
107010.74183473866
94331.43214090152
85930.9914990144
81359.05272981596
77038.53194342738
71253.12444214727
69500.85831959531
66623.86384047475
62539.25177138134
56576.21153830424
51734.44275104402
45890.30382479441
42341.36350229333
40466.01198059777
39720.08892017489
38433.8316463349
36322.65202193376
34388.74251373783
33142.45479769898
30486.511258558563
28436.153356077648
27328.35204114064
26068.52201834399
25836.777780840814
24420.353959346823
23656.339220462643
24376.08259370017
24119.924011898886
23850.685279384867
24265.73656947291
23425.31379391828
22864.177181973908
22473.08669061171
21977.69026837455
21711.183777745868
21255.236442762565
20528.157553965204
19718.68221758554
19413.859558899512
19356.09472289331
19366.965451425873
18718.821951931084
18295.756829290327
18576.158527805754
18720.6156995476
18498.11644174463
18787.30377943172
18802.67023771279
18950.783169392154
19456.848554489425
19650.944151114603
19839.139808004285
20067.288867790114
19801.75480113854
Score: 7.241182086816446
Runtime: 239ms
336026.353494656
319300.3038835691
294547.71489748213
259567.5741540984
237269.9656406988
219728.31509280094
203901.15965364422
183512.08683837298
153859.28745306178
132586.23237524938
116048.56317578518
100704.3616147134
84381.49534379397
81205.20420229429
74930.78565901797
72328.96571547614
69142.96003779252
65335.845642883345
62470.98183177973
60636.09935936588
60708.78486443609
60493.91983085422
59962.035440286934
57314.67589149529
55746.55467690363
51955.28857466256
49492.6328676994
47551.23199220064
45474.4339895765
41730.33831728722
39316.19026985656
37208.594367540434
35686.56660880129
34602.76883849896
33620.94719608195
32181.795317675456
30688.871954284466
30303.732653128773
29465.42404884417
29112.845938458886
27952.458593435615
26912.464668696382
26112.825437344847
26443.001501284656
23722.89084332531
23562.619356449308
21844.638751914696
20965.623802505517
20092.590367250516
19974.788455776088
19492.97764144675
18771.692686901224
19763.035235780655
18907.729310488085
18673.33614545314
17946.148335725207
17908.56036525704
17130.59461440286
16980.453785781985
16837.125532374655
16979.722015985328
17053.46220776763
18139.538501418047
17523.61343023351
17665.395926859637
18249.10288718703
Score: 8.67659237616287
Runtime: 249ms
336026.353494656
319426.5652636223
292827.7633030544
266850.33133171865
247027.7083056774
221341.50285292324
209780.009318624
192423.89840839384
178016.26428364098
158968.34914862024
139856.71600131175
125304.02388294398
106788.92338720315
89080.49221242536
75607.45010740559
67357.4764645291
61959.163166118924
55998.13196466838
52285.26918465314
46507.16647504255
41550.43604323547
39788.469859633144
37674.328184432605
37306.425625934404
35197.56545544924
34504.42697681264
32917.34025989359
31613.022183975434
30129.689600215042
30790.39838637823
30857.604121409247
30027.839043990018
28139.220215701625
27130.90504966851
26072.190579669128
26580.283534037746
26022.68700484544
26039.250321205396
24759.98221368318
25263.180697340656
25651.89092791443
25458.043274263782
25437.698403121587
25055.249075391654
24770.215446407743
24690.85750526016
25016.47970276119
24500.408159143495
23431.978112903304
22859.615234159563
22371.542519608676
22127.408078908018
22696.3628750252
22824.631065410766
21566.762337129436
20921.99353272163
19822.617133457406
19905.47495964305
20034.224357870142
19961.11638754589
20012.77539593264
20098.873175632103
20216.535557488107
20318.474702228035
20082.554604393565
20130.049055328578
Score: 8.173265690032878
Runtime: 259ms
336026.353494656
320832.5541817874
296441.9782045775
276233.4834109499
255609.26012438664
234498.18633862413
215717.4864929434
199723.41134843286
182495.43661887923
167351.266620449
151130.89830332593
139210.0331116243
121014.95592052116
110780.67848521913
100447.86698757893
84665.96061565772
72523.65983768267
69291.19956549516
67893.92793047999
63257.87918469965
62542.438459855286
56258.34764928064
54213.711869524785
50665.92378772488
50168.18206437774
46785.87526623832
45186.4605803936
44405.56935988832
39097.412829810244
36755.374050961924
34917.27990332506
33681.285259743214
31427.97515648057
31262.993782676833
31096.813069120602
30662.61431956608
30456.33670972747
30524.947328083366
29565.681165931594
28522.28659406439
28289.843639660605
28444.92860694226
29484.574798871396
28782.593039008527
27749.670133806896
26527.126368845606
25186.555175894224
24392.806349706923
24264.21250255449
24072.022408651246
23161.23913811517
22333.282430528117
21875.231835015824
22534.50728178178
21894.641597454418
21455.48593566222
21607.516555127815
21736.530881854378
21335.82403013855
20584.051466912282
20201.701846198972
20084.14283083518
19977.15185470813
19642.58608335069
19162.536268413976
19010.76435775269
Score: 7.913029799162876
Runtime: 232ms
336026.353494656
316998.2970159271
296031.32100544043
275214.63261524844
249956.48700049732
219719.89751093966
198249.8909907011
169942.37532720537
153134.50679632515
121955.55210673489
99740.14929681203
83041.44421727375
71019.03572567168
61631.49392910725
57131.735780902774
46748.6179745513
43921.52031518503
42880.338875795846
40809.88401732981
41610.97292529477
35711.384621350044
33327.2739352286
31704.353023533822
31483.918129357422
30994.806435491777
29089.13927119877
28811.602968521773
28322.70614161929
28573.740231075742
27504.700970525217
27833.25344498655
27031.024863877337
27528.637335958123
27304.043103194374
26123.287010843047
26518.835413304627
25482.561228196053
25526.61030198815
25412.30115212601
23808.91002477521
24337.22195302005
24073.50918893807
24219.44661907619
24256.576278978053
23977.623127854993
23517.858807805067
23275.697647546094
23465.568564919937
22985.421089295192
22342.82300407071
22616.981805347932
21434.93137774559
20954.317141693595
22047.86693634462
21454.78733155644
21166.85823305043
21190.314051840232
19989.409433885638
19517.02979270256
19196.77084603974
18659.061519162013
17653.2775398019
17083.281803286198
16645.911661575905
16858.987575090276
16940.96049976309
Score: 7.1996111756988075
Runtime: 229ms
336026.353494656
318730.993474736
297111.64204213046
266297.7959260241
243040.54176276323
227049.76955581002
212133.9255722059
193684.49569599013
168918.09217454278
150038.08729222036
116968.76252933036
100615.4219176475
83392.80619649118
71657.61627204534
65164.62127463877
56284.70363027863
47980.56327629936
42535.154422913445
40840.05387631375
42030.77035063118
41058.98155552873
40367.669546214
39167.31321656912
38598.61152158667
37649.78344731109
35977.90163290917
33222.03199841344
31011.65030926325
29787.55549811618
26213.052229767054
24064.01042938932
23399.387370899516
23313.230699151278
21430.86264317782
20563.76589483518
20663.67729769282
20743.498927487668
20057.843732927595
20475.8519239083
19735.70939258093
19819.225858168866
19769.35225779354
20196.913356038156
19997.56950410424
20467.993829103234
20748.910940131074
20967.02984707058
19814.918650692114
19637.660696795734
19942.857922857656
19818.27432253245
20160.252517573186
20407.401079048715
20160.25842665685
20110.649168022064
20025.712609285427
20170.5475682235
20487.84062578034
20707.25928419028
20420.184030005446
20096.937358235537
20176.949259614765
20696.13984383454
20665.902765659026
20739.45868135194
20514.165083692027
Score: 6.277246847926474
Runtime: 269ms
336026.353494656
318700.27470780705
299983.5317461633
279469.1356651203
257049.90981656956
239693.36030877993
218632.61748703266
204434.01962969967
187116.2126893038
158774.3389460032
137045.83675654905
125303.74629119605
113197.588891898
106126.73121031113
93779.7758910943
85876.457430435
80014.3796331625
72559.95628214329
67227.95735508854
61662.93988999593
56136.03787270114
52081.938408609174
47208.84440772736
44986.414333873414
42325.352265356145
41514.95540138636
40465.916821760955
37378.55088681137
36933.232285935315
34238.9275257101
32582.297954299564
30108.113318909927
28874.57418330653
27478.745976378927
27701.034542145415
27712.063799182633
27124.645113214563
26718.973218981842
27533.312462999933
27949.931607059247
26072.272432632686
25796.53134042876
24539.30891892153
24883.493420147228
24446.82213095172
23559.440431944273
22700.13988493667
21956.020772637803
20901.590491930696
20924.080515557234
20053.38044442435
20367.45074475788
20273.07761434196
19940.220543292395
19875.155443019517
20322.79362504456
20328.94025942849
18951.436806784943
18725.052601996787
18704.159951950274
17852.407017309088
17542.25276603492
17643.024196282964
17859.369888028
18466.617358284744
17838.6501050269
Score: 8.304030834579727
Runtime: 234ms
336026.353494656
316024.3825565448
293966.82235183567
266456.5107797356
239834.30723629077
218495.6272609882
196673.256067257
181195.15626568484
161776.11852995577
140005.60879047116
108931.82240735494
88029.31001675602
70663.35232962712
68544.45216274996
63523.4858155438
57739.38284669447
55045.25020622909
50080.55354243099
39131.0213470727
34617.43166112764
34723.98432606711
32219.8095822073
31818.446138404768
32728.970420598704
33155.06631187001
32062.862261782622
30370.10658277321
28313.122157487214
27362.27920485296
26650.429831038844
25791.248159350707
25936.37824581052
26060.725335484618
25821.46704647755
25631.317602475454
24956.45110787057
23495.752882683384
23474.45699534416
22939.222575918207
22699.488852211856
22569.466717020852
21734.44817685256
22620.105016461664
22693.154692797747
22497.05535548868
22568.400564388317
23001.581070603734
22683.17264519463
22101.10471011152
22368.536063852836
22352.7534991672
22546.548655497932
22248.854407333874
22368.69086500596
22341.35521555205
22828.814346313535
22351.583474104384
21887.29149869365
22466.297198100976
23023.483842937985
22492.983547254364
21956.63815682546
22662.115009440153
22397.823843517646
21517.321989328306
21325.578825636447
Score: 5.582843651458809
Runtime: 273ms
336026.353494656
315877.3612760304
294524.06041087053
268262.7469963918
245287.58886726314
229846.26131300977
215979.16812746768
196257.13924769752
178464.871799507
159383.44491819286
141735.05520253588
132847.66249571234
120203.81460680731
107842.26973423913
101472.87242679641
91822.83880688778
88493.60490915377
79570.41334530839
73644.5005933509
68460.0998921415
63046.44294279985
60637.60698131511
56999.088540414894
52197.652005324446
48551.65469188116
45130.54561161534
44468.27716567706
44948.112572056794
42436.53102773649
39713.32521364213
36690.39404641089
34856.01764375632
35190.78155476232
34284.26711460883
31590.89575672125
31933.780113636247
32275.29883888454
31465.362555186075
31022.98788651393
30102.071522275335
29675.14873362001
28925.73956748992
27717.280473789284
26601.341359789247
26212.067106239818
25980.106357518467
25749.79207932924
24911.571090787562
24636.929037085374
24574.981019909686
24343.430286803447
24071.760223412406
24487.600774815073
24651.392799523506
24644.71546164536
24322.356094691786
24621.66685918354
25719.156983799807
26037.774391522747
26327.907039364673
25957.14612552934
25130.451325709004
24754.221015479026
23438.020990243833
22877.217183553337
21834.500827052958
Score: 6.978002324202183
Runtime: 261ms
336026.353494656
318707.4047750491
289373.7883880174
267651.50282339397
246382.57308460283
229346.99448519296
216254.97268077254
189966.78630095735
172135.13615141442
153885.60311621733
137020.2602249511
123762.64405432508
110951.08223146434
105314.70606860412
97995.96643176986
92705.63070465955
86480.94593773007
76029.00988232932
68805.9439351296
63290.4381404784
55447.3065090312
51991.54778858964
48562.89700337843
44703.883722124505
43448.98323037294
41161.788291059594
39341.84484203461
36361.92291129968
36681.81199808337
35682.84331772073
32902.77607669588
31485.274476300012
29113.54208369819
27427.091808257923
26740.998859173582
25492.123303650133
25251.685230018757
24855.696508488414
23799.11140067567
22846.66812473939
22080.341797812922
21515.368120218536
21348.54677802826
20689.786102652804
21242.604679770942
20474.383414643813
19849.838541768073
19730.48473722508
19466.88678519076
19806.81022016899
19355.512300769224
19897.71318037542
19484.67637882625
19677.55156808896
20136.908533900438
20481.823820016874
20127.688919554104
20584.14429378277
20714.5090986682
20152.066928581426
18475.543730165864
18353.999506876375
17924.152653262663
17830.734613313096
17629.19055914253
17625.84401916146
Score: 8.667253436046211
Runtime: 288ms
336026.353494656
316198.68766989384
293484.57438894757
261022.39378287896
236422.66411567965
218341.24550288825
201757.34207842022
187479.4399799639
172998.50936809173
153876.95737846286
128854.0580845213
115822.9541613792
106451.81571386463
95675.93455466154
89402.74286814858
81095.66908564283
72534.37032884195
60881.504000025765
53344.25009295962
44831.32767854213
33151.08004144248
31016.599731084007
27174.626857124673
25265.576576466807
24821.67716721251
23557.545648376126
23295.922010386766
22615.3730970245
21994.4863142185
21541.405743330448
21362.98848211688
20291.374065241427
20248.442641705264
19987.26870736903
19923.125114824514
19413.482085158557
19366.875575838327
19431.93882652708
18990.855431162327
19031.248663743478
18169.2151349673
18505.166922282424
19019.9026915142
19365.329632000874
19598.7115533512
20160.044802845496
20093.36702396209
20322.547152959673
20047.56917062853
19569.069787385502
19635.730044731274
18756.933524980264
18939.548300689155
19400.45246935683
19708.02353505825
19341.043213977468
19663.01988397217
19929.162519854708
19800.47532542246
19563.43300072707
19344.630818865116
19340.628035658905
19679.233895919428
20144.74935857587
19668.903403830605
19827.40138098511
Score: 8.640643184066837
Runtime: 294ms
336026.353494656
316798.3816123781
292309.672316922
266241.83768412756
248330.71119829649
238308.5252091912
222843.83451772024
200955.32472346124
182277.14931221635
170767.11212082763
152323.93549766546
127958.01001008919
107716.73618946456
97240.5176742533
91206.40695080889
90138.29036191285
86021.62407897017
81476.1248546348
74793.57835899494
71477.60475146813
67861.58527177793
61915.22326311187
56056.868795337534
51800.82054169398
49335.76142751297
47216.404063591304
46124.799685983264
43600.73652424788
42844.51461393039
41102.76550084756
39821.104888756614
38363.636976009366
37274.66703935805
36282.94346725404
35120.675764518404
33430.24069970638
31901.108367555255
31099.899347154864
29566.714001954235
28223.971800360643
27675.799440474017
27271.809276067273
26263.26773868788
26046.683579458117
24871.278702049385
24037.10286851909
23322.613708430024
21826.400623427642
20871.884743193237
21019.95280762561
20126.829949465387
20252.364742300546
20618.913229865113
20229.718085463504
20132.477228495452
19972.943009922736
19882.74963526662
19480.691117845083
19512.757279402274
19429.3349858003
19346.053192822477
19636.621484011503
18543.957131502117
18385.553468848375
18299.130471278284
18511.380124635052
Score: 9.186294862649506
Runtime: 273ms
336026.353494656
316017.63857670245
296616.96926761547
277915.4791177389
251726.8420918798
234387.20225122123
218467.07734708398
198471.8407747469
174605.07031999488
153008.79468933897
131674.16315228934
111101.84847770464
90849.16999464176
79435.95248131825
67752.86905789381
61265.78597971773
57631.059627722454
55520.846503746565
52194.22031163815
49097.65651581769
47212.53452780912
45188.57974685884
42765.80798250414
41912.8121821525
39643.254894017555
35907.905457248846
33120.28897813856
30563.387229982633
29261.99182919193
28798.716561835474
27526.497003617213
26622.673886221324
26576.70467159207
24855.248052032548
25538.98359067247
24237.48581778849
22561.60417040421
23298.844255965756
23355.205265319386
22363.089410818266
22385.678937738863
23168.369019342066
22801.842647518268
23045.630190942033
22774.821782667288
22696.432294094804
21576.095274310148
21041.46890608289
21089.7082950856
20395.149696101744
20158.19582015297
20632.877562440917
21124.689307267727
21010.169633411697
20712.223131416333
19738.181117300137
19970.59106442752
18788.88591623071
19231.6713949519
19425.09296196173
19286.049381635366
19838.832967657465
20218.177781409067
20355.62389934908
20067.692232589474
18957.215361536113
Score: 7.549410803359694
Runtime: 240ms
336026.353494656
312390.67876900255
290214.97335340193
264496.885796669
242017.3253875489
215827.61463480897
196138.12016057182
162439.95450388128
125373.9205050053
87058.82664145369
73624.22830472972
73749.99242198408
66339.29845862754
58251.01214363177
52058.79914481317
45201.18199608683
40901.405124060504
37911.11259312939
37703.50830463092
33982.25808025759
30258.49839651802
30747.178353090887
29502.583517118946
27784.7784267704
26872.023589647306
25477.06917990849
24838.049146890746
25094.677669980767
24200.18286635712
23771.626496309804
23430.750208094803
23924.91345358747
23961.176523658767
23562.685986034303
22753.077941937787
23559.878721961235
24071.16548095628
23710.515174720495
23214.68536851136
22820.174007182595
23153.167022990434
23610.61356960184
23700.19887326234
22568.707788802763
22223.780103107063
22160.21583803545
22586.86736315132
21922.012830236778
22100.751740124655
21814.742038601133
21749.585742466355
21746.079428053847
21542.426047788234
21255.48985071418
21709.71681702742
22587.13260411657
22315.518243469327
22138.683176794984
22120.60573526284
22363.369541404492
21395.985433192764
20594.18385814319
20216.878766266153
20216.654876874323
20073.17621770968
20439.387589346115
Score: 5.73916164802643
Runtime: 281ms
336026.353494656
316952.53934419085
297056.76803099376
271187.4084077995
244843.08612285223
218394.9895173833
196324.6051992957
179183.94414181486
156538.0473357744
150285.2671878376
140320.00944192844
118080.81408243346
105244.02084215952
86670.81059848807
70395.68195708324
60589.076312845275
59058.03800126664
52539.011813915204
51527.84302283734
46340.63503253825
44313.686960792016
41288.61153807083
38859.79655391786
40455.318277554245
38736.32477768666
38462.50106234685
37003.71360566654
36217.95436191077
34630.291997811255
33534.50363554168
32313.533190435006
31219.916681300518
30408.82693446269
29198.815920066212
28204.746712331438
26735.11428739637
25104.455714937634
25180.774775205464
24814.584104815458
24359.531452573065
24376.676673036905
23549.9768053829
22948.62971855557
22277.621048988105
22735.774508470506
21709.70734007624
20946.807770810643
20729.70164599166
21145.207961733846
20096.335490013716
20339.573609245406
21314.071139070456
20902.583578453
20136.327270640617
20556.823549420482
20998.354809350945
21097.978979288993
21285.84658505323
20477.50821839739
20404.646519067886
20360.28358586296
19908.462420669613
20027.280300105624
20044.267107280706
19393.30771511129
19457.550527512252
Score: 7.524656256665095
Runtime: 266ms
336026.353494656
319425.1357581779
296331.3346022849
272104.188380201
249485.83651287504
234132.60430223096
209665.55581248284
187374.31737446546
164172.4517494409
133760.54702154762
106347.63095396079
92282.81393025244
83198.7807669479
81025.97166799173
72756.6183798262
70105.96990500028
66250.37135956564
62343.7945941403
52340.394145555074
49322.374774137534
49165.64027144506
43274.27370655727
41315.59458959598
40169.7350863758
37739.81456649215
36998.253942112184
36026.91750702795
35717.28590725915
34733.08858542847
34600.99600143484
33500.464969146255
33504.01388586918
33340.95535590941
32117.81694557224
31466.42407433815
29665.69018098147
28520.149054142435
27333.615755532453
24480.12752897197
23501.44505269921
22943.57507006358
20978.443027150253
19600.833252078548
19823.06121115117
20017.335089723903
19834.69207855988
19532.815067846204
19644.43066946007
19495.135022193408
19779.222542850042
18165.1907151227
18441.72270672871
18574.63453070366
17734.711431570024
17901.311644867717
17753.98477604609
18164.287787097866
18183.07230721638
17610.390159163064
17071.93242274417
17164.60703395768
16761.660788730573
16462.254763252953
16814.89477048712
16876.45151837618
16437.04019808292
Score: 6.274972976974031
Runtime: 230ms
336026.353494656
318228.1323491691
298371.8549470417
272086.4782861748
251402.12005757506
223056.4782438958
206971.1383718696
182169.86219161202
163432.39627895757
138619.98261296426
118398.35694749007
103522.6826343252
90556.48549441731
81456.95160771272
79329.17130181717
78618.1805774951
70190.66372362412
66608.13892654899
60984.11720722365
58554.22410845138
55138.06346260929
51411.98030685681
48313.28735378549
43996.444552657114
38853.20626569612
34734.775571554674
32604.814842506563
28501.373315369205
27146.744018088306
25390.942482857838
24530.09427294159
24283.563510316835
24163.869022063805
23864.51568488782
23657.311638121715
23370.37876663904
24267.40599343038
24186.84020988723
23362.539535070773
22786.350579934024
21660.07509141077
20694.642910693772
20375.454293702212
19888.698774394936
20022.76882515905
19520.653201879635
19714.940479586356
19941.660104528055
19340.382679930273
18865.51499977919
19336.25209545461
19588.2146549914
19492.809837764074
19533.35372420413
19428.496545673905
19155.873261789835
19625.549579777293
19886.423030950053
19235.65372926016
19049.43540609564
18931.32551883462
18868.03578277966
19484.218255474847
19038.878286580344
19054.726981419357
18433.373726014004
Score: 8.577914624784693
Runtime: 259ms
336026.353494656
317023.2085527289
292075.86502692493
273225.0295118776
251419.1225220488
227208.283148634
200502.01195666127
181622.60272766574
174424.78011275962
160932.77886759
140566.03187893025
130019.18496463854
107608.10103633329
99820.04347011299
86252.98694456293
83149.65569021736
81444.58706922724
77583.28804079704
72059.87109402861
68508.6259716115
66751.74414157151
60348.001388948236
56101.15620516793
53100.527650401054
49696.70681344301
48108.19499773461
46131.65601215597
43035.240778207044
40492.13932041733
37150.94852717722
34630.68561892488
33366.662051495136
31032.086111045155
29871.875841732024
29094.60437551875
28473.106690405046
27685.72173405619
27771.806776443955
26756.07197237567
26064.785137432882
25367.72650491268
24807.24744681371
24230.43049630155
23621.446755138673
22581.499881119817
22102.63777030446
22283.518036458485
21985.189379191383
21843.405804742983
22562.787797164274
21916.731893494038
21198.928011135613
21015.85210079753
20931.71500901984
21297.752283223566
20489.953012090406
20750.45700770612
20326.362956286524
20179.086999447794
20136.94679151539
19800.962254135662
19653.559817932444
19866.54971311293
19436.021578785694
19597.06582381598
19362.485171521672
Score: 8.834255533654652
Runtime: 234ms
336026.353494656
319697.06931233546
296486.04626166855
268207.09924081643
246300.14785584467
220148.65493571965
205345.05630827302
189822.99030069122
171865.70389468657
159490.09494555238
148062.06214042782
137751.69573529813
128734.60617327566
117584.19110059628
98809.05916483473
81061.65843368662
71011.48347686158
62123.26983102496
58103.07364000354
44508.279639357286
42631.765684572456
36213.91212666923
35847.20736428353
33816.65035180276
30270.37585276254
29812.323244124113
29606.60668003368
28685.388385595365
28178.999746650617
25636.99821758219
25161.284146921073
25218.418155225183
25580.02120905885
25685.648777298095
25291.726542713306
24326.945793109386
24447.72616478332
24665.824837979035
23972.991088857227
23805.73341190819
23961.90989287051
24206.618423752465
22606.37302766349
22786.379341315656
22588.64290986739
22675.241899508845
22084.655693262648
21605.01721381724
21097.052350141974
20591.67428389074
20665.885488921336
20961.210962668938
20879.05937762209
20714.316233306094
21104.345992543527
21078.19417390817
20967.096464862683
21583.033859598447
21225.96224899891
20912.863578612105
21103.5376350178
20400.09989892765
19870.37583911832
19668.74281418497
19494.258918518008
19295.75252679738
Score: 8.753942606259452
Runtime: 251ms
336026.353494656
323021.8539332941
296976.22490116436
276507.1617198509
257363.0613750769
231011.98104160556
207479.54972345987
183598.69007758066
157727.0901775748
144416.47979132654
125418.45373688797
115140.01285072198
104040.96535603266
93556.9800442222
85197.31052761624
82476.71007039044
78066.49812540268
74847.02787501208
71906.35996631904
63294.34989540552
54790.71676600706
53931.73129965628
54876.172958044735
51448.652363674686
46983.20339701623
43717.01042859753
40591.843207177495
40097.89715332094
39412.082337357184
37671.853024668315
36221.993904892086
35551.86151665598
33096.57931187286
30889.81089174331
29056.29473973009
28563.007981613155
27788.63940644232
26438.777858533118
25956.91883524095
24742.68711405585
24431.08474847115
23855.58412447053
23613.36869214607
22524.22917400342
21091.658411715594
20539.347093788132
20940.958722083928
20845.97726015218
20875.673417799357
21008.48770048462
21218.10238871685
21143.866715303397
20828.886752171526
20672.13647890981
21549.527267228543
21144.418817774098
20820.75992824911
21200.315894402072
20570.04865560115
20203.351981470933
20377.26851985795
19960.238244484077
19903.413273810504
19128.124788817124
19305.6575918976
19704.36014637597
Score: 8.275747301483952
Runtime: 248ms
336026.353494656
317734.4352508147
296074.34049128275
271268.30784191017
246318.94159599463
227012.95760380186
214393.74085986742
195531.31377718796
175612.124192777
147314.54715146974
114614.38006459073
83045.59730595989
68408.44642020871
49884.439922832455
43856.11209828623
38415.138877011406
36000.67334145024
34441.03889501881
31704.0371320981
30903.231662707
29563.69463493784
28458.87550563888
27577.275616240237
26238.533060135844
24102.542822899202
23351.958862686308
22690.671356620016
23718.57875921317
23729.66359566794
23443.520635706536
23244.205933765737
22680.401551184343
22473.357889399264
23348.882588698816
23045.500403895665
23351.650209892672
24336.248896598845
24116.979247749387
23544.09701465996
23272.398941653068
24094.127138784814
24285.92252372252
24909.950152279263
24321.82935532982
24023.242142777865
23572.27154759796
22965.53570128371
21860.38331997717
21756.043893620907
21273.518270270048
21335.410294202287
20903.458547295813
20225.85035018102
19629.070847326413
19845.80071318749
20079.759994740933
20423.935080567542
20978.5722286787
21205.202192121324
20480.353902549843
19765.310473207755
19336.137148923946
18894.584530409273
18616.220603636517
18689.37914772793
18375.341747083483
Score: 5.83557225607501
Runtime: 278ms
336026.353494656
314114.0378702965
291079.8071709776
266227.6573077795
249168.92020260784
225447.17264321784
207621.48834204266
193427.7814291308
182005.1787489711
163594.98013999138
150875.3948023644
135885.43153731493
122116.18922563075
110586.64755703899
99634.92368921301
95613.73124141151
88983.32225371253
81169.73368928196
76365.76712467728
72222.18503377898
65570.54733651916
59972.735158868534
55835.7071574244
49784.19734376091
48168.22237538894
44176.0756403209
42238.35688564551
41009.580782735015
41937.21701563634
41891.656625359145
40465.65998858401
38158.90081526146
36883.32889035395
35118.900998727506
32992.87326097464
30960.732263516133
28748.618446184453
27970.785149053398
26225.13942571548
25544.547455233333
24367.119097945026
23823.145301274486
23385.77221102708
22110.59299517317
21353.96329668252
21350.33989068429
21515.151604990457
21828.37038589543
21229.77061436681
21372.04577939228
21298.309413032286
21021.019571789755
21592.245679883985
21351.61026084919
20975.304626236943
20169.46914865978
19910.520800313996
20611.309162494144
21174.92216532437
21417.91558769715
21399.67275166849
20918.402011139868
21069.014806009494
20632.494307241108
20238.494080162738
19474.36997456494
Score: 5.891629282558889
Runtime: 266ms
336026.353494656
321182.2822001491
291178.0868446223
257873.1218534149
236654.39029207945
215038.0357809351
206930.6968636036
193169.4727762608
176627.81906319733
153710.58795497127
139224.97387704786
124837.75559816493
116382.70944918084
100776.34413490456
83473.89492183403
75648.86082643623
67184.9714494036
59105.208581553874
50744.5348488035
44989.99767871739
41740.718339851104
39446.582920539244
34368.23697832713
30146.009535240624
27831.560797693473
25360.572014415382
24849.62334413618
23877.538770205952
23870.251989697706
22590.240076373102
22596.550531113764
22762.184390788134
23247.75274246012
22475.666105062195
22092.059625255955
22014.623564410274
21029.805401252142
20738.746358036526
20002.65300557037
19663.016932332986
19701.385814562043
20164.41076815054
19909.142427441355
20320.625538032564
21351.62467363761
20746.708472170718
20810.947555729093
20504.43212229662
20795.809151151436
20510.835993231616
20413.93964315622
19995.18497022224
19625.495537334704
19525.221202052762
19989.43057985037
19771.3335894165
19655.016897050802
19667.241849612485
20085.454493056583
19870.826826917666
19779.20243223599
19745.923244657108
20190.3495248859
20251.142653833263
20345.539901935124
20075.247933732502
Score: 8.240028953583726
Runtime: 260ms
336026.353494656
317373.3429769426
299831.21355134394
276159.4758718151
257838.31917692677
234281.70455558275
210435.88119777644
184295.81135722884
167347.03399396542
136177.66079475734
119228.47546342017
111740.86119602877
97580.14679592551
91131.88103255685
78549.6755578787
76633.60718717818
73122.77991743512
69494.60912057731
63270.38435617132
57391.921619113586
53721.6491561769
51212.01798287377
48995.48270834577
46571.89555514325
44325.270084549236
42022.9235451215
39508.20671498873
37046.79285003913
35154.3744858405
33110.233462897544
32645.677946592747
30990.601856547633
29228.49461313139
27827.547917535427
27707.088876972393
26973.3793119929
25795.145743874946
25595.083795179053
23832.781856352256
24052.370300147108
22724.78352578302
21622.55607552976
20974.78266099603
19465.640377148615
19855.264300344254
20306.601521764285
20347.69926067098
20658.15144057479
20923.382874018745
21276.985631609397
21505.188424725962
22176.379083786353
21974.869825529444
21621.432843848448
22292.36206186933
22193.729687868497
22025.630265205098
22168.49645228011
21937.20559802914
21799.597087736252
21846.651506233284
21378.138524798018
21421.056842031663
21499.128322068053
21697.267436339578
21306.45014725676
Score: 6.6459502805196955
Runtime: 253ms
336026.353494656
317533.71183131554
293210.95950261765
270447.20309050445
241196.7813112687
227073.99860541936
211582.63274147955
195746.97242433898
177402.1718341819
154886.8279554273
132241.08492153895
117492.65811293392
104225.2151212215
95954.36523728233
84216.61587151693
76512.28311915431
68595.10713933954
69296.58223614891
67997.6517216594
65186.564451901955
60164.959684922214
56828.46707693332
55253.91490428465
50656.31909125848
48422.93470863306
48031.74483318768
47659.2371547301
45938.088708192605
42976.00947403455
41577.84775425234
40166.83623741719
38770.08568690938
35904.655470433114
32838.14547642626
29398.845885414103
27875.47626810441
25628.960518696807
22849.538559873305
21901.09340846624
21890.06653455956
21369.42651754135
21068.375034222794
21132.700968159475
21152.982354666306
20951.57956446185
20214.066695399833
19270.306164178794
18472.884237512775
18526.215994379192
18508.90108048963
18652.556659784434
18569.680545593495
18493.9633687512
19082.044682028216
19531.094459856155
19903.53741068853
20433.650830532526
20621.313553337983
21148.80498620624
20624.290332228575
20678.34761297705
20493.081941368473
20645.04583644001
20149.54310328296
19925.618233976762
19782.091074379354
Score: 8.47158852288306
Runtime: 252ms
336026.353494656
318771.1487117485
295351.9848580269
272932.32117611426
245576.68091277106
230387.45801490193
214417.0484977335
200677.38630786823
181732.5987584631
156796.093234118
140782.92250650463
125776.4646986567
112613.67747655416
99633.34959203075
92335.3348414692
86944.22946281801
80608.45178482092
74126.15329853575
64944.34810522451
58262.908328471756
54683.67090498473
49508.67860427223
43718.12571131927
40300.696685802046
38487.81564772207
35080.16866604403
31424.145665788004
31778.46507084011
30762.485018723
27908.604264995345
26294.014506108047
25497.250773627773
24346.81171559452
23541.888388513897
22567.118665632344
21675.858109264125
21075.238681271763
20857.165283471608
19981.009543186643
20434.98189212972
20788.27625637751
20338.010927630217
20624.52976804927
20540.28153079992
20313.136612870236
20365.12372180256
20146.321233216848
19989.76661401386
19834.359134142134
20051.415936983667
20137.18786245488
20478.873582024175
20402.030824869456
19658.549589373735
19000.651055713748
18058.12636915658
18486.6673104379
18276.176661545363
18256.35257559225
17785.155432702326
18331.59245086833
18271.09879091338
18689.248495301905
18548.904153584073
18369.393327112943
17945.726355654522
Score: 9.087069490568474
Runtime: 279ms
336026.353494656
315000.90962735657
289110.4101356868
263437.23277116974
240066.92751911515
227715.25939146185
202480.49219752778
185154.02973517918
160004.8485491298
136261.80499112827
98917.05008701999
83152.79765982824
73267.87496574741
65239.00689627563
59493.4837149825
62112.251492986856
59319.872231614005
53104.11106523093
50306.32595995628
48608.47901546172
47230.062635735754
46267.83869349112
45104.75271256711
45319.51230849352
43051.283648660916
42013.632649519684
40859.24508294786
40474.36114374436
39595.510758947305
37965.38088287078
36897.39278875734
35503.30658570665
34147.65825163966
31335.94818600489
30275.373065989083
29646.06795804741
28367.59614666361
27593.496994564095
26901.255918361727
25448.760069647447
24744.965450921787
22380.178091579157
21196.555714817954
21551.947067500252
21068.140409554973
20262.61930060687
21366.737355660836
21225.783937708668
19255.667690713268
18751.31206222055
18776.80198747394
18556.47057301284
18536.60608640701
18224.43850904449
18800.720647995146
19062.38600644397
19008.624580762247
19414.34615226272
19766.710385754945
19957.719306763087
19432.577282803428
19169.02600038986
19536.751809552177
19793.716407873446
19970.258831977233
20088.785681665973
Score: 7.583438490465211
Runtime: 261ms
336026.353494656
316684.2977926539
293932.2897514641
269842.34337808884
244355.8174492042
224615.9337450043
205009.50285721218
186837.9114869444
168710.41479760822
154449.569849785
135854.834705697
118869.8404260621
103327.59204653787
93261.1696207458
83486.76178060615
78358.31694129133
74903.4826288352
70135.5711682058
65055.92284826154
59534.63849530672
54652.472152879294
50362.87687754081
48083.53687124831
45655.199722582
43975.068333193834
41498.80657890184
38249.68497119055
34865.842907284976
32367.834487057713
29525.503415625913
26559.580199325872
27172.488153509643
25390.60333331513
25786.780153039756
27571.70368876275
27755.48475817874
27317.31634111461
26119.02681861266
24469.870475735046
22807.354736121855
20048.139489039386
19774.24691608706
19968.41651814097
20385.239757763586
19965.637584706543
20495.73794988631
20721.634727875775
20223.25660337545
19987.00071772336
20495.433710192614
20907.924703309953
20763.02428168587
20456.89485325059
19536.70499690943
19323.734909392388
19482.039699074325
18861.70672279906
18313.61269378895
17691.76243002194
17508.700276393163
17277.32651505095
16342.940639960787
15553.457275017206
15672.846320273427
15383.90857793537
15440.751896915008
Score: 9.488795339445426
Runtime: 241ms
