336026.353494656
310154.4421285624
299920.9213914686
277981.3303375411
251398.96851292116
231331.12825219668
204594.03261248633
184345.60443025944
163714.71845019417
139778.1031758152
113814.5719337572
96453.5480460761
86683.88551160366
65783.72343362543
61303.98373037132
53295.799156777975
47717.681065182034
47064.64796691573
43685.33752925961
38815.87869401864
37489.1921830603
34125.07705115551
30988.639014086715
26196.27129986104
22019.334531133558
20325.296271624367
19715.061015227744
18956.338691356028
17517.462680718556
15410.147474450565
15232.462397455767
14438.506313704622
12931.18354471919
12548.006026903406
11704.81107085098
10609.182606623066
10893.148047710998
10578.80889950678
9687.221937404895
9623.685558450125
9796.280032975865
9802.462163062995
9626.074395503101
9719.12107627178
9439.154641344128
9013.828282289553
8491.39170542737
8790.525150928042
9467.17351715141
9909.395048327351
9869.603151601248
10164.788389850388
10444.86124941319
10486.708457930765
9926.758517847313
9753.181711704745
9310.50007383662
9267.793010613239
9121.270258684159
9331.755112639083
9737.685337653524
10159.79287186896
9676.625231560109
9650.867634746552
9860.6821151113
9297.642814398303
Score: 5.865208499229947
Runtime: 267ms
336026.353494656
316368.2220334136
287340.0720440054
253972.69363990353
211064.14620999465
195379.2937751883
172850.603354139
147504.43920603572
119906.72514808172
99678.62607671332
81388.75410851132
65532.77306078295
54820.88144900423
47389.377684716805
41951.804763659464
41162.64541390605
37436.96654992171
35041.640743035096
33146.441155538654
30633.427989584547
27564.588762242536
22663.807955113847
19261.08798216895
18284.512152809348
17516.499390488927
16516.967378187033
14964.120018693937
13355.816408310984
13510.33541073374
12754.056311128457
11951.69556587905
11238.62732604672
10758.03700727604
10540.442743832124
9813.60090725174
10202.309349483286
9449.155017593966
9525.280836985317
9259.866164627589
9294.05217416679
10001.34282687339
9688.773197093178
9762.892907692963
10105.940609217667
10502.253954286753
10125.233919191745
10490.625378402368
10566.42360187648
10924.133559433829
10676.118242620414
10356.563616553263
9989.973388192111
10050.107268716562
9515.15034455643
9719.953438823963
9330.627789128146
9563.471172615838
9753.641249771805
9739.582197436299
9772.257695979586
9488.64786965988
9836.243307277533
9503.750571104545
9778.835256493563
9568.228183269011
9676.483154742207
Score: 3.3339532968497183
Runtime: 278ms
336026.353494656
317613.87961123633
281671.60979095
248234.93355229427
216109.57593163758
188640.51455362295
160707.26008875426
142680.77859533465
118378.20751323013
103514.30205176257
92728.11714426214
80011.27183081026
68077.10313098588
60064.679085179
52385.01951203407
45539.35970451731
41469.633915597646
39480.32394063454
35950.78292559949
34436.21379050867
31540.578830841754
28975.503830014735
24194.94138662805
21904.817829424635
20692.793816622983
20797.147262825463
17408.902988065336
16000.053314988429
15456.447260051073
16101.05463350165
16758.23881103797
17771.60743312019
17003.256502837547
16057.768156629152
16551.730807650467
16789.21197913175
16385.15752119894
15672.347672899396
13605.674962936126
12952.948033773646
12904.358040776524
12136.964612879534
12153.774655882033
11626.00248075767
11387.948778975671
11039.13133596996
11042.760152025
10525.351544646841
10746.553720400905
10594.19058452268
9745.980915998724
9591.214547108779
9816.479768319416
10139.125489839162
10129.469231022975
10180.337753603824
9688.973954177067
9494.746639717316
9359.994012705092
9822.74688783203
10288.043788777153
10347.268992171574
10524.458587113018
9994.494859412138
10144.5179467386
9660.781675475067
Score: 5.83669822172949
Runtime: 259ms
336026.353494656
311672.64215156814
285106.8840955662
251250.68118748593
231986.013887825
219375.7849208332
197290.0727653812
181530.85010295414
149142.91424034126
133224.2298795828
119254.73946862614
108500.48169062201
95758.76901906829
81965.39599178237
72808.16907741818
69596.69446367532
58670.89967846828
55932.2417953051
51878.778290620634
46923.19244878574
40224.592208506445
34007.13998045012
31254.954681297255
28726.326979986898
27529.396967353183
25017.530835904356
23708.292011851932
23025.795103882298
22290.587931527367
20953.41838082989
20132.54801221245
19262.855323608735
18921.77857615616
18222.325947877995
17622.42703098688
16941.911447871003
16634.96044425016
16013.480894712415
14278.571484831844
12974.998987074136
11820.295377750766
10987.916408622132
10662.866174582647
10606.167707815543
10572.734665737156
11023.771424368937
11945.411069804188
11322.128683364956
11581.18865643886
11141.286619734849
11042.383117107263
11179.127142287229
10479.327692848325
10831.8359428109
10639.04717244392
10607.920358039817
9844.905966398957
9894.153417868345
9902.050288611705
10122.082503361893
10206.544856029172
10149.54541083733
9761.601817871418
9611.932432765301
9211.663283774049
8865.991648511606
Score: 5.173628404977145
Runtime: 292ms
336026.353494656
299477.734209558
285256.25607370527
265879.51777159976
240828.26619118464
229158.01565093678
194501.38629867302
175338.2984593429
155349.30605691127
146545.7490009586
134072.68205032893
117965.62436631438
97428.446728622
75770.423137875
68313.12323159537
61878.193013102835
57222.33134623369
49812.09396037049
46662.97996253263
46321.01320749903
44900.60950107006
43246.858896523896
37173.12499794171
34943.393488774585
33001.77688307611
30748.4268471011
28111.27210870557
27860.627560280107
26120.283048106267
24988.968251571696
22488.123617766418
21368.971473364465
19618.9697412417
18362.310337622202
17095.983968728746
13738.112747167588
13102.37539332278
12916.764787655158
13208.517351064846
12914.238007563119
12709.143594412844
12337.375744063982
11870.435324130896
10737.808996533511
10086.819011665475
10155.52386138012
9820.716258544706
9923.358094125355
10498.81914706294
10765.590222647541
10253.809638724766
10063.933392696856
9951.225217204998
9943.492520135285
9884.110358810847
9892.50104134573
9755.876913954087
9662.56051175082
9852.239670235356
9962.44431391552
10414.08065647096
10182.094632437178
10190.824189845462
10194.263424468712
10368.780419171522
10078.641954007895
Score: 7.581140454173169
Runtime: 279ms
336026.353494656
320210.5168553889
293519.51473132847
268506.2457691971
235782.5943428831
196935.69104816648
178961.84158566277
149672.6113583747
144814.74976201312
120381.56380439518
104290.76220461506
87974.66098060468
76763.49523279136
70040.19612009842
55784.0830172083
51472.63425492775
45054.89243987603
46018.5227507624
42258.40024770664
41534.55693058709
41109.21022108137
40699.406258162126
39365.15935453802
35408.299445407676
34388.41787060717
34081.86973116705
30354.315943541438
28439.419722428098
25968.010995917775
25946.833556610178
25564.51607953487
24391.90259813271
21771.25085224321
19418.200910038777
17279.75584363227
14975.557268310522
14193.881530365788
13433.69740207851
12882.427988531013
12622.061108424788
12707.071426701095
12783.393439795851
12649.224502817477
12648.980496366628
12118.812568066067
12079.761619764939
11302.286609382018
11007.81566983018
10685.209334315861
10364.258626325449
9729.360407830412
9283.000688261714
9222.282588321115
9149.593787181617
9312.182237210593
9282.033584895356
9382.18727693146
9423.283230589152
9530.248298210725
9218.294090189982
9097.38195980414
8830.995951538636
8938.554024088075
8967.722969999035
8538.884643572736
8934.204684642833
Score: 7.160235626117465
Runtime: 267ms
336026.353494656
310837.6543767976
282458.6793428258
249597.23787988155
238985.58594742208
208297.91540418324
180281.41096188512
169476.5293667871
141440.720786911
124999.62500589693
118594.29569779323
98887.9809087433
86956.54368137651
75627.2201508556
74210.89771583895
64015.92747058314
57641.61123330418
55031.56742727604
48214.42689701222
40751.69227951367
34459.32014452993
30437.206885719985
24647.915570452657
21459.25422909926
20628.42580647868
18075.920064357644
17505.478443270502
16997.113102276977
15517.705179764287
15199.386591880755
14877.847627776382
13305.523249169384
12967.493644040798
12812.277074513979
12293.579209369187
11612.680372883638
11419.508447865022
10916.664964875647
10631.073661953482
10297.461462032608
10145.9697576707
9502.211985166972
9541.012199188594
9535.760072802834
9747.809253988
9092.815196617885
9020.08295566365
9374.26993871062
9079.995337661336
9168.155678027588
9223.630888267384
8835.256895937355
8574.885666246999
8135.537160564479
7963.403844317375
7768.662588375239
8198.28403269018
8773.844665570883
8351.669987162451
8042.714569687656
7837.176371637679
8151.5173684956235
7795.389502845953
8040.030759090513
8235.545713116544
8195.730897240695
Score: 9.251448260170715
Runtime: 225ms
336026.353494656
322998.4316350433
296615.2743489813
275537.3307415331
240485.67341177704
212441.55001595017
175575.37039695424
152603.0967439047
131884.58565480183
112148.9019540351
105356.60635997562
91750.64120308719
80228.44981832175
79241.00440060112
75320.33014702938
67666.31422810486
61304.10680530348
52235.62795572973
47067.97525457334
46591.4391586017
40749.655247862385
38527.05134900695
35635.94299220709
34905.68323755665
28976.30640357279
25554.052069883946
20198.43705518827
19610.491682688156
17881.373299390452
16448.737664411965
14532.561111250561
14005.764065461535
13262.894465106592
12796.152015418793
12323.240130843089
11989.789765053283
12083.425221616797
11361.362106160499
11787.387856112178
10820.739755467144
10374.527333539814
10175.592874304952
10408.359064464204
10584.942602066496
10783.005398545934
10425.198010268383
9441.351224449625
9784.194574328465
9925.852264974053
10299.416732863378
10055.262340451805
10539.485041067353
10398.727414513469
10505.602607248153
10072.044541644118
9537.37730243122
9850.828396289407
9901.057298584465
10134.791081333506
9727.889640830048
9823.054085265629
9622.318517535337
9774.77693467027
9801.430341145591
9886.339846204435
9630.005902327508
Score: 8.536800207288385
Runtime: 264ms
336026.353494656
317892.42073173146
280675.5820119225
268721.85812273715
244824.84295186156
203241.44670702255
180579.91070953466
154744.28499832706
144357.84462281206
118470.68684704199
106932.15401807743
100939.29041540908
88494.52122158367
78367.97725501336
70649.16089199073
67471.79014972271
61917.27860915608
57354.8649921029
51792.74585925873
44023.02049902745
43065.039089864455
41146.57750561758
39630.066976124464
36800.25112803451
33064.08780330028
29563.049455525244
26848.83278840394
25484.461426017813
22910.286624611195
19746.536663939693
16325.703590428586
15203.17223704448
14341.193862046854
15034.490027976815
13704.461196081204
12938.531092186855
11821.579921156135
10934.266099246835
11236.538543394103
11604.764557882629
12110.30919849502
11232.699288285901
11152.390595789338
10659.674690634225
10112.20760784069
9876.600856833065
9653.65397061498
9628.628545175836
9911.515196818636
9734.92205533853
9805.490157229158
9681.223261154673
9571.36427762313
9499.751974928051
9515.884304138914
9500.579471884073
9161.929224003272
9266.639370686864
9456.063324040028
9293.823165432872
9553.752796548823
9798.401094657765
9241.513429609646
8725.751567961464
8594.652160809052
8155.570814108271
Score: 9.100091702452545
Runtime: 226ms
336026.353494656
295779.25302328035
274413.09404667193
263281.47551186784
242958.56691535102
211062.44753321868
193443.76464800647
174572.91799927125
140255.49978292471
116919.12371491204
104205.05195674684
92968.55441687944
79342.11781248616
66870.67850958378
54448.40070823034
49894.96612114786
45536.408639666195
39792.695705674734
34461.40576737761
30884.814970101637
29022.954363431836
28088.042439887624
26295.08568731341
24519.57661847625
21881.189373413337
20838.482210260656
19617.445708079988
18047.297352116286
16525.84360715297
15824.071965260982
14555.919359518739
14524.964293420799
12933.584105814085
11845.042904038966
12122.156820547822
12183.111925195
12279.791600520171
11996.088967955906
11781.178372193823
11745.01247929632
11897.581025335006
11631.905421836922
10955.763424269024
11102.130507781276
11182.841757883265
10133.881034448044
9810.660608960385
10042.85479898091
9592.45012622587
9446.21150621924
9523.70284714701
9609.883101438127
9696.952978300387
9319.058330144866
9383.252791290215
9422.878133058448
9046.209953506039
8902.431677521894
9255.824926547542
9506.408571790673
9609.751175600268
10126.983032699389
10171.780803748821
10234.993286744817
10433.785283264178
10195.42471714141
Score: 8.587622396328092
Runtime: 230ms
336026.353494656
315271.98031286296
274798.9894162189
231192.96462020226
196395.7249287962
186025.03422880545
154399.6616873742
134781.73614110533
120332.17270608299
112735.17165158465
103371.3870674013
97939.80850079993
88046.49553480644
73890.53145371289
60490.698756650505
55130.06309242069
49720.389989650284
43650.99837872707
37398.74026685743
35716.62910250821
34307.57536817743
34605.59475733946
33067.63437582382
31482.450030979704
28776.625044726985
27678.428162372715
23126.022838158075
21386.52239351477
19389.45252117868
17400.01782603654
15073.524295349827
14757.437634250939
14363.87997046411
13164.186967451085
13063.223938925717
12445.182421324962
11167.201054543862
11147.443668272577
10641.42096840692
10511.908845378819
10565.083547858252
10610.80580969634
10017.159030891331
10551.037929857957
10422.452059149131
10447.468372176258
11000.45290541975
10667.83584824869
10328.619733785625
10612.206865191869
11004.267161887881
11039.636069434377
11587.99424474355
12323.90953057541
12221.431333035065
12675.104686276183
11463.594852799848
11322.058535028638
11198.245453504558
11089.38042009186
11079.863457741596
11231.919430733768
11054.246218309787
10358.552281242683
10349.837224485722
10373.414071499516
Score: 4.711914837672394
Runtime: 218ms
336026.353494656
297146.0395227407
259277.11944703237
233782.36053115342
205645.66307772725
195647.44947834493
185167.4612457861
167855.61879812248
147699.82630834184
138102.36885712473
128849.52191613567
120251.28469409738
105367.02630301403
96092.89024810275
85293.88035620481
78697.34432070571
68540.1098674488
61544.20260159599
53093.15243851848
46794.76523432444
40524.24280798689
36101.75179403588
34305.90957967409
31020.459541005388
27317.215141018536
23024.561856755776
21596.591699753466
20175.28548958543
19853.49397854709
18992.004491784137
18511.76363422953
18683.274359094397
18199.315016895533
17570.463812703983
17180.860434064016
16304.614289575751
14600.109832198645
13956.928437116272
13687.967158862872
13566.648054343292
12958.456772637213
12652.77155067749
11880.613188083793
11416.967694590265
10868.86087822998
10762.196640078026
10090.834015830142
10502.882350871769
9968.440749025753
10010.775029717748
9805.925221801192
9572.44522193128
9927.597787995588
10110.22594170199
9464.971207699928
9788.943335973925
10206.526855677548
10248.535988667432
10380.081197531423
10181.847375134234
10317.065357426283
9833.701408078103
9824.635193635138
9813.581598547002
9945.091722242469
10132.207822419503
Score: 5.818795749961071
Runtime: 263ms
336026.353494656
322933.4269030207
297846.2732771165
278484.33662613406
242519.78435830388
203382.19072531487
182533.3810872629
155579.55754278295
125203.88190325238
102991.3473456013
89505.66812435689
80079.39235679987
67965.23959121028
62307.59212817643
58735.709696943246
50859.924762721865
48207.48342863159
41665.01316977388
36517.73677137464
33204.45426405202
32064.032980400392
29956.877865724124
27586.972005744396
24689.07027485506
22352.187775572762
20874.503922059193
20045.686379458733
17727.49736391738
16596.41290038294
15984.509936191895
15784.987946957404
15955.008932191524
14942.319323161464
14633.323261152871
12404.092276439073
12014.067027776686
11316.163508763691
11470.397420142224
11005.101835591355
11282.176904429261
10558.082893558229
10459.642661881324
10272.054829283226
10170.814328981614
9888.322626523117
9375.105612864232
8698.34834904918
8143.8989471944415
8235.514699669415
8174.1723417349585
8469.806295449245
8706.091936115821
8572.513027452533
8807.166136319363
8629.004059924971
8998.367678631654
8856.78621406705
8944.370535898035
8838.327370632307
8804.000675768824
8652.784725545034
8663.041978318166
8897.676691355344
9388.574188037866
9048.559017201882
9039.499065630658
Score: 7.5928701657034425
Runtime: 220ms
336026.353494656
306359.71300875477
292962.32740640675
274042.75033912377
252233.45174041446
240502.71944415817
206304.7487440089
165013.5529234439
138910.88440172133
111384.74968424319
93161.00795862422
74861.4668032854
62070.250797609595
51810.97648704543
48816.66448333384
47353.91911853829
46792.956192786645
42944.41469198151
38092.688327919306
32307.953464213177
28386.745048011417
25151.45569520538
20354.159154719862
17475.413264286923
15008.973914646005
13392.608703287862
12700.964163400038
11864.254160445393
11871.794786927921
11295.082409474031
11368.021105786858
11003.317418642664
10715.270791789268
11043.032342488443
10910.932357885391
10205.151694514881
10048.919703893924
9589.86114659648
10098.134451506448
10437.762031400227
10477.78604018654
10800.682560258549
11219.44629339256
10860.131279070896
10566.096439109242
10624.180179180245
10832.046603270912
11547.084669057876
10795.689041218779
10628.659666430907
10117.498382570971
9420.125562825471
9455.552123354199
9160.920872902398
9057.88261525371
8576.418305340643
8970.602401886239
9014.226189266674
9257.609311469923
9479.70857813246
9748.478188482653
9111.20903195602
9429.26401531908
9031.023668669352
9064.094690774205
9489.084038377574
Score: 5.7973865725498115
Runtime: 269ms
336026.353494656
293791.0963782554
273899.69410623936
237449.31868613348
217980.3632023124
187749.38863459378
157231.21487925889
125059.54023169263
102659.95035622585
92065.75915650478
84516.64954226762
76651.25260298356
65502.572788227044
57958.397021179204
53536.34050121973
45000.21779190057
40882.9316890727
36908.49678521098
33128.025206281345
31688.791682991436
30303.818186227367
26749.156243275454
24054.08069114747
21932.34094977004
21297.134975703
18014.12537352874
17716.760735008073
17952.43918317622
17191.865765743587
16976.76882196057
17250.68172460589
16690.42253777865
15127.004829896998
14741.80820840737
14572.566458794261
14036.407132134611
13006.59435372993
13054.272912660655
12889.826051686874
12960.936066999799
12592.136569953402
12420.306068452457
11562.770972846876
11674.884780058897
11822.749113143294
12239.107651108066
11500.81079787263
10883.67266876825
11064.786323324475
11468.223856236467
11431.369419098164
11515.557713038199
11719.281798483828
11468.432961786282
11788.279681054115
12363.0419434967
12013.980845571801
11618.007255265813
10972.326352296877
10425.510312591727
10582.655155487173
9722.419230318736
9709.56045353093
9462.886910004388
9248.81807140147
9234.97387947378
Score: 7.274028611673414
Runtime: 225ms
336026.353494656
321995.50969844067
294714.68175385025
247382.22350841452
224452.78948663644
191879.97988031164
176671.1720813431
153181.35365814038
140590.2679200339
126015.87668729029
120460.75256925303
109145.93082643612
102261.27690072086
96937.90803277849
83090.72643624488
68233.4247009757
59598.82572373681
53124.30864712788
49522.962585719375
46653.8922493127
44284.765119043295
42253.52281810359
38271.55524028988
34323.09272654974
31163.749336898767
28529.924791394467
26119.653313757033
25000.36770939453
23986.317891723702
21314.128390443137
22012.151367541126
20755.273112147555
19758.08420939716
19175.987931019234
18318.928618103502
17105.481992300345
16489.50724907368
17070.39665607758
17588.44599685234
17527.925867530812
15784.311567778703
15333.793645070868
14908.499266043387
14179.679356944534
13158.498143541845
12935.951839297928
12502.3058970003
11473.992711181076
11285.255236035231
11303.541094647015
10816.953359183495
10562.681625334348
10114.616917069843
9460.933381728566
9504.688712898354
9257.936277845378
9887.345760735912
9481.762748585801
9619.698603265753
8929.687694498001
9369.7427407961
9313.873058333473
9085.761118228225
9553.834514813485
9637.010964798736
9506.8673711196
Score: 7.37674760679511
Runtime: 273ms
336026.353494656
327417.00016639894
278629.5952212622
248414.97891587988
218476.15141854185
182781.9852346152
157436.7785878383
140928.7444446132
126850.6693111163
117057.3448220953
96711.9497892221
91857.20573436025
77704.49057495416
70658.24857294746
63218.477305135864
56140.46739537244
50443.39700758675
46724.129163044854
40527.98923832237
33190.98130958244
26266.564001256025
21796.72466782187
18163.430033049255
15170.669134921356
12044.205440653668
12243.353100130496
11557.433601009938
10939.922798996393
10724.491751289745
10571.914727814335
11082.476978232475
10662.598935230426
10701.058097823357
10716.752457362942
10422.264757036917
10303.261754735127
10182.663063685315
10568.764570781497
10753.650398794738
10328.45370636265
10573.857721780989
10832.025611064859
9803.014756878845
9857.487723910883
10362.186826379479
10141.32558294292
10842.837319044744
11032.034296654781
11591.643477177877
11751.60342453461
11351.835180112465
11257.659505195188
11058.072193978252
10918.437715795053
10885.343519994758
10803.819894820128
10873.620898149567
10776.59279465286
10632.104383701644
10668.204901573461
10165.245964219619
9814.20746013233
9981.09883345533
9386.253955114677
9340.153336158815
9948.195552494697
Score: 8.11051641479983
Runtime: 245ms
336026.353494656
309725.04904106265
292942.3733017386
280993.306162092
260070.87834349548
225427.37308000546
199472.24077720608
164624.80126132257
148941.90447232802
123526.4721359535
106617.83137122562
94130.48155664842
79724.8387267573
74323.1420927381
66137.11049825417
60991.51686757103
48015.59961263472
42664.11544087591
35442.152359653526
34710.637892786435
28595.18554309377
27681.30961267604
25276.596141252827
21485.936065657675
18886.606760172097
16125.026659891488
15021.298377335474
13407.996720555853
12742.885498030304
12208.163892401377
11166.957445644543
10980.67818576628
10797.318719191539
10546.591729615973
10408.566276340282
10374.371509200146
10559.257118185293
10908.526837803596
10789.305944993637
9668.23774648319
9084.43998884439
8873.484873871837
8716.16608968
9059.636636793848
9204.697552723164
9338.595490315482
9183.807088896549
9083.073645088005
8873.209544522155
8473.74595887462
8110.980858778829
7979.095976340359
8138.946712819307
8227.805021178789
8464.705852945866
9005.390964176784
9100.630418418366
9153.858464918005
9498.191255627904
9583.998420978136
9328.813319313913
9706.813058914531
9316.31575893927
9662.217111854485
9608.77032301819
9892.280289578937
Score: 6.986577338287228
Runtime: 586ms
336026.353494656
309611.17412473203
266476.15770033526
227781.0425761317
201859.04769589295
171082.2663359364
149895.59500144428
133485.1908520479
120868.2296427473
121021.95764588813
103023.2802613634
89935.34221155613
81752.47113830585
65187.86253501043
60391.384163538736
57337.443802404574
50500.151919774304
46431.98013899162
40135.76681994914
34027.54565256504
32503.309137320022
31961.06357678133
30707.50386463475
27927.04939627771
27464.257253075266
26726.737330809952
26905.62875297311
26446.285293704474
23426.20292755623
23037.88186320346
21834.700556496733
20380.945910268096
20412.685754521684
19539.648205872836
19517.004807829093
17725.593164832106
17254.13011120752
16549.39857515113
15963.663041196773
15038.770852460348
13601.484776522044
13314.463899748405
13264.779900881174
12341.900936068163
12073.012947839963
11576.703226832946
12039.932883121612
12382.868587754014
12263.015985859995
12309.086781178654
12649.129721076157
12790.577385275303
12767.269255745083
12752.358436100187
11578.08625734002
11088.86812680943
10341.656670746777
10405.630289475388
10103.242867688243
10035.415037715171
9755.369448712327
9608.91167445432
10254.852728388112
9742.632271163222
9783.11144728617
9294.899967430194
Score: 1.6838090280971891
Runtime: 263ms
336026.353494656
296744.52742450516
274778.15716896614
258128.2383671517
228503.68948068022
213619.39750221648
196029.69044306144
171072.47081032785
141062.72709603666
124237.75074897475
112844.30745959244
101639.94336359721
96840.00995299363
88818.40126109422
79386.9523525292
71992.99651522737
64413.645385709206
57049.0449005413
52436.1176011389
46047.017346781075
40935.198520051534
36567.39262760868
29427.52393208903
27006.310747742154
24034.87232256813
22038.60114893401
19904.561467220756
19538.41917470235
18365.984739729516
17833.857708904892
17414.349883424522
16334.71445049031
15669.311185948156
14200.219012945758
12020.966312926395
11291.945675169894
11344.072357063811
11505.466559853567
10695.652227808894
10732.401312527261
10767.31182874413
10813.586946093705
10876.753988025423
10753.68243493965
11071.383873603172
11165.41282053078
10873.363976275548
10848.819805258303
10998.875042482576
10511.226761167647
11051.260218758573
10312.171788389114
10325.036095670344
10645.3779975007
10263.896415579104
9320.33207197828
9560.659648085371
9234.836070561072
9017.717371977624
9667.986300924782
9494.454934553973
9172.902286053146
9286.490660025485
9583.998231880982
9771.409454132341
9514.58952341182
Score: 7.856910099778488
Runtime: 232ms
336026.353494656
310861.88316818693
276210.5676824889
255902.43623516048
218387.04417954123
188653.8015230612
167076.61637919606
149099.73483435973
124473.35381519733
101722.66241818405
87128.21656965237
75868.78670894254
70129.92391846515
63387.863421860464
55155.295910267676
48521.662424765906
41862.448953912295
39144.9468642689
36801.13615764959
33510.79715944777
31450.286712858877
30144.674544936737
27613.452069985426
25944.001895693047
24146.97151264522
23431.13110646813
22643.38742354251
20233.900571393264
20001.42781901982
17970.068909289876
18037.130854507126
16634.63536433588
15461.160567962146
15213.73477749722
14155.059617745945
14178.536923515578
14003.26226662468
12889.200433482352
12763.869059094162
12578.68048280091
12040.788597112376
11425.746119370293
10458.466882548713
10273.609376738876
10623.278887040613
10340.585737756608
10071.552733846967
9579.584457326408
9459.740981428537
9826.430131424828
10067.368044798914
9933.307777631484
9837.80340217865
10259.007368800907
10784.389154810066
11510.275212023222
10921.814005898876
11169.604160831148
10710.226794595244
10426.74931141347
10382.839482420377
10367.887709167817
9800.754538822035
9810.000373229725
9344.207992916823
9338.577807986892
Score: 5.069313533063173
Runtime: 234ms
336026.353494656
296308.85400887165
282545.21205923706
257898.9468077779
227418.42270675037
184224.21390652104
165246.75645735938
144110.9350983907
129036.85286482448
117491.8366716308
117512.98267866709
103209.27381561544
87982.09751371646
81096.10775487563
74771.09706551982
68847.97103554987
59243.53470319412
47162.58294913122
41218.70973203899
34284.195964246894
31247.303512260667
29784.8074752126
27649.96391941554
24460.929927472345
23590.495126125057
21998.395264510564
19851.12784495543
18097.05861652605
17489.64355566287
15999.301576006977
15859.098868387277
15414.524391621642
13883.646445434164
12901.366019491912
12440.543209469872
11407.204232055989
11298.30883799181
10983.33884681025
11289.965382278293
10816.960004319018
11072.527567024887
11034.67614510034
11067.849787899706
10693.920522052027
11164.66597604851
11367.12724608671
10929.013071289191
11063.648819305929
11200.171465998332
11280.434424917159
11058.12723517413
10976.904451959246
10764.102569547718
10660.312338778145
10925.350941337934
10526.629116346909
10861.169501931608
11072.708765289317
11063.66177498029
11284.412772736441
10881.871683825188
10931.190604219233
9892.687600669016
9926.213358400253
9639.504947137542
9774.373221992466
Score: 3.296387227196706
Runtime: 270ms
336026.353494656
300795.71558702644
273686.2055383911
250026.18123424024
210160.63638609013
182161.29614526633
155612.25284782352
127067.53086694218
93263.62741467207
81535.07696691451
72826.12810671881
63730.22143492668
60450.257651186446
53943.97263134718
43562.32725488684
36275.947288247255
31081.839539206856
26243.477660685952
21311.357764158794
19760.333482621656
18749.548531368877
18053.920156567696
17968.18691967914
16977.15037063203
16601.83587409157
15814.141891720039
15989.97211430921
14496.82287491626
13786.062000473457
13821.435850908812
13154.05158605864
13173.62999669363
11872.995699910753
11517.803011809006
11384.330601888478
11099.760806777664
10998.937690586763
10604.44527568969
10104.717687889386
9704.286391324778
10246.741322352613
9996.287731133938
10510.648648152343
10866.15638462075
10524.739901036652
10804.158911270544
10941.76414518213
10672.358417786634
10483.579318909811
10049.183045319724
9843.618585694556
9142.833783023452
9173.836919209209
9288.319416963557
9308.17920557431
8954.585953236716
9287.746576317268
9528.86839980624
9669.81573687846
9503.746768287132
9134.66423965089
8987.086794632225
9539.61242896905
9838.402107925052
10110.115794811762
10433.745662668158
Score: 5.531138387484017
Runtime: 253ms
336026.353494656
306533.5260207924
288884.1374942155
247287.5088721125
203746.33997722514
183588.32802868623
174542.53982993358
164494.54988547415
152604.02868466443
136196.42830733425
119663.75101073604
94406.13517710005
76941.54519980725
70212.70861027145
64744.1135818074
58548.05535850331
52161.13151126693
48000.01141403626
44548.82139779096
41931.50885082267
39356.69295323162
35872.90273570996
34154.147592674795
32578.19107912208
31578.290637556318
30651.57016996741
29415.21694781796
26716.829253134838
25103.825596059665
22615.489590028687
22307.691832017863
21484.048881948536
20245.2183849298
17780.983276450494
15703.283781929822
14891.254967256591
14466.844427422384
13443.165404718167
12842.23368209733
12606.579268280779
12093.992952652055
11452.542782646908
10892.455050108203
9992.632854639754
10279.670878684981
10410.780841987793
10404.559524214486
9650.500177361417
9476.360790510264
10128.617237294655
10210.60923264387
9843.61753025186
10143.815464392559
10569.07287225682
10805.352694849435
11186.824545752614
11610.829155432846
11066.174698532881
10548.589653457493
10106.075187611246
10273.844283859618
10531.202382089536
10156.769199530674
9576.856131363922
9646.768822966162
9129.314359485497
Score: 5.703611485533621
Runtime: 256ms
336026.353494656
310513.1171140051
281715.94830237376
262658.0454632672
243884.37037980143
225756.33418748633
205237.40949041728
196573.19725316993
184750.92443385307
156939.4318652426
138453.67271183638
117698.78930737988
107391.60519413768
95238.76909568129
85708.9801411695
77392.78653664856
66282.57487890573
59215.52107191239
54151.281709506715
47442.90480696906
44647.66827716286
39559.29648766625
34297.36108972123
31246.6287810861
27592.648702157207
25602.87157111321
25224.986697994045
23107.99349581287
22701.07895590573
19787.93884808859
19011.36458935144
18683.02331013714
18331.98031698573
17484.21637654124
16190.233558657035
16703.52924169245
16868.519794668147
16478.045085841783
16732.469160392495
16244.838497803148
16425.872952085378
16197.518925628285
15058.85717046469
14656.673497323494
13638.432670891436
12358.996782703376
12574.15964819913
12253.836819174181
11507.273361336373
11225.08608767181
10758.269559307739
10381.549282548292
10210.71443931446
9916.52315621911
9797.444217948547
9977.317157001065
10090.70055390627
9803.91315531241
9642.18430287375
9393.199014551545
9379.349174785006
9208.20242003259
9490.39570890229
9563.163392101746
9370.744815632843
9719.198948890267
Score: 7.077122009804527
Runtime: 276ms
336026.353494656
311449.737104517
257552.39309712246
235885.8245881755
208373.01112163792
173456.0242131644
153971.56332510998
135428.9028627317
114592.8354226195
93859.26686929562
77879.4328462658
66120.24044920677
58323.96215140094
53773.91315768269
50648.17850151514
40984.605914850305
38118.68844593556
36879.66236279463
33938.62922938758
32640.562111301457
31071.064457198332
29317.00296407722
26889.34521115476
25817.017222813913
24024.63741764433
22285.197425325314
21168.1983804316
20269.54645925259
19925.864853236195
19299.096641982218
17971.646736501494
15964.310128660474
14209.618555044479
13297.500438020948
12176.537817434775
12476.768647202598
11554.091128035974
11199.90575292464
11350.915843314664
10996.678453689898
11396.552957372103
11402.23663265
11646.454261207824
11592.63574725392
11128.213067019462
11134.998395330436
10506.133307606719
10076.553556960258
10202.551852313758
9801.603702696739
9517.521686027068
9618.536965806723
9614.749031943235
9654.458991102834
9700.7238037655
9974.611468106936
9945.35911288641
10055.375948890616
9007.434755370774
8770.602548298057
8998.963511637077
9313.861525849143
8810.950838373377
9037.929894490437
8919.309267987095
8327.467790159915
Score: 5.646307079534477
Runtime: 258ms
336026.353494656
311291.64927634463
294738.8393646581
252947.38681431138
232964.90271112858
204495.93440961558
177032.4170549317
154389.9225369105
135020.7415942061
122506.58216619783
104266.14138385843
97962.24221625082
87114.80916899253
83001.83389125485
69978.47076068132
64037.37837983189
52724.74888707852
39741.497167859554
36973.74960880907
33801.15755607165
33214.63471716079
29172.74008236552
27339.46654922363
26465.78843534769
24154.206474384304
23590.7518239047
21512.00348684238
19174.335646498545
17780.82322651
15558.410802173088
14113.444078126502
13576.477171897068
12009.307872953235
11685.018500314716
11533.462600417002
11111.105545772874
10681.281727546897
10459.25991571518
10034.324380086013
9823.080219651463
9918.73264239389
9806.987171278757
9483.266629346384
9961.102373683218
9739.323158513474
9259.615936943928
10168.458021270886
10421.359481576752
10334.248638865709
10675.646252885086
10812.722284661915
10290.77135534638
10263.66682883214
10224.876134253449
10566.341051879926
10913.54547049764
10480.649701148459
10822.391427477425
11014.387551462043
10513.428723149931
10786.178202597333
11256.040965430615
11623.176019341268
11199.51239357008
10998.432425750156
10908.760367372997
Score: 6.946361956476207
Runtime: 224ms
336026.353494656
306735.5339444383
262613.11330183037
236311.37536571888
226264.25115440798
193865.4677739944
168239.88634996625
148963.4449153804
122226.15100202101
103143.6012214989
96581.09043787251
82865.16014122534
76956.18697950126
67839.77160812508
61616.65874445302
56343.28240165202
52162.30057244076
45782.14271466262
41035.974754803035
33942.042859680565
30223.89668405342
27824.415759545
24788.960523494472
21997.938164199095
20164.790300961504
18537.07012408953
18942.573794504016
16638.848750203313
16642.676281861703
14611.486568197932
13878.910763471764
14116.423914687319
13951.972132711493
13891.022542659528
13958.797893199131
13963.937479506907
13459.994056657924
13399.375150244743
13330.900815991485
12884.022412222132
12541.931990938469
12997.028715108187
12450.6587397261
11550.985257194372
10814.881370050276
11189.25560933926
11030.48902547128
11031.03328888617
11301.628503199785
11233.186576208966
10893.498140776033
10895.050759869004
10938.313251538839
10577.911279489304
10301.519434286307
10132.21796712591
10339.009991619256
10645.429921340432
10500.163664607251
10501.637544165467
10329.261690420572
10581.993301555354
10076.701432645084
9702.097348879486
9746.15194939498
9486.551692844427
Score: 6.915457980784795
Runtime: 238ms
336026.353494656
325355.8639316174
314846.1914298789
275254.4950548369
228482.37498291768
184075.9762691614
159527.3475725006
134630.96134287355
118992.68092971737
106167.19798113687
102680.62769961286
95096.74763471831
91341.01311347396
88300.4090194215
84170.8592467224
79137.77984080101
66212.1875777633
63967.35271302648
60625.60195636757
57975.08372849321
57388.674236469065
51977.571125680166
42798.55668570905
38144.64960565758
34898.84381261425
30254.581638162817
26456.06583032941
21939.62426093279
17897.9801623562
16418.124672722544
14883.038771907874
13087.006497960176
12839.379649760875
12023.907009137094
11526.734838349757
11289.521507861256
10820.40663664043
10543.190636971804
10265.071875476222
10257.788881059354
10591.875089542958
10977.597382514365
11074.038144389771
10990.33708582286
11133.280355568255
10775.523891577239
11212.915123043429
11119.79863086018
10949.742362075656
10648.628342912123
10422.425322431189
9982.229317800935
9502.47673835321
9810.321689153534
9913.4207116548
9820.611405526774
10232.097193995894
9960.561347248893
10270.694973616575
10195.12221182524
10022.837226643127
9499.991919952707
9425.679518601903
9456.923419169814
9724.86344895025
9319.937939383597
Score: 6.523015699490314
Runtime: 261ms
336026.353494656
308658.7100234419
294365.6536570366
272439.37086965103
249346.80017053327
216070.8032486231
190554.58933911382
174087.6205077934
160322.79808248286
147864.80840807257
139778.8531359815
137568.17210039956
124610.8047726144
106764.5254332855
93219.8008700461
90056.41986138046
81091.9067272252
75343.84948106525
66774.09244392546
54565.29284155388
46386.523895440514
42453.23227001744
40604.78560636839
36710.194997381586
34368.855935732194
27890.95093467894
28066.23926515983
25743.60462481213
22746.75933625026
18795.26234041282
17571.700247274148
16343.055629304226
16034.482754119987
14658.67487260098
14840.988905958233
14539.809278243374
14414.092283445512
13969.086671809311
13531.881408865784
13327.474697235344
13008.9678499023
12792.928545646728
12761.550275196902
12455.285745225137
12350.770911320731
12573.869591096902
12639.242513241503
11264.442627135679
10687.692654294355
10507.382022827167
10115.357239838204
9852.853864910532
9630.673220481603
9637.83892149614
9115.031706196445
8694.14334633486
8798.937542053183
8467.53067460204
8967.39783695949
8569.531232543133
8636.138788102653
8661.226680538102
8722.192780825344
8940.376880984197
8983.421809077428
8985.866251491449
Score: 6.962394709437484
Runtime: 253ms
