336026.353494656
297737.387108549
261876.4130249757
216487.31138727706
189501.8830763952
162441.7234618906
134308.59197568105
113642.9383284364
93068.27140567542
88161.73821739966
82839.20849902759
78918.45269406226
77543.88783208429
78216.44782683498
75323.82673810427
69753.02465424096
67838.07246512902
67382.46170306463
66721.13799968528
67118.6359463013
66714.0575233092
68067.07341036001
65575.14748821831
65075.45682214696
65157.00253196951
62725.076378465754
60462.36126072436
60098.18643982316
58718.100431653984
58046.66084074219
58890.88800554101
57558.02451690189
57704.65465532243
56614.00534072332
55783.33119490578
54818.609112314916
57413.931100431895
56064.36611145798
54311.499925579614
52483.530241630535
53603.401839032274
51699.82457448752
53009.792200608485
51265.145167108145
50842.07382115973
50448.512720583334
51908.931112054124
50875.30498461322
50265.251896049216
50176.274886829815
49512.022623297584
50155.70877505718
49778.87428930139
52591.44934120961
51464.1169439914
48627.15316073037
48618.19539877987
49294.357141805354
47643.06905815137
51070.894503810065
49858.94989075476
46358.26723784652
46851.173576512454
45901.794960537074
45265.78130011582
44954.01568902849
Score: 8.672799379184715
Runtime: 245ms
336026.353494656
291056.06982431066
252386.92111340896
218040.50425327348
186804.74411287846
161911.5035742396
134591.39636711308
118592.66425659254
104676.09945301138
95608.91947154088
88856.93417676233
84866.43611011168
82043.83092814795
76386.57564124127
72909.47296989454
70247.77933562752
70573.20853643805
68603.13994798584
65895.1652621638
63667.306466963004
63568.08110421339
64641.72380896245
62729.85860274043
62183.564796769584
62127.88794090892
60679.50016438599
61148.25624120232
58443.563348570984
59120.341456885995
59812.285684472816
58640.184335822385
56946.98571607409
55701.63214419522
54046.837722486605
55419.38481939104
53036.716807412064
54391.03711478509
53325.91200855533
52886.23060999553
53860.22905708124
51480.93876096135
50202.82634912463
49310.984276258925
50683.10317730706
49775.68688909424
49867.40632161544
49847.26385853744
51260.611360733375
50232.15995356199
50186.065918166685
50600.66587152967
49289.533489260866
48414.14062979779
47858.30717006974
47407.98067004019
48651.05838841774
49564.44415109011
48399.37757366989
49348.960142777556
46825.89442033877
48984.082925801806
48772.21955210922
48114.41099032266
47587.1358187194
46079.74161017445
45870.59487950207
Score: 8.581360229679563
Runtime: 234ms
336026.353494656
304070.74920902407
264474.19726929493
230741.3066305049
198611.15374761887
168328.68629107333
146854.63345525248
124843.57343584883
108941.92131649783
104600.54374098481
93502.61269396642
85120.67361512533
77475.70639624434
74605.06855835127
70289.2118651822
68357.99920723164
67076.12197659223
66787.23302294784
64674.113006253916
63866.609157200706
63239.1662830191
61214.80902544217
60570.528866550405
59850.82709953071
60644.39234091276
59850.525469183805
60000.98807617607
57513.25403496492
55612.672036634496
55402.98490098211
54851.86684268876
54471.87185391304
53358.92042398618
53564.75621419228
53944.87693195751
54578.48322190396
53609.282190743856
53071.001001756886
53443.04817268573
53401.33914981098
55784.12740395852
54607.98342672311
52954.64538291653
51475.306047700615
51200.20020421
52135.317044444404
51458.38495944848
50885.63271046043
52101.50723406293
51739.77114563519
50781.524688797195
50738.5621192464
49836.33026600801
51145.00906303198
52542.11352587728
51590.2858906864
51894.24701822765
51209.37072757936
49708.20087821313
50107.43197970587
49427.53348444205
49309.6848605356
50572.794974768636
49828.731418688316
47536.81424148003
46931.39137019395
Score: 8.641334582226479
Runtime: 264ms
336026.353494656
302373.4455716854
259148.03093410094
221278.64767360062
189737.56966794885
160430.01389663605
141777.76631372957
123830.20911079901
110969.97010285163
103492.18426873999
89642.8942578226
82540.06795981443
77045.14752037251
75820.45484043533
73646.43645104126
71988.97980098214
71632.45849637428
70432.4034596139
68850.45747596896
67747.29086100524
66910.76313052462
67135.72387489426
65011.800991670454
61219.45940780367
61302.64687284298
60459.457551977095
58386.2233628987
57554.36726849248
57694.094434063976
58483.98950207129
57950.63859051048
58059.883376637554
57499.56985623046
56650.99310350131
56088.48989108046
56052.91406157584
53368.089873896184
51988.63654484063
53391.20021658562
53062.780256571554
53461.9262962986
53348.45287239429
53013.23515727924
51620.23006304694
50386.67145857078
52084.63201338699
51363.16808298439
50687.66460275326
50656.14740894449
50574.436292510254
50224.7129547423
52942.29179065267
52349.49420413421
50600.60500086702
50226.960243525355
49961.764221836886
49104.274004652965
47709.57350693429
48405.1826113782
47723.74921982087
46029.32356586484
48052.17113370268
48153.990201747816
47156.90512912839
47916.88759021823
46879.29550363793
Score: 9.06661173662063
Runtime: 268ms
336026.353494656
298795.7886244454
255606.86745258942
219922.80013266558
194885.91115327316
162665.08299602364
145580.48409415767
122400.38933086701
107713.88392529234
98236.17410483553
90396.65522347535
85020.97073892504
78793.94194720866
76373.3543438009
72683.03355308717
71214.90531115944
69073.34223363159
67418.36716330257
64713.686107929985
64164.99570362459
60817.994255251644
61588.01943235926
60640.09636076697
59270.50079158004
60605.291690202976
59240.41916329471
60387.28263676217
59489.37076143934
56826.70564072935
55565.28672387507
55360.20431328246
54427.270271956986
55460.96950687857
53661.571297691546
53932.92513409645
54041.77337307472
53849.6138896591
52877.073101660855
52604.84745422889
51200.35944317416
53706.78877495827
53713.610882063185
53182.593468484934
52468.1663467535
52266.378574788716
51638.55509468095
49539.23762447418
49659.592117926004
49361.979095107716
48527.76800378063
50099.05437245582
48728.010648682655
49747.41757865377
48998.440170742775
49417.13501810002
49600.13988623998
48109.37618941352
46734.39200752456
49088.71149773519
47066.47491720603
46878.14350592586
45406.30922636654
45302.83876044934
44818.58429684669
44413.657356524025
46848.06070396596
Score: 9.09219625068978
Runtime: 257ms
336026.353494656
296902.42005675565
266561.35000177566
220708.5412981108
190678.0621187646
164667.19944228904
143854.3412818295
130979.15809654609
116920.27421506758
104695.89575992404
93434.71657644866
85182.37868596897
81834.73210676732
75762.85775777978
75687.6673658629
74283.3675710728
71275.3250385013
68124.24543744093
67223.23596028307
68190.3747524851
64482.45902185999
64211.915374540324
65081.00446606024
62356.520677534725
60539.52174109407
60215.779449296184
58545.75278123171
56682.2845662465
56900.028049818735
57034.776385226556
58587.90950211362
56747.23593705559
54669.43376035333
54688.930398074495
54199.784687038205
52921.080352126206
51087.118498662974
52454.84090116165
51145.13318353394
51595.871353399816
52474.202926525446
52982.94549964504
51415.31966416625
50995.01464190777
52549.053263744245
52648.48121817636
52425.68340941881
51966.76194926039
50407.1553384146
51736.62152645876
52529.79068219079
53369.48888362649
53032.047996163164
50426.521135040784
49949.06818525242
49957.37213646423
48746.23126658507
46635.92452139598
46785.83144997595
48214.348095620524
47872.29923060499
46780.88721295746
47209.86768465011
48403.547597957135
47273.00925757448
46289.926271151046
Score: 9.355110920226014
Runtime: 219ms
336026.353494656
294186.18323366664
253167.01515402395
217640.95777993076
180579.3252558784
154830.7348883116
137361.37605338506
119345.79663463907
111457.21829872
100143.27858749662
90622.29929692748
85310.64836227882
79442.07991853573
74939.9123788472
71604.93689686061
69462.75874181779
69404.33910648973
67753.68575655711
65072.99182801034
65387.696345758835
64106.39626270922
64501.11102115996
62389.988465321934
61796.73511850671
61540.697765280034
60524.27021512777
60765.985922789514
60386.21008403674
58163.83131665487
57669.149407126504
57548.375015539525
55214.66608651526
54553.28567839213
55929.385556205154
54273.97012931429
52089.34487827186
55310.63441696691
55088.922667647945
54768.44193703677
53448.95426696566
53357.25815996805
53218.18635671844
53223.990747408025
51887.72222416497
51541.864676091536
52046.909901192026
52016.556787359674
53078.49035615749
50580.19344349029
51043.91895217475
51477.450551882444
50800.52148701437
48423.29955072335
49265.39192337376
49807.17423003295
50066.45387061655
49022.28433438856
48118.39050758306
47167.83694961135
49603.37082220843
49232.38365745953
47416.20707331368
47711.025706834946
46484.46214199459
47254.06999290982
49702.563719472375
Score: 9.153122392367464
Runtime: 237ms
336026.353494656
301016.3440073127
259519.9484350839
222787.93858797313
185232.67159893824
160815.61248476108
142510.05192404514
126526.44342651576
113799.44057390162
104195.6492419498
94918.55054030204
86950.09483843799
82422.33434429535
78247.93788415397
74442.50450990465
70966.09790319965
67185.39314103869
64928.84992287858
62522.25974376562
62327.09356344121
62144.567963451686
62317.293935410045
61675.44297885289
60320.67040332125
61128.72058379049
58956.6079987334
60878.960678110416
58375.40378807476
59061.33439081054
57871.66158753163
56306.96083087733
56514.18149309977
56251.27290550029
53361.26684825067
55109.73970866115
55526.12377010509
55731.99353649617
55004.15563065088
55223.95161022358
54250.57614054583
53567.50952640246
51293.77646459542
50351.93012158235
51614.60446111038
51373.671702071566
52293.6280669621
50506.915680837556
51282.3387183044
50990.04575338628
50765.5480050896
49598.62324081549
50976.3819731173
51888.671301288916
49972.234548991204
49826.80740499513
49910.21579313586
47636.98775829915
48903.10979405543
49710.32409191234
49407.35787232225
49059.729268608964
48339.143339547605
48571.94059167112
48036.72892404385
45937.35858237432
47608.2999207995
Score: 7.9342425239671055
Runtime: 272ms
336026.353494656
296544.0537162622
255653.11742923455
216804.01154795202
192306.48920939126
166222.27438115634
141871.4430592031
122561.53198279855
105433.7747599273
94760.56288483654
86733.09083461048
81654.41561590813
78996.59589523257
73465.43695195741
74433.23043739494
69999.1108228504
67301.02399293674
66972.933463612
68133.2520770078
66494.12574046345
64023.55187591355
63780.83409879356
61802.67214030504
61650.24113499582
61701.286842484136
60882.04638085733
61016.60051996062
60825.77219817254
60423.82654351211
60758.690163196734
59984.449558626
58298.22150366277
58104.01457699436
58794.421350671575
56770.13342010772
55378.25597652864
54497.889674836086
53929.40019522597
52879.49743679879
52234.11070847052
53347.625374635776
54193.267713880414
52397.2874055304
53000.13722241509
51954.25324179024
50532.25187570766
49391.17407050994
48826.1965433994
50074.968054909
49101.681664889424
50059.43658004985
47340.87340788993
48057.60767815015
48418.31125378908
48433.639883706164
49157.61603547856
50381.6887799398
51252.85377098466
51900.7690282072
51214.37715810856
49696.86985639278
49881.55587391155
49068.13275658483
49535.38326719083
49067.01057064836
49566.997654863066
Score: 7.956462425800002
Runtime: 241ms
336026.353494656
301687.97435234877
260165.93944184578
225289.9676877998
202006.8624674822
174424.64477248373
155112.6809888221
139053.77741060973
125719.59427280375
111576.63561690475
103387.49073757362
87366.82856691784
81316.44905217554
77199.5395562505
74810.88234534189
70472.07045160832
70498.18210139546
67425.54998910731
66019.72586605308
64446.51624243944
65662.20625182759
62520.33170770189
61486.23893130581
59685.23802830877
58287.634572212526
59358.413290534314
60216.41604618992
59335.4538169077
59493.907244411654
58841.205970172145
59605.20986973764
59257.434276094966
57175.902462266844
57006.63172420838
55679.48396886297
54175.17536461372
52712.14572823224
53711.235155454495
53066.80065561969
53560.92341071538
50938.25058113866
52417.01830323343
52194.11085458267
51580.63700653806
50809.21253838456
50933.769728155676
50462.001043469536
51197.23797128378
50042.77596029184
50807.93276203255
50912.13705925985
49850.54524846134
48408.490998903246
49589.64482164971
50119.130904127494
50274.65722302038
50383.60491129709
49268.376963607065
49629.13057306666
49544.99777579425
50301.226062881404
48994.633655783764
49282.34699597189
50699.91004073461
51589.59335887288
50758.837548389856
Score: 8.339836823389394
Runtime: 264ms
336026.353494656
296136.86461684445
262370.35607953503
226290.15296103669
188766.75575936944
158680.7142144449
136279.4567538483
121693.89611399565
107958.40975702851
100549.58647218914
92745.04520634441
86252.4597010767
82553.08855248193
76247.43317338993
74191.28046257238
71619.80347803891
69813.4188743718
66701.90892606215
67077.59777361513
67590.11720702727
65723.2805602733
64453.92271400496
65362.12339865536
62971.18765095707
62610.767139873744
61671.56460049167
62240.47027063835
59424.9048300398
58290.29968564815
57005.07532242981
56305.71349044287
56797.85517203277
55745.554932222054
55703.71734438399
55886.36751383499
55052.94049344591
52837.521169372885
53314.804164988185
53489.078441153084
52245.38893001981
52442.696483008855
52968.25754245644
53322.23268268071
52957.82984234609
54907.85217401324
53902.729448500395
51625.41185185457
50555.46164806429
51984.20383809673
48818.97105916874
49569.04122516466
49189.24678511525
48534.15391626911
50119.13014003728
51505.29278022278
50778.843760178206
52020.03030512526
51346.631613238766
48929.77742322293
47429.20276882432
47644.38250065447
46234.91618038581
45774.855984441776
46664.0985541445
47231.85656113866
48300.15179086204
Score: 8.408107549773534
Runtime: 266ms
336026.353494656
294539.23456259706
254656.11333839918
211172.41083855188
178835.64296111328
157564.98471612754
133342.51002278904
110816.0529961766
97890.18670197284
91024.59851605288
84333.2725765379
77854.0730372243
76638.59150555405
74895.01210588483
71736.49886733739
68886.0006393065
65215.99381905042
66663.0002925378
66478.12291102373
66884.88224201741
65938.00917282594
65809.78659631038
65927.51986938322
66763.89111307982
66285.82231659956
67530.93229999224
62554.04700534261
62392.8558571702
60366.76071646102
58380.09401712299
55783.108842382884
55122.14547433406
54744.975519500236
57815.99553055412
54438.40451904551
54210.36411641557
52011.63466539239
51007.50538774942
51488.137736778175
51617.40302532169
51494.07719752248
52066.6732166002
51260.141192756346
51301.99885462359
52928.0420948604
52199.155284232955
51425.659763619005
49512.822865551694
49836.48095923824
49448.6432027832
51253.4586244955
50508.92320608508
50612.857548525055
48455.2099774551
46704.825766235015
46732.07838794753
47118.550291172745
47918.58763625308
48088.713492390314
47531.74720074809
47020.423027368306
48139.4958492086
46076.5748685871
47632.479255872444
45120.19388583071
47192.67155869127
Score: 7.990767109657131
Runtime: 266ms
336026.353494656
306862.33837510896
263865.3364488363
227428.8841366229
192164.91730656064
164690.49808905565
134742.28780193228
117671.72916622466
106205.7726084939
97332.69599793572
88987.8182424052
83929.96272050549
78652.30458870133
73666.18554293705
72780.66961651153
68895.28452638196
69335.09430158888
68092.4071960224
66060.0152417453
66575.22607930012
65765.48871439086
65024.409288718736
64419.17616062841
63328.20539206013
62954.59579304746
62716.73210294978
60644.79487948419
59806.57797266427
61187.83948980989
57831.0382109668
56950.46457550882
55267.98498444879
54115.51128787828
54891.15959036787
54854.01252752046
53970.302095714505
54452.73444486933
54882.3866482621
52217.62008868246
53863.42620931615
53609.76415406239
52979.166857668824
50312.34587031863
51559.694331865634
49692.42844382425
49789.21551596645
50031.68951366086
49722.48679853519
52920.2938623526
51816.640120574615
49798.586707581606
51163.11554982885
49388.649871490416
46741.91380511428
46138.39490716618
47746.4984087972
48828.0493380796
50299.22656586165
50875.454244772336
50378.76059404534
50488.293230727955
48251.8798843439
49939.41900976728
49456.33426899121
48021.283960850786
47614.9691029422
Score: 8.621717789524205
Runtime: 274ms
336026.353494656
296892.80920536164
252256.64632110894
211826.67773181986
179285.18387557648
159850.76978144492
142321.51421995182
129862.0149140961
115794.83018579209
103914.17307285802
94873.95926152021
85538.68656794296
80026.45694192735
76652.00927281319
72901.11189278492
69792.67163064888
68071.59542191064
68922.05001708365
67966.39743784771
68136.00839371292
66725.88562433618
65145.66649689892
63560.51155909663
62406.16563081108
62393.24718820035
59891.72852660083
58403.48366106758
58616.0108276674
56300.67024360109
55556.65958459721
54653.50792271483
53230.139124306355
54256.637317310626
51842.86195554983
51767.43039464296
53807.79705206382
53820.290494691835
51946.62402718307
52776.03076925221
52615.26169788976
49922.65939176337
49487.8816901929
48951.987962474734
49118.66513493673
49494.261304872176
50283.56457055934
48018.11567069771
47262.91970113697
47896.7244389783
47882.58351901251
48833.556415412706
50875.31484546856
48665.12078012729
48847.35095047106
47873.39130824143
48930.17847156284
46783.71728755161
48804.64202073173
50847.37457126824
51971.7157300896
49899.68378995666
49838.44589378677
49466.0551748195
48235.50494782865
49719.29041018605
50746.529063888425
Score: 8.38797833900619
Runtime: 264ms
336026.353494656
295915.1958936533
247970.67531558144
212157.47846226243
177009.1079462518
151046.23537304896
135490.19012522337
124843.66489174086
105539.69739842687
95239.20963312239
89677.40046559773
82433.31005937129
78125.36058360034
77594.2561082586
71820.49274766167
71941.80678867658
68687.98523697999
65793.97614468953
67037.3626652925
66252.43162311664
63716.55658111235
62909.228418694576
64259.30421300795
62011.38661216281
64986.25420937672
63869.35276609307
64261.47557368779
64049.1157639304
61269.97701610835
61695.70931932882
62604.12586567042
59736.38228320932
58880.07665971728
56893.65191275377
55536.2937907258
55367.29732954652
55063.96430595437
54764.003222914485
53232.25159181167
51686.15621889941
52839.70543651221
51785.454735901956
51832.01130135904
52367.41324480413
50526.56257410753
51070.698238746896
51052.903732348015
50116.19358144126
49163.00333240466
48666.44690051834
47840.322732144516
48397.785891928856
47860.15739188936
46948.32687126267
47610.23077986943
46161.013807718926
48561.602010140145
47433.73559529238
47506.08502657007
44477.14727750777
46456.56507290014
45046.629320322005
45878.95623912559
45629.393418070125
48136.48153242425
47253.600808132134
Score: 9.299686584918277
Runtime: 261ms
336026.353494656
295569.4271823777
259905.05860743517
224877.69662142845
179789.33614279144
153625.3513221201
140392.79380293473
121804.61683483169
104097.21343236332
98403.21552176135
91170.05518405656
84721.61853262123
81206.77202622921
77716.85746050389
72526.28030185006
71047.54105613
68449.11028905067
64805.62924520123
63074.41065679793
61549.52770679522
61484.12839285453
62323.67486767627
61838.13316297216
62109.12628662061
61024.056232585164
59316.364033899
60148.96845382975
58337.81949973011
56954.4532203277
55083.494003191474
54452.00863600555
52970.42305571747
55147.27356313154
54461.96018607999
55157.49290338587
53020.688612817765
53342.62930549508
52419.24667299197
52822.56466904654
51932.54603968762
50677.831068101696
51183.19272925508
53962.42748789732
50422.49713391538
49726.82811168821
50000.451370948314
50773.16583719117
48913.01917903838
47915.88290946966
50052.17694182685
49089.990392178064
46423.91816210829
48246.70590531206
46760.30099395314
48777.225304593456
47226.07535143768
47829.421090402815
45517.91088746934
47648.7674955143
46415.22182668056
47352.585203368304
45308.84319571734
47993.24134074726
48591.04460908147
50302.098720190465
47968.16767378859
Score: 8.606810988497783
Runtime: 240ms
336026.353494656
301521.5405168162
258068.05859189518
222410.21562416965
185156.7292708501
165877.66141457675
142595.54118225322
129966.48431246173
113851.1603721646
103394.59276563942
96687.94542299224
87845.6531305192
79773.96318274723
75849.65680582884
71309.55224211067
69749.61381084219
70983.00376664632
67741.39226346703
67889.8029509418
66470.0493141372
66121.80575580799
64528.225199720226
65175.264392131234
63994.56001301295
62507.31754778001
62695.80091564805
60407.14706059723
59694.205697238576
58429.98012798106
58735.850832123135
58955.31472428304
56742.18903513907
56342.61533524039
55944.316223320006
53948.567708405986
54216.33261089054
54705.685414946325
52781.29244718887
53802.60986658505
51974.17089801067
52307.97411298281
51999.196854070215
53028.058642252625
52593.86393493939
53679.374336984176
53027.47103219167
52624.46757283649
51973.96273115088
50987.60702005893
49301.89491856006
48965.606684631595
51044.47880457749
49885.65348042263
50170.14991298222
49731.175358033164
49286.4487558641
49626.93458799649
50171.02854885569
49114.27676968692
48179.31324966099
48302.53153535179
48083.907409660314
48456.91849580136
47104.67969341981
47417.853775261414
49215.38095559866
Score: 9.163426923471224
Runtime: 254ms
336026.353494656
295607.39826449205
259033.4382991061
223087.23431745273
180817.22066894686
150686.05689914624
122460.37347801021
111559.72970518678
102430.74595763932
91626.85133092884
88105.98697873214
82853.96553760809
80608.85138192162
73121.39856854825
71864.19064431846
69856.36828064616
70565.4854170693
70604.04297180672
68905.97891838434
69832.35107894022
71730.88438316571
69421.02822760471
67860.95125072112
65904.14782112712
65606.72284355982
63867.86907636699
61994.985378443256
61606.617811237345
59824.536795472915
58665.43860389299
58478.282144288096
57937.15438034372
57615.62816164976
59229.66840804512
56682.81680083741
58357.39571073194
56552.3889057463
57680.13143026426
56266.857591965694
55851.43287369863
53896.19625865212
53332.700967596975
50724.92696863948
49943.46333609352
51335.510264238146
50633.421573113505
48985.93127803759
49135.12553265027
50931.35529214526
49942.843004584254
49774.76553920762
48091.66400515824
48894.16517027031
46699.44345560537
46393.33305829189
47465.501783369145
45854.73043228906
46591.36607424322
47312.73428200506
47045.2790150584
46575.564436704146
45144.838261072255
43360.766532191876
44272.74281552094
45159.03662091482
46771.83450674216
Score: 8.315159022541385
Runtime: 253ms
336026.353494656
298686.11468725355
263870.55535398104
216417.01940634544
173624.1851912453
145211.45872065632
128454.7067441096
112722.18207292982
100728.84153926748
94720.02563779076
91840.60327678651
86103.66345909273
85740.60069846027
82944.78969777106
78528.9939354855
74343.81116103598
72409.85932169118
70827.34485053111
69942.21455111862
70329.40409761049
70784.09666811868
67673.76249429035
64237.339417210685
62731.759731945094
61890.03790263569
61375.3464719709
60000.31387595353
59600.410082442526
58460.90866202972
57833.016697080995
57068.54179511866
58106.56651669945
58856.97535385379
58412.43223368841
55567.703408865375
56565.14110460332
54650.1472627336
55719.47698289484
55339.19801082769
54163.31427313878
53870.26239536811
53457.829660302516
51593.26615536902
50493.26958560796
50092.99751633455
51668.858819830304
49598.231925812375
48789.08156606666
48377.34380172252
49395.887377638894
49223.80184801021
48542.49481927111
47515.1712550393
47183.66301604741
48649.221951281455
49735.00538274813
47215.04618715842
48070.27577943286
48446.26728609281
46705.32378573652
47582.9664709146
45690.62698680658
47043.63935360343
47803.39153069232
47903.98707166978
48544.92798715538
Score: 8.154403424456616
Runtime: 269ms
336026.353494656
299079.0459266823
248614.6800494286
206129.48953728157
167989.77544860126
144590.73409466338
128944.89096570335
117680.07693392315
104473.17617328346
91447.31989680145
85094.14262719704
79308.60486338731
78094.33399587973
75989.08565878037
73838.38234942828
74696.16605978984
72891.56406711115
70039.45746350943
70629.00203019449
69765.35012532737
68526.799660214
63778.8450738279
64218.94969544307
64034.798547219
63397.29565975356
62493.81721025251
60758.857301486576
60363.301999518284
60477.77571197329
59270.2846370805
58308.705611898426
59156.77760016082
58506.2001752333
57930.88896100962
55388.63314392712
54552.67880091954
55611.925494313626
54469.28187742565
54012.64723334499
53304.06659521797
54281.69548067103
53803.73784028084
53668.77493327921
54675.48039399849
54067.635707417736
53954.98829497469
53535.37529264725
51117.31050709297
48804.628176168924
50830.67416015916
50493.670297961056
48530.676657814016
47283.2667143424
48310.82614342363
46933.182638876584
47368.723925117796
46512.38508288749
48838.324584451984
49923.74257426986
50170.670339504024
50669.875839242115
49942.99697311231
49797.65034036038
46815.86181056425
47375.84271485254
46370.941577451274
Score: 8.78917200123028
Runtime: 256ms
336026.353494656
293707.6990186089
265921.3868224148
231493.8260081975
198761.96245903953
166455.59382662355
140136.55216230158
122773.62233784163
112173.980792708
101175.21449957149
87681.47026297743
86757.32866491059
83576.78298317728
80159.13199196683
77748.2362400058
75487.34424933649
72915.56976676919
71116.4722189638
68954.19230383291
68405.27675014426
67404.88167321567
65597.77880601864
64574.23030383064
64735.011863079984
62697.337970436216
63262.68763974488
62168.644235125
60722.70602487558
60433.12373827866
60968.86370528497
58028.01863938023
55890.788260899295
56808.0705878243
58003.97425660858
57697.7561910626
57111.76630261044
56165.33456063761
55333.80061956588
55739.292812122185
56046.15522568521
56329.92714642445
54627.1497759326
54176.10977352167
54132.596204581954
54866.36412613087
55468.47772414073
54639.48591064135
53012.95164105918
52553.78483238557
51962.32362256158
53295.200076567024
53852.922386802726
53429.61877357963
53170.76196639239
50376.265935368654
49607.11353871511
49433.593327983595
50840.253074100365
51260.95168577876
49907.69207729904
49536.95391143827
51018.97462912708
49445.950053377885
47842.747793077746
47516.573110732556
48446.056289287815
Score: 8.333282766446063
Runtime: 234ms
336026.353494656
301743.38167561486
259515.2089530777
223312.75592517637
185310.9814517011
157615.4836017661
134175.15020872146
116358.97128175489
104044.12287266769
96040.0620336483
87291.42091268384
81980.64659170737
78185.0834253189
75669.75170173506
72282.86054685133
71881.57783029447
72823.029033743
68307.1460645944
68547.10556521686
67105.81447046863
65728.68682517092
65845.63619646424
61573.40124428868
60323.52383165494
61107.3409048732
61084.05189863361
60394.82578502895
60819.01520967785
60572.81203916489
57140.609967599885
55599.56851800746
55193.47935777272
55080.13073034658
55300.84782297084
55564.85784753759
54824.854276745384
54109.15972535997
55341.38592139875
54537.057657079975
53840.43088608021
52936.94527922121
53283.752199689676
54157.9978546328
54861.36677665431
54004.53768951197
52018.58650651716
49797.90740985859
49223.53292799727
49610.442894858126
52379.38862118089
51240.915070863695
50919.107914859786
50822.42290588375
49764.58812150036
50657.82416118799
51467.80010235764
49565.53870053701
49477.8417766525
49601.92265113744
49249.36237826738
49426.138852456636
49064.59932301245
49787.62421453129
49405.661814168234
50488.025407458146
48329.27429455945
Score: 8.009406230173528
Runtime: 266ms
336026.353494656
296270.31427129585
258493.9993899215
212311.51969836518
179719.71622242502
155435.42943905317
134955.94725105082
118049.79575192915
104284.21123036473
90234.00770379213
84327.40529476832
80550.28713469801
73892.11831440582
70910.47787879496
67823.4290553696
67440.85754650258
67534.4949835241
65893.33282103523
64556.55718030333
64975.94091945514
61475.854864557
60658.380790794065
58456.59778151418
58693.09303399827
58545.93859743489
57181.19130077648
58191.91124339794
58031.55148299979
55629.51621266998
57480.01020422676
55353.47696270966
55926.271790561426
53569.23652436235
53354.04755627401
54122.62548887831
54166.351392725854
52592.75469947606
51226.084745681466
53108.66729845796
51672.91207802423
53015.92872398775
51954.77599696054
51784.735102687504
50388.406244803286
50891.80353010483
49964.64833014631
50300.57446849231
49809.61135423689
48794.1884339022
50858.74166353775
50085.200696023385
49349.14296096903
48053.206215858234
48766.007500346816
48233.96761406397
48647.30784561136
49182.65306377634
47824.866126199784
48944.50045429373
47499.73813142097
46544.56561651138
47911.84640820975
46192.37042275725
46845.18315142195
47472.760108413786
46620.74614722896
Score: 9.172979291961953
Runtime: 266ms
336026.353494656
293672.65995596204
243025.42176365308
205927.0622045683
181185.668036808
145595.25078802806
122224.63601873475
106748.63761966776
93525.17353665867
87260.66709849823
84350.51690861334
79354.27986445364
76352.29932640163
75589.43567930177
72487.56646840196
69731.22114849696
70250.32212395131
67994.58552421571
67838.21169783697
65607.09501644762
61156.560534860604
60866.488003024715
60177.09768714577
60277.3436934488
60734.77932750158
58985.413375190124
58872.25308381631
60226.61661797913
57422.643373333165
58377.082541074495
56628.655371081506
56372.889406262824
56004.575201088905
58036.55945579782
55063.53575217089
55308.20129126296
54865.07841769225
55056.5627601629
55167.052684850154
54050.94446655603
52860.47524669465
51215.17892896676
52183.43765864826
49955.490506805916
50255.131255996974
49427.38566158375
48953.75348298372
48552.1403438994
49542.96332475303
48150.09576393906
49852.397936353125
48045.21600070505
49078.75711890073
49934.35050760417
50029.42947229423
48714.826655200624
47737.390472804065
48478.01036902388
47953.694296930786
46969.58900009367
49395.67497374985
47813.628934301145
47120.731288702445
48841.47291539196
49849.91843540106
47873.04590429861
Score: 8.285316638971295
Runtime: 227ms
336026.353494656
294252.88815601554
250758.28944684047
205898.02327963107
175015.30979712543
148762.67698138492
128376.98890519526
112790.8107644157
104682.6957059966
100087.77843655857
94273.26455822545
90139.02525853024
84235.21613942951
80526.5726883038
75693.67492130653
74099.43025141791
72379.35509101141
70772.21864149546
67844.47676150948
66083.7842850919
64982.863361623975
63352.7706656311
61742.13107651233
63236.92474108532
62028.80819611828
61550.4962766245
57363.472071321696
57168.12862362908
55725.83372631284
56431.23289743928
58666.31372455907
57065.57630772335
56553.99236133184
55735.853992010896
54665.793581309015
53617.444707242736
51607.942397638806
52639.70691420727
53283.94039648127
54371.36453702105
52700.48669667912
50499.06715336171
52558.073662946044
50041.01637384654
51033.1501738661
49555.48603783354
49703.53514607614
50013.305036760576
51291.03294405196
48358.15859039664
48827.03834167965
49486.46484809189
48413.33222885847
49700.20265288464
50233.698188962306
49822.70113732083
48496.12190880014
50296.156094310325
50714.78433926424
50018.01055181983
48502.03881963859
49681.33690038909
48786.32397715699
49096.23159439584
49592.69549112525
52512.27156628161
Score: 8.577569921968621
Runtime: 236ms
336026.353494656
295188.45441968826
253698.92123964772
208748.94569741626
183872.80676593338
151893.67325220554
130332.5313412824
115162.0596032467
103778.78065539534
94334.20605232712
87222.67818350796
84736.20906007601
79494.2684160013
76717.3405019607
74686.63369418388
70480.30339860462
69643.27093239983
67031.20073274178
67737.98400118244
65040.385159522695
61742.20265589244
60319.992365950864
60378.61379208538
59191.02839653156
57014.98605981906
55704.658465473236
54384.88204201354
55341.71494349018
55904.266438622275
54848.50196720227
53791.44548725559
54662.145171678356
54260.70064408203
53387.16129448055
54086.38651692941
52098.73949286532
50308.63907544991
51170.18818610666
49719.46500589256
52246.797397624345
52867.42537293227
52556.771701918085
54111.90834705269
52652.56332464356
51443.57900269687
50256.14375246139
51230.958731715094
49345.31577510769
47811.223513198805
47754.056829605775
49664.78586916499
48780.39034091401
47526.62082820456
46212.72474897027
46918.94818915092
47082.64197062253
47154.09614923254
48383.23161734829
49275.51035517888
50847.38551986969
49700.09386771607
50212.180107609376
48403.89935984072
48746.91933211006
47983.20892670134
47060.77814504351
Score: 7.887674482163937
Runtime: 244ms
336026.353494656
293331.9651559543
248429.2875642455
212710.4713177973
182241.25113785622
146913.00283991106
120699.78853415688
109540.8249407674
97923.1918163829
90420.70769309116
84718.03137329551
81031.61249551861
77271.4478172929
75521.65711339437
73617.05628504769
70447.44141998193
70122.19396999548
66519.75006554724
65315.91379550948
62289.93587602948
62197.306373007305
60867.74596587832
61088.27622714428
57632.14260422784
57972.709701037245
59398.622379304266
58623.09670537096
58359.46884324384
56824.577263173516
57100.57127627604
55557.258219017844
54085.63512186934
54867.615137522946
54924.040445817285
54675.70711063847
52287.23118222832
52743.99613459387
51959.230827006315
51867.2468889728
53996.57152368351
52419.02265771989
50547.4735569979
50021.98530731522
50275.99435813208
50328.38890969513
50284.25272631958
50322.45996943006
49963.97784300536
50938.53345153182
51170.4100726303
48945.87531604631
49579.42845291694
50458.94536681891
49919.40998346076
51715.71342329874
49658.04518929448
50261.895212237585
48942.72236239531
47417.3849828636
48431.135921305795
47627.6947589402
46576.74903522106
45317.05332260119
46204.55453946662
46343.87183996916
45543.01727688422
Score: 8.665145373561195
Runtime: 256ms
336026.353494656
297832.4444128344
263403.7504836678
216108.1514813462
190920.91022704597
158554.23014067818
133811.51926836435
120216.98480739565
105746.27710214631
94708.04248574507
89691.77648639481
84534.15480386198
82519.32700338907
79964.76226773504
77029.07291647042
77664.47921319316
74782.09661610618
70817.55702749363
69305.826652194
66032.45787116195
64236.39113275335
63407.19383374545
62977.00281117419
62622.92049090011
62404.963592381275
62315.93680299758
61844.000823246315
60119.105102388225
60002.905832465556
57591.7632066984
55431.99154895507
54091.517351598246
51907.93993447814
53490.77429062091
54363.279875237946
52292.0896691861
52667.114531253756
51610.26566227322
52182.06056206421
50987.42471023258
52514.03766270256
51070.16123051968
49921.95819234227
51258.76275082541
51714.2110843783
49976.08846488682
49240.01009397628
47896.097737548684
48368.69842204192
49643.86794075353
48571.430221163784
47655.17831458222
48836.79371083128
49802.87126047669
50004.534370168854
50688.90846700053
49556.25314764143
50461.62246801777
48827.51374689381
47108.827736521984
48033.78143350388
48665.14852625279
48496.89734806536
47526.84836031681
46233.842585187
47551.83748121699
Score: 8.174254218911665
Runtime: 273ms
336026.353494656
302213.99089379254
257054.53705926382
229251.69814006836
191822.89026894333
167342.80817986658
144453.93552278035
129087.12924537288
114697.58336369361
104110.12774406234
95888.98242866811
88795.55722246175
85969.0107506819
77333.41767552607
75381.28361895491
72363.99145413365
70993.77567817975
70582.64120939796
65578.05003753104
65032.46173909253
63545.24944077314
62346.77824091785
59664.29893599364
59636.55827754501
59464.93118113046
58909.95710067592
57308.04727965481
57230.155208097094
56263.345580247784
56966.39913340021
58006.991950291456
55646.62960158861
52496.711034950116
52910.64124815136
53487.198053693864
54345.93131237322
52547.09685427029
51303.33945098448
50357.276203633366
49143.0382601948
47042.689176584856
49082.120938083004
48520.27874143209
49079.99269535746
48502.11042151043
48137.72579073491
48136.57640850206
48762.99552555452
49367.33699033873
49915.3482999199
48599.61231154561
48019.25359219071
47037.47655523586
46009.260557779315
46109.86861053601
49294.47878514738
48381.020120997564
48438.55194919377
49222.54484240084
48593.12897697068
51769.816060770274
49361.761406
46764.850484966766
45615.03996636003
46625.01277906286
46553.38940123273
Score: 8.256118413989121
Runtime: 266ms
336026.353494656
298082.9979398365
255361.33263403506
219405.90924428724
185586.580068761
155823.8953474678
141461.62877191012
127434.20661212146
112918.60847472919
105097.38815517913
96051.50084373311
88455.00782570505
81454.85230426525
81155.85854520426
81095.57817442578
76679.34269409959
74271.27120795334
74543.64284262045
70573.10392295856
66572.0296665504
67837.71471175877
66898.11903460289
66899.71067093775
66793.50303602168
68422.36736263562
67075.53706102216
65713.19826933464
66320.19133185915
62986.52599419188
62125.47926145224
62418.52480367706
61378.72647368995
60838.06869636486
61408.247762566534
60579.05211496615
58490.70902946176
57119.37328397314
57529.85327890234
55934.1281199975
56238.50002646545
54702.380913357614
57146.702811223775
55452.31321905946
54836.08428984644
55204.867615642725
55107.22507922744
55568.030151636936
53973.54125266759
55287.728812027
52600.82142669916
49776.94042250585
50207.465976614156
50914.972732706796
50336.232123193186
50627.20266062194
51895.37569737542
51120.78312261466
50845.9516431656
48727.62432540999
45799.008844397205
48230.18542407291
47906.78446002646
47381.334280746705
48219.72755196101
48008.70549140921
47568.21335936544
Score: 8.303813737547292
Runtime: 277ms
