336026.353494656
321815.66453389014
306106.8265805403
286617.76964293787
272955.3807087288
242360.15911074379
224482.78872263135
210429.66668944233
190965.9841405564
162806.1247222334
149496.16072551746
139522.2065808385
129228.27712140033
114383.30539140047
97528.92606772424
88205.41037558547
83080.71811597342
76661.15873135962
67235.75894977446
67174.04895850323
66148.68728444717
67486.32258016802
67132.69815222171
68312.54104205413
63628.81975414601
57286.369895634685
53614.59416687258
51929.73868438046
50766.037668196914
48782.0834752638
48159.011826303744
46762.226949611424
46690.36290128797
45605.66475315977
44639.46581778245
45165.51501277541
44425.22325600152
44542.854512731
43742.68645391973
43450.13170853964
40063.47692832299
40786.14505076202
41977.49640511404
40881.79025380914
40675.440995361656
39034.56414104681
39039.4665583193
39339.56939189743
38816.97811315581
37690.296885339936
36212.61759125133
35251.38438767497
33519.790231112085
33992.666184089205
32793.36000343513
32933.10697242778
32436.92787392707
32536.557477564045
31785.07933010673
31728.180142817026
31796.02531393599
31992.513912055838
31665.764864741348
31708.977792900714
30747.225594680473
29878.1365362646
Score: 9.465875399007578
Runtime: 266ms
336026.353494656
321875.26061399607
306061.22339140094
277732.6678499045
259125.2471799254
251275.2959706553
237822.83744356682
220192.73137694993
207313.01620858343
191944.77588006778
182505.18681368112
168939.79484559165
156611.25244783727
143573.74802270616
132068.90317137408
117167.90503785026
108129.18765327246
101071.8370867597
101205.8645544562
97388.81464960508
92373.67193476082
92842.71343384797
87635.13638970257
85331.30307145028
86329.47602081059
86989.63546223904
83775.21385764108
79752.64574515639
74732.45146027266
72027.25463274836
72244.98512784111
69021.20220383063
65757.01696476305
63544.060248959904
62657.88440025404
62508.27402827765
59963.88273752582
56876.53031087396
55019.99355609644
54869.971159515444
53052.669687391084
52844.270981570444
50623.097284195
48992.06871979352
46648.00957565524
45875.06390082002
45620.54402716978
43498.0066887917
42450.0183447516
41739.29961171823
41610.09880004692
40433.20065545281
39000.23395816653
38541.220061410364
37546.693906095374
36082.596210209595
35798.1986327348
35774.31897299025
34858.53139812294
34170.36764743746
33895.43469600416
34118.37872129215
33217.890400848395
32731.746235755658
32287.21025340653
30897.943033022442
Score: 8.593135229701952
Runtime: 256ms
336026.353494656
322960.8384654535
303462.2144423934
285255.7286844552
268827.13628606603
257297.25588736002
237655.26416461513
224095.8308425699
198009.92574996775
173371.82122038255
151381.31898120357
146079.5077073578
140084.0759321195
133684.551795007
120420.60223346422
114682.20658811594
110518.76816953243
96602.28387566606
81827.58659519645
74320.78210868739
70188.00285515093
57617.45606099023
57456.35935555375
55553.57704015782
49458.58881119252
42515.484498668346
40598.03397777391
39823.43650573375
41164.23482223823
41949.354783331626
42224.61279150086
43527.60939493052
44501.06165859931
44920.68900937275
43974.6663540069
44572.13428674099
45163.91719510164
44807.93249493435
44793.71834585593
43815.10568546525
42879.63446786006
44210.75323460036
42686.924218947424
42412.1955590829
41399.416158633845
39589.862883584814
38566.88147849964
39292.627578817825
38470.094346867794
37282.49151602712
37720.818988007246
36298.023341312044
36299.854355908974
35899.410862603836
35683.008001230046
37642.93262684885
37049.262235682356
36694.11427776068
34970.90502497413
34273.979819464
33926.78901460151
33419.71653912364
32426.302171724386
31062.48995031022
30027.629232455623
28592.30015313148
Score: 9.323032561572505
Runtime: 256ms
336026.353494656
321661.9191276711
311597.7645616943
291544.2051063908
272690.92711858364
256219.55955820176
240407.3202410673
219461.66110485926
193580.1338964638
171154.8598092203
143014.17090673096
123614.05128866568
119694.78392647521
104219.26756922078
85423.29120547032
77533.19314173552
67987.0620429301
55424.336190421476
52340.879768151586
47583.08981751678
46526.55144650112
46632.71102603696
44505.051517183354
43244.308770456046
41478.3833168325
40938.42570915749
40360.683432602884
39292.533111403405
37555.433901675126
37395.59132428391
39121.72459310609
38022.341685153806
37277.73937171718
36404.23479208057
35311.82336323137
36629.432477069786
38193.05427404353
38993.180084604435
40426.271409872825
41514.403462122405
40909.365645693695
40196.595077951795
39688.23938243737
39569.55725892053
39862.71127969616
39154.821554229
39186.688711276984
38537.001810130525
39369.608883209024
37030.37954266546
36148.34665147621
36808.95021925611
36219.34470701331
36179.85160294535
35377.03574513113
35224.9111655854
33724.907664915736
33753.51855048589
34747.69813196252
35454.71922143531
34142.703626608796
34155.02791653383
34008.60421178501
33752.02524388714
32931.33219310968
30928.560590866015
Score: 9.441179104206011
Runtime: 229ms
336026.353494656
323699.66158375674
305211.55908386677
284963.8865064851
260574.6305978844
248050.87474592152
234755.53173798192
209723.7501736539
200662.55443087948
193514.5332404265
186129.1681835396
167095.96642517782
153351.29002400226
138293.29820159805
132358.96431446454
125316.25010192978
124104.46571961117
115954.79098751726
107729.51400257181
97284.8015435986
90969.06735221128
82092.48178832873
78730.55539815695
73943.5043097748
70867.21718972326
69128.94388922518
66212.1197403523
65915.34981616246
65353.73391012968
65040.66263126441
64619.76102739171
62982.972598271255
62159.17214083214
61703.185263356856
61922.313993110154
59921.38169659543
58499.27285825392
56682.023265303746
55996.88165795728
56966.61517040771
56287.292730969166
54137.8344206606
54312.28196872448
53490.901285932436
53373.107842461664
52588.58010618809
50326.63212514208
49898.1163099004
49114.32720607896
49521.512785601575
49710.67989315229
47846.263062565726
46213.53337013726
45030.80087551785
43971.99036759234
42784.61728610134
42578.46769317266
39623.76749807769
40185.079239545325
40745.80186036661
41596.35740056989
39406.72926412077
38107.44117864696
35917.584421874744
35002.51770199
34833.72815903301
Score: 9.122231745114934
Runtime: 253ms
336026.353494656
321813.7418357167
309502.7897419085
289580.85310341354
272104.1805338696
258204.79418364807
250412.28901100944
228644.8671253687
208087.16028626903
182027.3892083086
157768.37333315212
151887.1086042749
141822.24368175594
134706.1731627522
127218.48858432152
113906.01785424184
111455.1795274869
109689.32434708471
100930.95714259754
93698.78537570224
90471.45178320904
90105.66514269751
90561.96786645535
86256.66433521271
85206.647045912
79065.59150210525
78262.0217183728
74622.98408226545
72937.57778545625
71183.91447062002
72130.41111212371
71536.81550236163
69957.67000529935
66631.70302304956
64979.777963786364
64338.866320232744
62534.10267337589
60944.26887599071
57714.333681810465
55871.97858861012
53623.236484496236
52947.80024686684
51674.54274940062
47631.51916112792
47277.51713659879
45457.763288992566
42704.653466490265
37986.93979213679
37838.51336203011
36039.378023392186
35137.14749864545
34408.26809967205
34102.643535463176
33401.478294899585
33619.25289138563
33428.83660592251
32411.45765300364
33420.53740993884
32642.471721447953
31500.270298901636
30467.534579146537
30540.359537435183
29710.741821976204
28858.13779822913
27819.454114744814
27197.898127404875
Score: 9.298596330029724
Runtime: 264ms
336026.353494656
324686.1955548264
303346.1206431203
286931.97033009573
265696.65893852705
247580.73186464267
236005.40231691388
214867.55098489756
208610.35641697666
204180.84241479545
199292.51799962393
184223.95882018033
173356.50772034936
149456.7524499776
130770.98807771386
119747.6763083235
98324.66937891988
88470.17064529678
74372.15778207644
66986.63770726568
57210.10241348904
53384.27306165809
53698.31022885225
53301.51035371657
49974.74032843107
47994.29515048162
48725.441954340575
49301.7900753368
50119.87486038621
51014.94870888614
52390.39294234056
52429.17642487334
52446.56247730234
51681.95480992295
51582.988152279875
51200.958028976376
48509.2231162913
47228.56732988425
46999.44212265127
45172.64254764264
45385.563078882726
44911.65751538508
44756.93045052657
44699.68381363213
45207.3654344625
43301.02767320171
42951.24971884003
42176.000640213024
41837.06140330191
40806.59798422459
40211.274353247056
38827.25537903043
37362.04516877661
35052.49224530704
33926.034012451186
31434.750944233612
31330.86069924301
30116.435239174105
30530.901235939982
29784.827298984674
30737.770570639896
29736.987938129143
28472.310462786732
29697.781513535672
28379.38629609626
28120.216974034895
Score: 9.240974570454261
Runtime: 264ms
336026.353494656
322608.5860039646
309829.6674584308
293981.7192993757
271532.8256151308
255973.4149240738
241596.49043264228
224343.9497979923
214078.81228335688
196901.62355642748
163052.46215428592
141910.7798642906
122730.99804843891
95984.82337727536
75807.0057645669
71370.62877547368
68250.8372758901
63659.02882051827
60179.58933902166
60216.79172856247
57364.85707029064
59803.460950769564
62306.967834058734
63008.297380223645
66450.48231910527
68743.57186702876
67944.80075146083
68918.2339266921
65642.40626136896
64627.32485824371
63575.824204539706
61617.47586380767
60787.560128486926
56206.99071926335
52823.157069096305
49488.919886171665
44373.05555225965
41621.17986026152
39201.80715815807
40182.85165197318
39376.09327703376
39146.28487313502
38921.807291640216
40594.682969168636
41423.44960645185
39716.1004105535
39940.84797763342
41615.19932171318
41153.17540066489
39673.330178524084
38340.59377871096
38630.752797931775
38352.09333453758
36460.20686738758
36269.99075771043
34844.900129973765
36275.945694418624
35959.52556122146
35566.20450282573
35460.63703735005
34131.2002520964
34119.737585278
33941.82558934658
32135.06035833401
32551.853984072746
32462.63045233733
Score: 9.090658965652116
Runtime: 248ms
336026.353494656
325289.88800520706
314187.9189920024
285037.679697353
265629.0009111638
246185.06649331615
238474.20415655038
217894.78866844045
191105.96329268554
181043.46093506107
159677.44375749122
144775.3190153326
122700.07667499693
111464.25303139372
105330.6279157222
99093.0246618056
96762.8573661463
93345.06303141739
89026.19436655611
87478.77541095909
84113.03462497592
80726.62460048015
75674.74484923788
75510.07553886775
71646.89894813391
72248.19774580967
72546.38199945811
71528.865749975
70248.4410864231
68247.09583527008
66418.68547387524
65698.09080634256
63473.19409494502
60813.036530663834
60236.63658184766
59741.47174209736
58947.91553443851
58077.681015176786
56623.675265864076
56864.75414713673
54284.3470468303
55260.78258487884
53368.83173219046
50983.174699484895
50553.42448294504
48624.98334123478
47304.445708513085
47501.25870577993
48164.03753011166
48050.98380447885
46921.44511503743
46812.76096714738
44633.45642666907
42376.565886879485
41333.97493549
40730.61426295475
40257.29262517707
37867.47003423761
37145.2917222563
35701.670380733936
34209.21009434037
32657.67731210777
32184.524077871214
31266.822297603278
30546.199866621544
29164.141692329576
Score: 9.122598524605042
Runtime: 273ms
336026.353494656
317617.8026955734
298318.6112187058
275609.672526126
257365.07204637467
246474.1709997335
226131.58444449797
213423.51166292847
195677.407084277
174850.5158564387
152872.6578776657
134610.0246166358
113591.22438915895
94371.91956790468
88350.13804568577
80595.72375391734
68911.32571240055
62054.9829435953
57360.97883561773
56695.21932875356
51960.973424940494
51868.215089995756
54158.7628012687
49637.46611578029
46344.42714682236
40847.58090595896
37944.903609877896
38442.458470754624
39302.72502250981
38937.01041157057
38344.871198174194
38553.26809839699
38773.41020028313
38738.72388829063
39161.667235173874
40038.37339765138
40324.87340607043
40930.05911687486
41152.73651040905
41378.21581115135
40605.21351926523
39610.806957964574
39606.69304203794
40673.979089384105
39456.69986847201
39980.12094411049
39247.87976268354
39884.29908928513
38315.77901894203
37659.55990336551
36997.08832764081
36509.64771275248
35898.0807936145
36674.74892441184
35623.006229065744
35647.88615861184
35773.52564209912
35967.60096808876
35372.04994096447
34018.55945166394
34276.84505940199
33840.84443664195
33148.21409581945
30832.461440921503
30477.214479802926
29996.10304037408
Score: 8.947775066882617
Runtime: 233ms
336026.353494656
327513.143336648
308440.1719089981
288965.53577659157
273920.2350358181
258971.60076110312
240129.19998866122
219769.4748050554
197994.43791233347
180731.44302896902
158090.43538898454
137136.4958709496
119936.66751731033
98162.28918294658
83258.24922849955
83479.85936377312
84243.38975202758
82855.83279482763
79490.74998969953
77842.87554462449
74873.17942111706
72038.87935745712
71249.89234564027
68226.42806112023
67674.19595626359
67002.57777700906
64020.80098701999
64547.20978125107
61389.025480420874
62276.801113234134
59117.743341863636
56625.72403606494
53705.78987541752
50466.508599877656
49901.28456247191
48829.82568314446
45991.395934746666
45741.56228573656
45288.79616258902
45339.66061483263
44876.787243891595
44988.75577961967
45908.85883873267
46879.29946043431
43852.718815898275
41720.79999909428
39557.39127799699
39782.2896176684
39392.546308721285
39305.999282696896
38618.40840386784
37019.59948295795
36000.128735439495
35531.99854340523
34642.452263307096
33416.76836836789
32373.667693679225
32779.111254935786
33031.37514394146
31963.197264339986
30880.7277361979
31192.651118090896
31560.605718585455
30462.44471879538
28871.7250679283
29507.849121459185
Score: 9.370687900129639
Runtime: 250ms
336026.353494656
321663.3844232342
310746.53070175747
284354.155228287
270161.33541958214
259080.5409018524
237566.29526910835
225428.0033361086
207377.04593721475
190481.42369143272
177646.44799534246
154699.9540855837
128260.45300685067
121433.86364756738
115867.24117412503
115285.7987155102
106554.33533180389
99477.23767300452
100320.0850788215
90894.07013849093
84870.22050168311
80188.75887638942
75370.28566935602
70731.55185961441
68050.81693538102
67484.26506216725
66335.98263141164
66683.86904139526
66478.37591268528
66130.65857927315
63824.642015651996
60406.93240723234
58267.888498160275
54364.85261378417
53945.79734945707
52627.47689214998
52310.55328850899
49288.8209261856
47188.37014614985
44728.60866824032
43480.433635062414
41887.76466424185
39427.4707182908
40800.022188691306
41434.03959914732
40320.66666112682
40161.02444232285
39715.613506082016
40710.9188719912
38898.22109898309
38457.325303145204
36787.011700035815
35820.85444640851
34498.1359193374
33641.643131167046
34103.837961985286
33397.616297146946
32869.23115961475
32422.358703730904
32291.49270440284
31383.849055124767
30593.34417776084
31264.381094805678
30871.301450939623
29790.99190695055
29986.21611193279
Score: 9.648601983805246
Runtime: 227ms
336026.353494656
316055.1760448411
289187.69845871645
267633.7398936782
242644.84866653415
228363.38485583558
207996.37426282399
188425.09948837585
171930.30599115085
144702.8796632743
126095.74262434858
119792.23028641693
115644.98501011876
117923.92025996668
117496.62162600613
114170.04815404413
110752.67974035049
106657.61332677778
99534.64418440383
93541.50053130697
87796.1398419377
84762.65035651517
78530.16371364423
70710.96157943609
67698.64770733837
66506.60655014953
66298.94999365594
64399.13513287305
64928.40061834792
63921.96156658065
61132.33195985014
58769.87645456614
56913.500151228895
54566.58695466225
55431.55089057182
52839.256072413125
51809.231301577216
50824.91579610652
50278.38606654847
49702.4721732694
48920.764009451814
48799.220126832406
48787.292302439695
46544.52799067398
45077.91172655262
44547.475612112365
45509.67281562931
44733.536088444096
43353.05335999124
42652.214322099484
42140.30023523365
41627.794289019286
42285.46525395571
40406.5898039575
39840.53363070653
40267.44002078146
40645.5799492423
37540.6253079924
35812.254976563265
35342.63943205322
34999.62232906419
35762.59729555012
32842.5639659022
32394.655385320733
31767.91475276329
30761.55600925902
Score: 9.481131665485394
Runtime: 265ms
336026.353494656
328442.5171486006
312469.720812166
291158.75510585273
268429.1236571245
248291.93177700875
232029.97306926647
206970.54723515638
187489.56366919822
165945.68161668544
142284.54340119293
123811.754147921
110474.50444007482
102490.87421748089
96648.6652436801
83488.24648401076
86746.99243454031
86846.47252072854
81234.39030598558
77535.26411921017
71050.64793086423
68949.60342990188
66803.07434483661
64166.901567733345
61181.16158973697
59394.2107768806
58344.950611308916
55167.48929240988
53396.90666598097
51407.85725591085
49579.65290727424
48130.35755540923
47363.138087990876
46000.29524469012
46213.179874468435
45135.68786705035
43732.725995211935
43453.51771233249
42757.85759972798
41306.84406199406
42779.63288638229
40944.70165825079
39240.72525073919
38652.86064514765
38567.035169708906
38914.507758835076
38287.15253830801
39315.81142435007
39622.43994830307
39818.70431340891
39667.293653949804
40006.33173545911
38758.70873707159
37900.65236870694
37414.48982529149
37538.22305075348
36655.46719269808
35880.51400285661
37354.717843124745
35918.229866643036
35076.724654970756
34052.60049659521
32112.41461516243
31497.025762083988
29776.850455873006
29941.745366573028
Score: 9.39451808519393
Runtime: 265ms
336026.353494656
322527.6736725504
299816.4662027992
285707.18830508745
262401.67689036025
252384.50352814174
237446.90646915286
219242.74292068326
200082.93203352258
189130.4054548791
176973.8633808554
156991.20994478534
148033.2802761012
135237.9829803668
118805.17389144067
102030.32596504306
88258.94603586102
84475.8004917392
79716.38464220535
66638.43854251063
61626.8661089745
58540.52644991588
51659.08369791728
41825.9257301891
41262.44558235667
43246.12148131038
41824.51851224001
42086.182840434354
43592.93040635741
42378.27411490386
38566.460560249645
37182.29099332166
36885.90174478554
36857.90058761654
36031.216251037295
34964.22349116904
34038.058517188714
34586.42499274476
33779.28476333771
34424.25770317139
33473.7830791846
33382.98859587626
34870.7962921491
35125.92536152707
35047.94032766062
35588.49221169136
36801.735073179974
35704.40070892195
34482.12091842639
35376.63392353978
36352.08403438373
35723.05218636103
35965.59271630799
35260.39016164117
35080.62608536719
35081.46581582695
34252.68588831793
32403.38576925981
32004.328583682713
32746.528633088554
33303.188424199776
33447.26355307784
32638.567524727543
31965.075407298227
32817.171437310164
30772.800989789255
Score: 9.489783936117064
Runtime: 275ms
336026.353494656
326337.2997441044
307675.9877136834
284919.95598192484
267081.3364452933
254009.42046335767
232401.66898284905
215426.287142021
194168.19826643378
172677.1972391324
142391.47183424167
120695.07347407253
105724.98351821465
85728.85438024066
77224.29221824689
72699.9918340667
68650.20242210731
68008.67919276975
72128.15338302555
73897.17347581527
71106.1182543571
69929.34935556965
69588.97358422304
63346.42217174259
60263.91038933711
60199.675309518374
56904.80679112798
55359.15864541674
52660.819253773414
49900.622239279
47021.91333843426
42348.223686636135
41742.733601722
42420.5203056604
43222.4864814427
44300.49457529943
43704.78540527539
44118.19902383978
43134.80721976176
39732.47217626943
38376.468678817466
37878.34521502559
37907.182497848575
38176.894194062355
38248.95282563296
38358.31470785656
37839.62959861886
37590.594764493755
36233.00388205123
36920.64112736622
36236.59458131268
35982.785872767956
35275.76110165111
36193.70949533551
35701.68965266406
33426.01760111507
32797.04576446997
32297.8989044923
31870.053869816173
31501.830374166057
31534.330094915695
31372.59961775479
30499.88683811539
30367.511543218687
30359.94220928001
30174.053821711477
Score: 9.512994569838826
Runtime: 266ms
336026.353494656
325390.82327673485
311369.07642001694
288606.141211136
265008.0551321263
244596.86901697714
223729.23052153285
208888.17504267022
189698.4792304328
156641.71117966325
129093.65950007022
113799.70374148998
86679.72057847265
79488.84402148599
72144.03204389919
61060.32225618194
54526.9156059541
54896.60754787168
53026.26986561345
51813.36887075557
52906.70457604896
53410.958920354096
57454.860882624176
59045.331751717174
57683.90908334677
56772.46422799547
57768.872592598185
59776.677854124406
60623.45387475688
59316.484007701416
56961.07557666328
55176.715195138466
55663.31610076183
53749.161866883434
53754.46238030374
49679.8365452527
50484.83270976991
47360.597479720855
47064.37063544808
45338.35883109255
44820.819277839895
42201.642853271725
41769.70629041464
40438.56347568825
39775.04660889627
38908.9293720567
37964.0312615351
37695.63421829568
37656.46027245113
36696.51587164029
35370.778897225646
34455.62874211974
33939.048616520406
32679.067923060094
31744.286473209995
32962.20596553631
33560.84965569717
33808.5064289447
32341.837609943614
33198.51728802025
34504.22325058782
34220.83358383981
34303.03049156819
34367.187844573826
33845.36116639772
33556.252746964645
Score: 8.911131864177793
Runtime: 231ms
336026.353494656
322483.69699237176
301150.5502285806
283035.8919570625
264112.73236111616
245294.55569499577
234099.85913557003
224191.74905405534
214484.94858047328
196017.06349818152
176306.26776797744
155847.83033751496
133205.1501225532
120264.23088150567
105880.07871186086
90263.75418237988
87335.43885820518
80668.66976310602
79876.19308518025
74349.97832894581
72949.1056077278
72838.7719776278
70789.92141759463
72009.48997489394
71674.48421027495
72870.14373553307
70779.42564298597
69386.04410577951
70034.65681140326
66831.15446354313
66169.59431280474
64068.53375970674
63197.69117352452
59735.66785773104
60076.85599650685
61675.26380240606
59399.81579759936
59505.59131137432
59858.37193509077
60463.39274703641
59352.400419608086
58097.99824134
55889.25371337374
53712.78877953564
53504.67842291544
52506.18468578043
49662.19376039019
49411.80791181882
48073.06584123969
46200.47029447661
44413.59618057618
45860.11306956749
45689.699334124845
42435.95212615738
41968.64710103801
41478.98692841264
40253.54929765337
41380.177389019635
41016.23712582072
41337.19856949636
41525.28425996891
43575.29999516788
41193.17045392693
40687.66100516469
41052.74464498336
42712.79611545533
Score: 8.749423684895612
Runtime: 258ms
336026.353494656
322549.62487647496
309481.05565348844
287603.0398184413
268578.4694591817
254922.00387779743
243264.5312865573
227648.265724887
207438.730940082
200769.023873231
178973.6075245908
147428.6873062526
129878.54300450257
109080.1134281068
102546.54443183207
83733.25661751587
72397.31038953616
62551.61450358108
55467.3146390839
50486.03195725751
46317.69382546424
45519.19528113997
45358.365809493065
45531.89027644077
45788.81387658913
44690.636266956186
43248.11262233947
42066.76891130215
40523.56298149795
39723.08184075616
39671.928413496345
39194.08032336318
38949.97508292321
38810.76459158373
38006.7046534805
36588.7518016111
36718.56737076351
38323.85804893558
38664.12654167169
38250.883289683035
37729.08894753457
36812.75857821306
36795.44925572195
36349.634294983916
34618.50638045181
32800.602282473454
32081.981374994517
31310.37727007978
30283.365083039294
30489.135779466083
29612.93721005551
29124.549264348017
28929.128194888057
29150.1781946736
28593.428288999843
28313.5074561203
28302.10984359704
28070.02610175151
27703.013001247695
27876.11570670977
27660.47019552745
25921.37103288366
26395.710327845638
25099.48524945071
26241.20684921792
27023.145255737963
Score: 9.551423790675978
Runtime: 285ms
336026.353494656
317053.2926323637
300527.5634807244
280309.00562238094
257113.53218834935
233047.63459486235
215440.5787418207
197985.92252295025
190122.28173794423
181447.81993801458
169123.79698611403
152669.24126796518
134553.03707880428
126141.46625552786
115369.79056648437
113134.40913508498
106145.77377780089
95013.08878237958
79876.04038813898
73695.13020596087
69184.08034609767
57384.541627355145
52822.6362051979
45415.796070175726
42934.06481991868
42561.96356617154
42043.50259520858
44189.63708439659
46206.733697700976
39117.37493381828
40110.42781582493
41222.02626455102
42062.25853179739
42050.15268072241
41492.58933615474
40431.83604380965
40227.26921433046
38913.443408316714
39224.81624999807
36983.90273915979
35366.83812790849
35797.78072938424
36846.687255737874
37124.218793390544
39272.76088809772
39458.7201474131
38780.818489661426
37959.170796478065
37488.139920857684
37088.87238751182
37388.16973817968
36819.063372625955
36322.37385788515
36943.211341160975
36930.212738494534
36418.76876897402
34450.719414537845
34039.755613358655
33146.2895341019
33182.671576299486
32741.81336051599
32000.950274525258
31470.684429107245
31569.480894311964
32550.91170117326
32443.903413479067
Score: 9.177106282424493
Runtime: 302ms
336026.353494656
319118.3307295222
296616.6795491578
270586.50236566574
256359.00958306543
239374.37369896096
210307.69195755039
175217.92887421534
153828.61630066094
118733.52815882815
99564.40527557483
95791.06461620073
83164.58865754835
77356.44852189047
73438.67055820342
71636.28895765783
67091.1560422989
63403.20934770566
61565.293142751
58761.6081425646
57919.41820851698
57677.311815327994
58936.53538505257
56589.34539254825
56507.608525952906
56119.3280350074
56478.13981383185
54870.63051792049
51742.458084838196
50093.381759109594
47009.63587792529
45781.42068314656
41768.962546236704
39495.34087974772
39004.72912172666
37680.89579669582
35645.62601395114
36016.38732571459
33909.97703295694
33924.14416933015
35164.00865147206
33575.49863707827
33858.22413767455
33630.109254169816
31938.867125160417
32727.50642777837
32518.81554720954
32192.20601288511
32172.643420044627
31461.207262479467
32789.860578011874
33624.32943372514
33882.385089491305
32459.892405125454
32834.15101108282
32597.90954793496
32327.64120310237
31883.946938498117
30958.951129212863
31021.198892840348
30994.682040859203
31154.777962656593
29610.571121903886
29523.630362513995
29055.862263461917
28436.24261244396
Score: 9.460498634705287
Runtime: 265ms
336026.353494656
318167.5859581484
291535.5478634719
268363.3275225534
259406.93040021564
237126.73909810677
214453.83633419333
192719.196836499
174756.07958946086
148709.27108990305
124416.09901031086
97020.0384933631
88888.03872401151
68370.08928534914
63977.3905338315
58098.838009793886
57622.96719030756
52857.174253038844
45883.71902254296
41625.625985900566
37788.48738800702
35600.8742982677
35977.66542057169
37148.33626921716
37216.557196860726
36436.13795369173
35241.06611321175
34603.12940410445
35507.099300604204
34671.770706255906
34069.56153045253
35137.36742840731
36031.48348624895
37610.11066786092
36838.94655367452
36703.519459170995
37656.57413707815
36896.78314610363
37225.04658509836
37038.24452039866
37660.69196805931
38031.393417399966
38884.96565035583
35814.45950364319
34958.69077591606
35397.69517968881
34492.76750975029
34096.76326289697
33456.78731385599
33976.962950129695
33211.675325799064
33725.708251005024
33065.207933337064
34616.660761281884
35301.44903825478
34711.671699484876
33688.278017215
34532.132144706724
34579.77021787152
34110.86045519268
34823.66704154151
34016.213773035844
32985.44831067033
32955.42828367722
32379.803595255333
31365.72768817002
Score: 8.859225697277525
Runtime: 223ms
336026.353494656
321485.87435666396
304036.5207246007
282160.1165792594
261657.7001040335
243437.3935945104
231230.8729785078
220133.9684387211
197042.94815164636
180161.93566221412
155785.74798882584
139190.86232312777
118847.4598140876
120507.20459512215
111073.45405169853
105843.12472606258
95636.92402420133
105315.81811241528
104439.11065346633
102325.09028588803
93547.48168606241
90365.06375123949
83964.6476935632
82983.35559698642
80075.26711158847
75862.36324226654
68423.44135751814
64729.94010108382
58274.4949480774
49962.07672696518
48194.004581939625
46970.76006399514
46249.485929944225
45156.761814111116
44706.22250824379
44352.30731322651
45080.694862142205
44587.57681131068
44134.455530809275
42048.299749873055
41671.61119414883
40650.746534001926
40826.773052047254
40453.07479417443
39122.8440148893
38900.645476892474
37996.312242585474
38518.32790170664
38729.41526759464
38406.00968796524
36936.64473654679
38082.92600168341
39791.37625189073
40349.0610826119
39409.080369485106
38319.44852503603
39139.653163975374
38293.68647249811
38444.56867041879
39128.40573474759
37608.266793237686
36804.86845506504
36144.6070480667
35454.344471338045
36081.584801197314
34758.94573250539
Score: 9.288779492982012
Runtime: 242ms
336026.353494656
320406.34724757605
310153.71011012857
290412.377929241
266923.3163273876
248206.31882102063
231909.3050772047
215373.89970570357
203154.07065261266
183470.1307061866
173994.54189442366
162354.91949303824
150575.85158394225
148153.93097148885
142397.37766789913
133575.90284715136
125636.20327120126
119412.59933586091
109800.81742607603
102882.03669826209
95943.91999083626
89642.30062761834
86239.10280496234
82390.32042164952
77328.56688014505
72058.64348484235
66217.60002486866
66489.21257585693
67381.73046649805
68122.69611574993
66467.58484607945
69169.64543883651
67155.86659102517
66667.16333968009
61835.94498434241
56565.70612863765
51593.04700849498
49923.54071407469
47086.341932508134
44902.252581131936
42564.83198718038
40984.887574020715
39419.600025850974
37336.87048526324
37529.097843856405
37243.371806060495
36810.81090349815
36098.01327748183
36914.92488991929
35984.45739049141
36568.17119817921
35549.022575625546
34880.55493498123
34281.5018493253
33548.12114404391
33372.26615027414
32493.85591029055
31570.38596720784
31833.281337850065
32613.734516861037
32138.589295653877
32345.247546891434
32680.324060217394
32129.367132873136
31459.27763040841
31149.370753543222
Score: 9.201500042072963
Runtime: 224ms
336026.353494656
318932.9397043777
304667.3830889854
277083.1355531121
263305.06496642117
246492.86611057917
217938.4131290737
183796.75727359083
171096.54423367497
166690.9659009397
165207.92787134845
155456.0204654266
148554.74933500527
137340.98523132704
123624.52438168312
117604.11535837909
110714.01107966233
108253.19034461766
100728.52397738442
99496.53145870035
91914.95331926766
94898.90905328929
92068.05481659246
88892.7170815706
80356.49265749518
73840.32766356705
71396.38316247097
64559.51771490198
58763.842658244386
51989.25524005705
48782.40836966218
43507.51298684712
42193.14893190544
42612.67431088341
43402.91810907813
42558.57740120792
41458.844645470796
42423.4428572743
40780.24799568391
40789.637626964955
39318.938591989754
38809.390739909904
36094.560817877056
35334.87216491662
34200.90312564309
34319.33627065063
34809.323785779045
34186.031563112236
34347.37214227219
34292.77160498184
35114.23140130912
34224.44137969233
33579.36597181123
33913.61849682145
32744.21429249101
32447.175272301545
33788.69337581681
33887.94530617934
31700.21466313318
31467.522941437095
32383.478358151377
32863.98449527704
32179.106475045373
32694.86399272056
31538.629836488988
31728.75451603278
Score: 9.456678822257121
Runtime: 280ms
336026.353494656
319884.5465650538
299233.5446772993
279669.01559464866
266018.9515394895
247675.4930248251
237049.19021053604
220904.49444370062
192189.48860261418
179045.9014556382
162550.33532637055
149694.7655541437
139158.81597493525
114023.19676211246
100101.24158397304
91837.6013703745
86743.83946394215
88041.93645561366
81360.05513357105
73985.89861935709
72457.36644451309
69153.68128725367
67305.55203451835
65107.07253332982
61340.98751867121
60614.53573632812
60609.005825022796
57680.57606643816
56008.03964615927
56232.24576452363
56811.52666002312
56076.4123430786
54842.73673910887
53332.69832647866
52534.10375782673
49945.05219063907
47821.316205141455
46781.01936477385
45488.4818062556
44714.41091585128
44698.97009545956
43851.609141917426
41436.67905668908
40493.50978379834
39002.66882043145
37911.65261572544
36607.19807288158
35386.469325879676
34860.55613812789
33610.40962553578
34407.86480344782
34095.27788988861
34063.62768198276
33970.1304868659
34542.52810898506
35100.02768758718
34313.55090542182
34393.60833145446
34172.65628506809
33290.432026584655
33266.30174170682
32555.264550785258
32495.726065231323
31812.221178512726
30868.58648007293
30062.614142690752
Score: 9.651279176163472
Runtime: 255ms
336026.353494656
321166.914132263
303546.6743119666
278106.46522452845
259008.50256537256
245964.40889471793
230637.83616111215
210440.0796117672
193825.60612646677
180403.8834067123
169968.14191662963
160532.4192277407
148050.31476165124
138047.44677024757
131357.15675595636
128322.46823998317
123382.30145350708
115708.09294711237
113671.2907116293
103655.66222114486
96415.16825752525
82817.18517132041
65409.04537236038
63767.46168717799
68231.42395553974
65536.44704258625
58731.33445038008
55984.938556512316
50400.44812245682
47695.71676367255
46791.671934688966
51631.33049134737
50758.11065923759
50949.85903451121
52795.27139089256
53768.74762895343
53915.65573020996
52526.74774623349
51479.25134255116
50905.40944500616
52232.09183402685
50505.48763970081
50183.6079001549
49019.56191372004
49192.123405546336
46519.00912686194
45588.07461881272
43613.30549203254
43570.68432202597
42228.72035840431
41246.19534064692
41160.37707009491
40128.03695941838
40472.27203400394
39877.803132890425
39079.76296647761
39468.61207758909
38438.63311967108
37611.897391154096
38442.56005802026
38160.25052220694
35394.19865255756
33916.5053950313
32003.11368698308
30121.952534838227
30622.815764372684
Score: 9.345230918737617
Runtime: 267ms
336026.353494656
323915.0323496542
299562.0058274261
282198.42820009193
266494.9878339665
243188.09857455984
223766.96145494797
216074.5819022088
200934.9297624221
180689.01204962944
157307.41483281055
133989.52981440368
124763.75027652249
106943.60513585246
88961.9257822404
80936.39648633046
75138.3065873674
69627.76743516306
66243.11480139851
67441.07800545439
72766.91077138313
75400.14333810532
69722.25983360346
69169.8504276196
70530.09503331938
70297.1398327427
69257.5706780864
66639.43654759398
63525.97101312764
61618.14195517797
57521.06196038836
53359.26971436893
49878.77940815012
48121.184165635466
45809.88727073229
45009.132011557514
44996.20919842701
46062.305668906214
47213.64790608283
49308.61869255264
50705.29521377924
50201.217446273986
48787.33242846797
47621.77889415802
47018.29962334473
46148.12219095875
45070.87388078758
44854.55944805624
45515.56469447789
42962.175572315566
40942.96680558584
40577.86900448049
39408.836775598145
39565.07939371855
37450.492552450305
37099.67933020945
36008.03022850588
35765.64159486832
34952.726706337606
33406.0778050604
33456.31558708556
34213.76302368755
33930.178240954556
33729.89879429815
34593.88013261314
35274.767863700035
Score: 9.272644506050433
Runtime: 255ms
336026.353494656
320376.1570982526
303966.5922014103
287084.75970811635
265955.74163215066
256382.99651503947
238658.36187902506
210269.76943698226
192743.7696907536
167741.26285135336
152468.19993789395
124373.33007043511
105773.9524254749
89429.45674476807
82868.03002508212
67500.69141643142
60243.10555797438
57555.890308337766
55763.51037928477
55262.4037724856
59500.3938061457
59649.59953898367
51122.11952847857
49884.81710762515
47844.308137307795
41319.391824198734
38721.434975032535
38015.94446373436
37513.28833611801
38518.46597561462
38013.730216186785
37579.66461109274
37423.04966286002
39270.323325226054
38822.61300416072
39063.08903584719
38529.02339704598
39581.2584701567
38075.32906930633
37696.87705815729
37279.42532541035
37868.66913308267
38969.55477537581
37411.773730490815
38602.14136525763
40194.37641206838
41137.381715870986
41753.722088605304
41996.32811377349
43615.91306094526
44696.57791670658
45278.536732220804
46746.20773508779
47824.34362036185
47026.566228392025
46760.09134790937
48560.81934835093
47975.54773337356
46716.473486666495
45474.370636992455
45334.27527886253
45280.81838451159
45663.02834147789
43827.161493457286
42572.6127588477
41685.10289606135
Score: 8.76012332636987
Runtime: 265ms
336026.353494656
322685.150707262
304319.9145451015
291347.0008505034
277399.1956268345
265081.8582086576
247068.1912053188
224831.3164263591
199242.07208727323
175014.9370662567
150115.3851149085
126607.96434498006
115294.51828735138
101046.24127208572
85346.30543567134
74893.52405595245
66264.21726399493
67086.32804723628
58542.54281790788
52898.12502554116
45557.09144687193
42475.174191319034
41913.99031378146
41906.667202401935
40062.11533404711
38795.46162845707
38000.65116252777
38190.98147036219
38263.67060953541
36877.16448951991
35921.32876961337
36137.51290877193
36429.2301911352
36469.19963399166
36900.50636517458
37499.92716481557
39753.91322216702
40385.13029046189
40651.909146996484
40534.52060857362
40480.95772034223
40438.437474417224
41021.818873278586
40146.52615339518
41533.09309661527
42185.06054823086
42385.41736705308
41286.4600614504
39615.286507845274
38546.97044935354
39130.33269979394
38545.99284657186
38648.34464550798
36760.05017909938
36284.51716887484
35889.65419707169
34784.45420382663
34067.77405326886
33046.81811748256
32713.138000200306
32491.45497722031
31768.927395905237
30704.845379813152
30197.397016153598
29962.661318749186
29802.378069815804
Score: 9.208115462731355
Runtime: 231ms
