336026.353494656
323263.9494992525
305923.2423940722
290408.1241903686
258988.66962702316
221003.12510981888
197231.81205384134
172826.33241914175
153390.1298080475
136680.86718639868
127650.36570367187
118765.62967016498
109929.57064897417
102344.03578228566
96809.61849689086
91325.9830114259
92268.97442895142
89740.06538549312
83397.07411365294
84387.18488110336
77518.56359445506
77393.71904347086
80394.29783548295
74120.40350611258
73480.13815356085
71252.17954766078
71007.76416000239
67584.69474230226
66534.17054864639
64779.071361685295
64995.87271600737
67418.69342287611
66307.52276387817
66661.63061534935
65776.47348578829
66582.18525285808
69500.20287105445
67395.09924355085
66883.88353767486
63500.05043080095
63582.40604875255
65064.39090019048
64897.874537843425
66238.7738576922
62903.83014690562
59737.367445866505
61538.327469178825
62188.70905536353
62383.7445598353
62029.00791099393
62563.50436031252
61743.57239145424
60854.34772949288
59822.445389316636
55383.74845725428
56358.23065559883
56242.09027435236
55141.437613327864
57062.96014936057
57090.17016086234
58431.15214221423
57179.49639950479
56851.76342419727
57757.63335471595
53379.83149543623
55869.94081746573
Score: 8.44335126494278
Runtime: 291ms
336026.353494656
328665.7862273452
279947.41889334336
247827.29667513646
230728.12372145115
205490.25408035648
176284.28890989907
152112.15048110488
140416.45144982732
131555.36593241282
120768.26155362454
109215.71652494717
103050.76926857894
95048.81369855686
90683.05449583639
90296.33066379535
84916.35953695848
79660.68792696697
77738.92935563844
77228.9224651943
75092.34532720936
74758.89144033364
75337.21769239508
74328.75405047857
72563.77054797583
67649.99743776159
68586.01370323803
66042.9600763879
64548.43376023132
64417.19053384045
61970.41870335945
58165.2157430351
59219.45733501776
60132.66707098242
60086.7654294258
60121.1729111655
59399.3213368963
58409.81126457411
58267.527995185745
55655.0148567751
54606.25866511191
57918.0000021499
56314.17065299289
53335.292267472454
54598.73588419818
54088.109454762176
54877.20606415069
54484.255684202326
55671.83332708561
53750.635219498465
50888.349698844744
49453.06940016111
49529.93401871796
51024.712800643356
52443.92083750984
53210.305027306655
54969.6857859567
55325.61748687981
52794.532545154565
54783.80878334946
51896.39246196847
51263.39857309489
51953.188703213214
51666.19808440224
51540.8956281875
52217.53667027463
Score: 7.784245873184937
Runtime: 231ms
336026.353494656
319525.32266241556
307542.0124629864
282485.8734973089
246258.64781088202
225193.61681334945
213514.79722230736
200140.56120306667
189143.18845061865
169140.03740122225
163037.77723689334
142143.0022346952
137416.401463106
131520.31779290686
121774.02077137536
118966.48258305425
108345.05372028715
102788.69341399558
101519.2595002893
94775.38758328439
94857.76415563854
92205.32664764306
90876.8199849596
90301.60201266674
84335.31245997958
83442.00073034591
77659.59365799587
76022.62551973728
78400.06217744289
73747.84082235605
74384.65260784992
71840.17445910032
70821.31733272404
71857.6873101067
72491.8045585731
73248.0594806297
72379.1701019497
67551.30613495717
69953.7349060493
66651.95711264577
68256.3059360857
68440.18486182518
69935.5809130105
66641.71621205832
68929.93263238917
68178.7007434978
65321.63030185302
63210.92888824781
64348.70006141245
65837.63787290292
63507.47548298712
64873.29472508197
63653.53172507359
64779.894257893044
65664.54805455278
64029.44066307068
61837.60566475374
61577.59307604373
60320.25232302062
62038.43712089541
60007.696733187426
61090.22838789081
60187.85961282368
61065.33425307635
58979.356320934014
56513.09972962239
Score: 7.8744162689404735
Runtime: 292ms
336026.353494656
319007.4449783497
293854.4490182225
277492.6344925384
245130.10339036156
231450.40287832654
204746.94703820717
204113.92304445236
195061.17686991737
178887.42968572504
165688.89279856917
156310.95192212836
143293.97051587215
141018.0083472447
130214.14509547577
124221.17277846421
116444.11656161388
113060.8524570203
108225.38080039265
104545.68032400303
102740.37297488401
99383.37973282464
95947.60393497733
93117.28799239229
91122.82385420932
81706.46907863294
77264.28460148044
72463.33549076633
71372.63793395279
70477.31704654901
71108.95299699044
69563.3457100967
70550.91149323928
70812.83675088442
67598.67480123577
65579.23032904946
65546.13964197114
65415.02602262113
62006.24958517948
60234.715364985816
57695.46937072286
55688.26348774911
56183.83276528162
57050.2388980351
57897.993643047776
61801.30057300187
59804.740600014105
56565.29323898625
56405.41012076502
56213.38204532604
58090.34969814572
56981.43884068878
56550.332765255174
59247.82268042386
59648.787223250314
58011.561588882745
58358.6604990346
58851.16541227709
61057.34391259973
56942.52408335317
57152.277845980396
57722.50702953869
56287.562234160025
56737.00156909386
55624.89563147726
57629.74369292323
Score: 9.18030448286706
Runtime: 224ms
336026.353494656
328878.3021475229
312401.42292222
287160.8417314651
242340.37659313396
219460.4229567996
210998.9123803254
193210.1101075425
177962.3270204909
168803.47372942464
162380.80831890026
143117.1896047592
128255.79621401003
124151.8384600995
110723.69873693671
104453.28419753283
97058.4616299487
92799.25249623961
86075.35182186191
80842.31702164744
81384.21151883679
82478.55813758758
80014.9825620927
75438.07697616647
69734.37010449408
69157.54812367726
66436.682640635
67269.21761169199
66444.93038951169
65203.69322369768
64461.76486396031
64025.406943942646
63272.80011211043
61757.719934872235
60817.706944194375
60535.004642964064
57373.29439514743
57198.6553911786
56411.66879120257
54011.39850115777
55575.44854972281
58553.093283996095
55411.213795423355
57650.980458325605
55211.70187475214
55315.785953090395
55374.195326033914
52368.96048176677
52294.66047115437
53891.22024839734
55213.65864349994
55811.563116163525
55642.75847739237
56565.49784853026
54061.61704114982
54341.99463569124
52039.02321606244
51172.374145638794
48903.18395750335
50839.31338569299
54439.77796997209
54679.67852647326
53966.77657656132
55139.76548309274
56384.81360059704
54895.98263124896
Score: 7.641375979552738
Runtime: 258ms
336026.353494656
313496.95717600745
286220.3061425153
247207.28042679784
214467.20633102767
200416.74573118266
186304.99047969037
162043.0899699513
136986.50978105186
127127.31044997873
119963.19686849958
115213.41145502673
109771.84418804271
110686.11909963371
105444.40401352689
104154.15899172131
101903.86399533112
95228.8590488955
92754.04330254308
88475.16853069971
81708.2322438164
78151.50228348392
74716.78997743072
72842.66001580405
71367.73285236573
70400.3350123236
67664.96981218696
67366.66030636316
66980.01802964069
65724.45392395117
62259.28850968531
63884.95708627527
64307.96554937349
63029.76115608208
64822.747538337455
64696.23963822503
64452.34804375962
62450.39206794455
59694.94106951621
58930.525212598615
58298.45833513621
60381.58270852833
58542.72612486916
59648.99999607659
58706.46110791384
56503.83168956622
59130.68561585971
58942.22971289475
57695.49092170942
56424.03658746193
57226.284188936275
57413.460997970295
55379.55829105587
52753.208504849754
52179.70495914231
50266.85670177796
52202.718011516314
52922.28443416662
51278.51855818713
51922.58217069651
51433.146249063815
53447.216770926534
51757.094187640105
52562.820603367654
50858.659578738734
51786.67157258297
Score: 7.948062009523106
Runtime: 268ms
336026.353494656
327858.3684135826
290189.39077417733
262715.790545671
229390.34238631258
203390.39646331672
193696.97601055645
171369.62744272358
152446.88786608493
132481.98027870394
126924.46426540341
120835.35810192929
111669.19153568645
108516.86766931861
101789.5168128092
95317.33620373
93366.60693727185
89405.2536754742
86756.52415585477
87530.48551637828
83498.59234872468
80301.97784369817
79439.9670180515
77606.4206511699
73413.46008733012
69874.27108773391
69940.26778024291
69805.08039834775
71979.76095052269
70599.41890949161
68857.46759682777
67156.64338562047
64384.50542700243
62322.029816477516
61365.05835199044
60774.85099628862
61651.25548163632
63620.21887922816
63014.453657079204
61745.680138805066
58111.058006444764
58998.108293527854
57347.48659318652
59135.794298826906
55849.50305256871
56128.52587128052
56428.55018485124
56037.625795628075
56458.82385237888
56952.79442997861
56066.80140578685
53478.524009709115
52472.41129377042
52325.623352574854
51378.69355696996
54818.33804591999
54699.655377437535
52303.365580421174
51517.03142069932
54844.73962133788
54708.99505218696
52193.83246866017
51356.583503824855
52288.24244509636
49804.75202237919
51147.594344897414
Score: 8.73988454126742
Runtime: 271ms
336026.353494656
311869.3039783556
294392.61804777913
275471.92523866583
240184.5120613113
225815.20405094323
196714.63602092097
177265.88394939923
166618.38996241087
149266.34922500144
139706.35516508174
132295.7900256044
127816.6307350502
121621.8220781785
113680.10076386185
108973.52913621359
108403.85792176194
101293.01399750261
94655.37932828839
87073.77503965746
86399.07266692734
79976.35225120728
78188.89069949885
74485.08852710442
75062.64245533184
74233.70818987017
75062.41959184625
72410.40328429244
68444.84461163256
70999.70395874676
67891.69018562755
67780.35071955898
66453.6054244232
65123.36305339695
63207.82433929554
63422.68654017858
64332.72252139005
63524.982748100825
63816.78978366729
63044.605821759855
63879.26490532711
61681.55577622807
58598.668039101874
57350.185045747196
57484.57657239403
58485.35261096586
58157.61151099149
56773.04673977257
55962.877877487685
57837.561887446536
57646.35249354155
57834.61068276311
57058.08461239279
58550.93784122288
56020.712435537054
58380.47369860981
55917.189829397656
53340.89421660399
55053.024715079264
54801.297836892045
54514.54369237299
54063.410110298835
54337.585428220526
53350.135896481996
53453.29341715425
55547.97259073469
Score: 8.033699219404996
Runtime: 259ms
336026.353494656
312782.40193098894
285769.0717124269
271203.5542436713
253880.32488702767
227589.86861101593
208898.0312348345
198350.2077008203
184103.82751609356
167876.27938660386
144743.79156445377
135811.24372950045
129343.20038106298
124839.97815353746
115213.18650146273
109552.8722796655
106213.12014377043
101251.36526577502
100070.42462741943
98305.17430853222
92303.4598468222
89260.02006397463
84302.7728640246
86723.55879387597
83227.60128132656
79985.51884493038
76739.57758663646
74511.47146953952
71459.22998125228
67827.81633748648
65524.657388797
64347.48946095972
63385.07801524121
65347.51523534318
63497.54902994517
62304.41289825351
63115.90463437489
62546.13997008453
61233.02983872001
60171.125342919906
63038.51625436763
61201.28535847724
62332.68065395672
63132.4817322133
62192.909218858906
60062.413525319556
59327.91502684822
60302.44488464346
59609.87195735649
59360.10242189982
57884.04601382722
57571.18167997098
58418.040236435205
56754.84364012788
55023.79181561324
54142.068620047045
53460.92965384364
55173.572960174046
52850.29317735454
52698.935203316054
52794.35224630671
55193.56338432648
57241.68924124962
57769.96980228308
55713.64812172175
54464.94601897794
Score: 8.062251381243646
Runtime: 229ms
336026.353494656
314765.3755664438
275507.78647141583
255832.47810118963
237666.1889379025
223267.93450970983
201577.01251245113
182552.55736386144
176118.6834231961
162232.02333788463
148838.57102874783
140802.30586438047
131669.75330915966
122778.30086032138
116136.99325974468
111365.9412098032
105941.84391411894
109159.72896875274
106201.99636412512
100972.42220676322
99077.77356424168
95831.06697132123
97792.93961867777
90741.98968073384
84630.38226286136
83421.35425788656
82946.55425655677
84802.23184264713
83642.99934432204
82889.51358547667
76268.83671736815
75643.41694385509
75519.07916178518
73549.32092557267
72174.32618972204
70102.92262666962
67356.19928618013
65273.48809116799
64179.30379873954
62335.95610649722
61609.63722834334
63288.69053201928
60685.56252926611
58360.600054308816
59620.41471223498
59587.93239913337
61123.060210894306
58156.4357223827
55814.82303197975
59072.42139961163
58250.244996486916
56582.83677262769
56207.186674822406
59008.69986040789
55986.40864820761
55878.64113068189
55856.606019366445
54960.49933914363
55263.41762930773
53974.69929149702
53623.47134726168
53311.758578775596
54615.950348861756
57252.194145238835
54772.67250936933
55196.26595018438
Score: 7.562146277344573
Runtime: 233ms
336026.353494656
310215.2374113316
289088.3079463872
259369.75906030834
249644.96831915271
233791.44988150193
221861.33611291903
210189.89431832172
188643.8998779317
165806.3152018891
151401.170216324
141472.06452367146
126658.083517816
123719.45571756136
109720.46670434767
103298.1301650256
95896.95654397616
92597.37884016673
84142.22044301852
80524.51974921873
78431.47771725124
78869.52658199989
79602.77644736986
73408.43431479261
67450.7881330924
66494.36093802466
65315.240580069396
64425.79989059775
63509.55610267229
65208.087001310356
64392.62682866167
63748.51798720573
63921.88484232996
61440.87426395395
59744.78590919416
60613.618524502155
61013.71416808641
59821.29438458224
59991.062372301894
60204.92275409691
61377.48173777793
61723.03234128788
62391.109373486055
61402.640606461595
58975.626203512016
61230.1636690094
61888.70364006361
61260.77266447541
59528.72273417859
59605.363149343386
59213.79163218002
60339.09271062786
63736.901292453316
61228.899545488486
58242.19764723217
59138.08877344545
61024.10380025472
62708.45489982538
62321.142999419
59294.177240638295
60789.23511712972
60223.440638651155
57121.04585100096
58520.790523468
56730.65730937353
55751.87254385608
Score: 9.036300916330246
Runtime: 250ms
336026.353494656
306756.25195484946
265852.46620274975
251771.09673082182
237753.8523186023
216070.01482358456
198503.14757299106
178064.76233674528
156993.90804869717
131175.0050154355
121731.08927726214
106111.0062142552
95886.47851584847
87097.31282038917
85868.10686885873
82592.79564608114
82824.86051705029
80501.48473477601
79019.14332406539
72195.2836351695
76052.73667628587
74663.18913310251
71258.77367639019
69632.59826180316
67704.33505881876
66041.38905945026
63946.399500233594
62147.60874391494
61094.101049905876
59537.498189480335
57647.218660636616
58786.52560591917
56521.001664610914
54095.1771567964
55402.302507676184
54399.57801039226
53314.99089347819
54092.737738574404
55571.730639164845
52666.59207372625
53882.13276087968
56389.22282003679
53870.22869780177
54341.86704626275
55881.749403321446
54411.480130841395
54554.10851348442
53527.06160973369
52806.00425238197
53716.01674092381
52178.67885204024
53542.814203605376
52877.16679524582
55862.7558376908
53974.305323281165
52913.4673672195
51814.576052630735
51063.58428917398
50612.23660867801
51401.47194309229
50505.99171367143
48514.5119706361
49131.722038900334
51259.93730063476
50985.37829137676
48535.42071472773
Score: 8.635068592587333
Runtime: 260ms
336026.353494656
322676.00836208405
288217.8844492073
268906.97990660125
246110.33915198466
231473.09219142373
211959.13853078702
188259.84771310727
176140.5550506415
171307.7566613023
166285.4542452785
158923.479580012
146193.86592950954
130084.13316996794
115915.91799734207
109111.88603402943
105518.42502986843
99465.9890479077
94890.95721758899
84973.4234882139
85324.88675492532
80919.76972467778
78252.47869491992
80624.51653357089
79520.9955663241
77606.32190243869
77488.27266705451
77604.46661743327
75945.03740068749
73342.51775028506
73617.15476993144
73115.90118521078
73306.2098878657
67058.09660182285
66260.74279614468
65950.22419327908
65889.80123604476
66410.47264261353
66417.25893582444
64297.9967795931
64207.493962356915
63033.0256088766
62679.47371771429
64829.92393736049
61587.76336573062
62443.56802000906
61800.639723556
59511.81141280573
57112.638317034856
59507.938708200105
59513.499404788694
59812.71144435333
61869.04905110839
58688.01813407076
58577.581819615974
59283.77552464974
58879.79925550842
55982.81191737503
57275.88254808321
56446.65724847089
59332.305392984264
56650.977501037676
55004.63922484223
52300.93534770973
54306.25163935957
56754.84793317407
Score: 7.878231356053174
Runtime: 270ms
336026.353494656
329149.3547285394
314803.736099466
293810.70336961205
264674.0579672101
253134.88685250733
223663.48838500667
187478.80214132796
160948.06454961427
139258.9671236351
127351.26478176206
116607.40399792536
107306.39138916157
97074.93717689371
96518.34948455032
96449.94080304135
90600.0293030994
86498.43091535219
82183.17440018216
83804.6274433744
83207.87603614242
80649.82446351834
79489.35077969269
79054.74158258153
74909.10305974861
72409.3559906145
72126.35672373713
66215.76957578803
70421.40179023826
67401.20752791048
66662.16253223523
65517.410551022076
62234.525109586255
61216.89529272122
59849.6228150449
60435.551696234215
59573.27378180371
56644.657291456126
56146.56657868856
55967.37227488151
57885.7934931528
57480.75021946576
57084.28945014593
55916.158921892384
55479.75397503024
55853.84914394257
56675.7723080715
57134.66204938463
56698.58118835556
52967.0898911663
52680.23699780852
53894.43181096
55724.967919046496
54528.107714459176
56170.740337377465
54836.40975540936
53993.49238751696
52474.4659447564
51117.428477002286
51085.37016004809
52109.129078265876
53652.150221491276
55298.514407997725
56284.01490076745
55898.28594246956
55544.7317466605
Score: 8.211309241684317
Runtime: 261ms
336026.353494656
321470.638220254
284767.1240796918
252859.05012149026
226970.49731896672
192267.80947264444
173731.00542277165
153464.64554301734
134556.03438751795
128239.43638014728
120716.29797038483
109835.93447539862
106617.04037218522
103889.03739115915
97696.12232796218
93627.69456890048
89390.58940304843
87706.8713037132
84170.56057018577
86424.246546648
85532.86032199084
83448.54431826045
78583.28553617198
76065.09531793796
74898.83496597281
76365.06198893604
74558.93468954966
74102.97651868574
73307.760709125
72802.82017287194
74377.65249822977
74449.55527552587
71319.13831636326
68052.77126270447
67380.43420611227
67921.22362985645
68061.69819128075
65510.00407944128
64265.71871820819
64868.533418327264
65431.75462787825
67367.18996950674
67485.0073806673
63432.31683495191
64279.902123233966
62715.71939573776
60203.40813079196
61440.73542485567
59705.99325742918
57215.37009789644
59018.42093727715
60022.8563607894
60332.989711922215
59032.671614461535
57041.76412689876
56314.59136261818
56576.004301798595
55190.602818690706
56903.4117236999
55753.35759696921
56921.03043051747
58793.18219426339
56125.67780558233
58175.31341618938
56555.24087729727
55271.233019075036
Score: 8.761218043044513
Runtime: 264ms
336026.353494656
299798.11903710436
280748.87586472667
256595.8006092296
233650.73206296787
222622.44851045514
210264.9878875849
195524.39962302856
176600.89236074095
156013.59498701262
145431.76108146974
127154.96470631866
112759.06049493274
106772.77497234124
96338.64244748643
85771.02903724916
82180.50120515234
78984.7803166181
77418.29888930918
75064.1225670693
72210.92173667187
71740.28456846904
66468.51614673721
64868.106074733405
63494.936019992725
64728.03193713747
61556.61870691377
60750.964176409936
59958.86545023302
56796.162148516654
55075.481950208035
56864.535284023405
59667.69024594342
55297.822226691394
54748.13613911527
53288.37995694433
52873.621343089755
51599.195238657514
52697.846720901776
53671.481849619886
54982.862008136246
54522.10358631444
57397.13094844418
55671.50313902692
56316.48032386198
57805.96911627384
56061.3010113399
55672.68810289265
56450.752625171386
56849.07425295899
54685.654383140965
55446.617297801946
54518.35914045116
55537.76597119852
55443.47320976045
54946.2939610283
53146.531949023854
54100.98270686231
53712.07341111856
53816.3125140768
52483.222755831164
51502.242274590826
51466.95420698326
51681.38677259015
51649.51689414648
51946.81887748674
Score: 7.914114889665765
Runtime: 229ms
336026.353494656
317403.6750816453
284166.11687432835
254982.86323515992
239191.85247517837
218905.65856185267
211073.1009886971
190086.00452289885
172370.81522344772
150540.80326070834
137810.25664412935
117568.75174686417
107678.83523135778
104401.28691557511
102037.21942794595
104398.91924877437
97373.91736390837
96860.19556824827
91396.48166393237
91305.00249913312
90315.33642262613
85895.07085780853
84741.92060097973
83443.724281699
81909.35855425004
75893.91840320069
72529.76400484216
75391.75957096207
74819.74706423172
72172.61095961872
72436.14317696838
74109.50513434496
73322.10726986526
70608.24562981419
71375.70705721289
69623.04692637465
72768.04041501642
73532.4080111885
67628.67945988559
69652.60387935811
69558.40858389091
69971.08015821458
65585.68340431839
68175.68213701341
62652.71694901932
61510.33574592813
61885.67201174021
65662.55099024385
64994.83370786033
67266.02537832166
63290.39521527858
62507.23354861667
61381.35578001085
61812.30116151494
60855.47611548851
61252.834511706875
63722.09468817537
61354.821799433324
61374.462614707096
63492.8470345495
63603.45218427775
60781.87579209406
60820.73589360325
61745.67665785559
62377.33731599124
59884.751623248885
Score: 7.783986753851878
Runtime: 288ms
336026.353494656
302349.74883864087
285179.1260355285
245808.03375247374
223846.5947137129
197990.0730466943
194236.48646788095
174417.02115414137
150965.3080881066
135546.92014285192
126848.59382651266
121027.30574250028
112993.21668995803
106272.56413027899
98742.68663701511
97681.46142656615
90401.4456590154
87726.99529153595
84727.06027653934
82485.21829850724
77211.6236005645
74121.10985991317
73588.3565276017
74173.05649643012
73064.4345999583
68894.44376166326
64716.67993176317
64314.150647679104
66432.12561882172
65360.12623295467
64722.15574431754
62769.49838854105
61820.60473882054
61152.74706039138
59666.27204813219
58434.33178014383
55527.55504630716
55330.2786729769
57211.22864129093
57009.563956263264
57683.54095868362
58887.49250311746
58497.76875184417
60808.899580742145
59246.677500149686
56135.18390877475
54074.623437140464
54323.15204984205
53094.6366837748
57431.47832886098
55897.947471202104
52559.20875403855
54226.35710152246
53630.85962164517
51973.66765813869
51815.21602570877
53107.36955612678
53447.266237152995
54300.28034823779
52066.624016726535
54119.21343933506
55518.38634126595
53287.0426446115
54607.82771900281
51701.67764022837
52336.19880142423
Score: 8.185202883194476
Runtime: 265ms
336026.353494656
307984.0358712603
280091.52235283836
252804.45747587355
237355.78396740402
216753.51621634196
209709.59209888044
191817.2294503046
179213.69552993382
168000.0001077397
156522.6696682748
152258.39445283666
148203.83455689732
137809.47893405726
135405.57515694585
127017.45324192659
119278.9968847054
115631.69734458724
117185.7354730192
117535.67628820663
108984.00630231983
102410.2000770498
94928.71687899674
92970.43112207249
90919.99536217078
88070.2174358093
89133.02475796346
90289.53939727327
90170.27006154474
86645.71546381465
86382.58642238672
80651.18711874672
72900.14977359616
70547.30561428127
70885.5610928587
69300.88781643038
69563.06801742964
65860.64954056291
60606.41836721037
61069.820668621505
59846.49301607367
58836.62634948556
59949.096177080035
60349.63406005211
59277.287322670265
56950.51858451672
56321.733281128676
55200.52077314954
54900.196145553484
55875.95010554788
55284.17945908034
54111.09688525979
56099.51826216498
56321.427774251526
55298.09316641874
54045.162468839466
55468.64192524979
57299.18623028288
56925.62746933941
55852.793638354895
54799.521442476675
54220.44844520319
54148.33471799837
54053.95130774912
53299.96524665664
53905.26986098719
Score: 8.800181255223286
Runtime: 269ms
336026.353494656
304628.64011445525
282214.0993701565
250750.35820697885
223513.08224224448
208545.2086076722
189356.62955527962
175458.81414479786
169224.53078907257
146811.17685252184
130824.36641874614
120559.23911768054
115022.07794687212
110009.45873777854
106201.46896308093
95623.83615936709
95291.02846919432
95391.67689327417
95712.08188110757
88176.32713491227
87490.05306708578
83577.66536684413
80978.30341578562
75194.11053281362
71787.31279120584
71593.08307135152
73609.11867559323
70743.54559301907
70903.64348341143
69807.20339184081
67748.5691779863
68900.19327164805
68151.19036463577
70632.86522721793
69347.4957926067
69732.08173296695
67262.10995344476
63595.372860760086
63306.52377403741
65794.27116288904
66205.50932139448
63780.78906954787
65356.2624809991
62573.60743924129
62059.47359563928
58942.28500460887
59716.470157844975
60864.34515559171
60160.80102640739
61345.93319604835
64164.97468187752
64040.50501207639
62338.15654642836
59603.141384140705
61048.1396175143
57698.99614188166
56996.86474588502
57711.13554063358
57231.671554283595
57571.13937490738
59792.222125114975
58009.54199720991
57686.59597795817
57640.103320707865
57131.028324245635
56652.67903262913
Score: 7.802561228498429
Runtime: 239ms
336026.353494656
303230.8267896337
284109.35280320735
258346.2817484696
246600.43342614488
227024.98593506668
219986.19372342006
209665.86712889155
182747.62014331442
170892.48416637466
154425.24592193452
141387.75289522286
132456.31568927932
127920.69112659946
117177.09718019584
106037.1366285895
98142.32652569495
93287.00012148453
86057.59328945205
85790.83455386652
83357.82844852161
83672.49230075833
83362.0220325134
86800.15190557757
82452.08307451598
79763.51852339094
77604.38410451979
74585.52940088732
72566.0734392136
72400.81362500208
74134.78827882801
68573.48529606484
70956.23923410584
68085.70612183804
65183.6082132193
62798.92589029658
63320.48200223976
64273.46217964034
67100.68921200857
62769.9662016737
63130.37773102103
62863.04599374819
59785.90766639669
60988.05004210865
60330.766522002436
58065.86051601659
58036.62192411975
57538.87469803467
58080.97632490739
58092.26744913707
59626.84200290458
56544.30356032729
56216.396308285715
54918.946339568036
56228.950965033466
54870.976197603515
57451.688643126996
58483.22280007781
58764.31597210988
57015.0236042819
56291.65367534417
54028.12756089307
52650.01483039288
52941.12341706327
52963.514090901204
53291.990261612365
Score: 8.346219051057117
Runtime: 242ms
336026.353494656
317095.09302226006
295596.10923860973
257535.83954438992
226903.4396905148
200342.79045284216
178260.66415314612
157854.01814423603
139909.08675840683
127428.25449332257
119837.5889227524
117944.19735276472
105075.85357365495
99712.68332546859
95698.81193792514
95041.22082850795
90138.5922116555
85050.25097227097
84058.06915710255
84033.06154399189
77418.5259774749
78420.97968273427
78315.00460208894
79770.26615599303
75062.06324223164
72679.66188743828
72585.72507474068
73128.48174190606
69343.86404775595
66619.38377837946
65347.150389070404
63551.25018278469
64829.70739055034
63915.67462592303
62422.41607876998
61153.13847167492
59402.58763591804
57704.09315875391
57798.12239592532
57537.126853682304
57564.76260086683
56875.321205143344
57072.671150616414
55006.202296854164
57080.606227481774
56907.93029089111
57131.06208060857
53504.56424849033
55846.70216823365
57082.26182707236
53547.0453029069
55085.62314507491
56319.670493009835
55371.47689259747
52755.580536727735
52284.131379637525
52466.66935450748
51235.874875477326
51671.06175355659
51830.196120124376
52120.923390601754
53023.64077740801
52703.96511603487
52488.57163933385
53216.33690606385
54813.75393756928
Score: 8.183504204702803
Runtime: 231ms
336026.353494656
329736.14264187764
318505.72045430786
300007.53190729383
266018.7085613274
232664.61923493125
208984.94977870068
194978.4073437471
171250.54154130627
148347.197840196
136875.44823771948
114864.20530634804
111674.29077628901
107930.56130155419
102946.21977847282
99156.35587323178
94958.61418343504
91573.35324925077
93376.54684065784
89457.68228431966
80627.00983890059
78240.85017023589
75078.0456996089
74377.05909396344
73945.79952073694
71671.50375530394
70449.51663181114
69728.99309890569
71768.27474065813
71955.48190796506
69562.36406777147
69813.28333901483
68595.81659778886
67529.88230334832
69460.88623102185
66907.8472232556
64660.04290835419
64573.928062525
64799.42919073097
62650.12866919603
63073.32292834383
61343.5806593075
59918.463526401545
58945.661028737675
60765.933663469834
59648.558630746986
61356.62578611722
58503.71755595111
56736.952125663964
55954.29771163704
55113.30580398276
56207.05111330365
56715.143549364024
56227.365088233324
58095.63776861436
58918.21756664823
59639.439872574345
58078.898360576946
57566.893153033154
57424.080797015886
55941.71702136769
57055.337679280165
56101.22874358444
54740.81958914869
55777.98457010494
58550.96583118606
Score: 8.47752723802074
Runtime: 272ms
336026.353494656
317127.3431223723
295110.8111993738
276294.0531718069
262538.3223134913
242408.99876234058
227638.42180607037
211013.11264953908
190687.2139174762
176969.92037300832
156015.92885823027
149537.88048948365
137951.02811510724
123511.02432632961
106321.44721108138
105251.09079703347
100883.02033681216
97167.10848730885
93737.0363354856
90301.77819566776
86377.8884769276
81245.1921922956
77403.16626420995
75108.99200857147
73136.5094927471
72401.10200059858
69736.70836147366
70217.30413954506
68071.76352234125
71067.79207591487
66181.14376765794
64089.825495808356
63775.25737377831
62345.328963555236
61573.32035248517
62365.29570702095
61888.09178663045
58839.21807978761
58611.50697711595
58005.15624722586
58231.17232828649
58679.16479062757
58429.186476735784
58154.82254317456
56271.08765331717
57598.70991040292
56661.06129631473
58492.30509590677
57900.603693842364
57137.46473978919
60128.46659196482
57930.723063024
55738.73210994607
54191.24024942476
53857.78834227824
54636.963970300174
55067.205996017066
54508.07794062686
55747.36599477716
55770.138437681926
53358.723075659706
54961.77439372084
55221.174251145894
54674.27072234851
55768.195173919885
55141.45717993709
Score: 8.44680820854596
Runtime: 214ms
336026.353494656
322771.21640197514
286647.31634331093
265192.4499222178
247113.49930498292
210463.46400049908
199279.86899949104
166559.43621361666
150426.95605883168
142740.99333573578
125885.1049122809
116090.30931124135
115195.66344084115
114737.76371874788
107967.24862916413
106637.68879117328
102120.51498728294
99058.81479690249
91993.29060928253
87217.83120734639
84937.65737449143
79490.9769162784
79438.25590964462
76600.10150604448
72318.12051193182
69983.71521810978
68729.83363623712
67032.50302434183
63361.105165630805
64412.99153826686
65777.13245652759
64465.75820348694
63374.095667627276
61289.11096014292
58289.788945452034
57331.71957317116
59871.95573329699
56244.926636134536
58255.8068677105
58176.115952556735
58473.91593558257
56073.24624338743
58253.854775954635
57807.56098980205
53933.63921672177
54714.74236806662
54344.6073525685
53264.42197939796
54282.91907572934
56013.567063774586
54734.420524364745
52387.95099430537
53636.78467564712
52744.338573683504
53219.41363591715
54869.227684847305
55302.695077097625
54828.21504334252
53685.6284458534
51263.26928100916
51966.828198052004
51102.522511054085
53256.479183690324
54448.228730830626
54973.47070861367
54125.594393481086
Score: 8.656131796275991
Runtime: 238ms
336026.353494656
307287.05679579574
287373.88748690416
271525.26477058104
251797.93008019254
242890.7969516918
233144.1608103754
214732.70022448365
184254.0132016255
167395.18388205225
146170.23330754865
136315.43260164894
128205.83393487804
113638.59443722272
104283.17963541087
93328.77049543204
89626.20741228647
88216.83296555646
87508.59518592009
89259.0881290767
86448.77908846374
87620.6691165256
77817.86644013436
75370.99640119642
70938.11237451514
73288.98282382425
69596.9639943974
71000.43455611821
65749.8223804089
64127.539092152154
64377.31886833073
64349.883758423784
61092.252467366765
59934.466599983134
61864.88692957282
60364.98812432798
59127.74218325539
58093.564028275585
56658.14179517541
57972.82050755375
57472.04871767966
56470.16768090274
55250.5737830585
56273.28573060896
55060.432969392554
55300.334011767874
58152.31707857785
57400.519093432886
56794.53356421928
56767.20487936753
54571.8971073894
56860.39209772819
60186.38190628035
58327.25691571355
59605.378209047274
54574.42944819478
53856.825766351816
53027.1431553536
53208.14365160136
52525.5607105469
52156.41853580387
52412.347906022165
53239.36891505056
53602.91325122615
53060.0595600298
51239.050133041914
Score: 9.264958294357369
Runtime: 266ms
336026.353494656
300835.8164915837
287211.4405939975
267939.89823616284
242430.5862771004
224184.78770660592
201109.7985756918
187231.5869509138
163763.1313170616
153656.07840706783
141420.96042403227
128695.30715923634
109977.09338172186
104485.95530799504
99377.58583949193
100465.16272083129
99462.77734658885
100983.57883566123
97576.43527461548
88331.25486080906
86406.20593942133
84249.06401631568
77745.25929624791
78543.56707155272
79620.63444014559
77349.20445428169
72881.8977271531
69290.6456962358
71442.68156209662
70012.75353433381
70435.87413040943
67730.94421578325
64950.12322234817
65357.892056730074
63656.01796926072
61918.34326477685
63255.13270406621
62633.256191679735
63004.51967327893
63220.66827986958
61842.48180250639
58078.95675436194
58230.51865528692
60402.21772838195
60085.275416471275
59458.1902302655
59046.160962181915
60275.7848198065
61183.73746813666
58261.11296025331
58695.57465138851
59736.683274506584
57205.954902339574
59019.89740948237
57114.748829298434
56712.38761849217
56299.91227806422
54932.24525256747
59405.62510945136
57597.06670831983
53605.05300163088
52634.93378981145
55804.89147461305
56462.51656844865
54145.22087254427
54174.89569985334
Score: 8.23783409735315
Runtime: 286ms
336026.353494656
326192.58181953087
292833.4032887327
274166.44158172986
255230.55907255062
233956.29389632624
202017.49773380018
182651.56693056607
173148.8062838717
153954.38668729822
135134.43572008467
124793.25960348676
110802.88832179068
102403.1976104933
99277.24231256118
89689.30752160272
82998.10572559123
76312.7969735715
77256.05968805755
74277.28961386422
68640.92216329457
67680.65064840163
66655.74469408253
68942.9621315625
70658.12490029153
68757.0420599041
66620.84992466868
66394.11612550209
65529.81454666699
63584.677268495514
65128.57855701037
64515.25291679082
61857.309959721395
62198.50357930775
60428.78034578598
58165.91560325373
61885.51046239894
60801.50524773189
60472.624181266925
59995.21009170837
58804.32738157564
58210.476211824374
59260.933010832836
58554.35188710719
58925.12241650595
56269.37176499278
55210.39266272584
53863.59758750563
56978.69371994849
56419.48668270399
57192.579756243744
56533.32583825655
54428.2018436005
52353.528464039286
51619.55556690396
53393.28716714353
52326.19682652412
52542.6141794843
51048.83278670988
51543.601687347866
50592.878156591694
52535.404149645925
51698.45112630925
50194.70007938448
50427.7678895225
50517.43146610284
Score: 8.571934206602126
Runtime: 275ms
336026.353494656
300448.74238814396
266265.4416578243
254125.78658492642
226898.86944477702
213060.152625711
196706.9147453166
180611.45280085865
164841.55803870482
156413.93485761675
143808.98402505385
137805.28579343273
123958.78351111451
110418.68841130417
104980.23795247715
96524.54632183249
93141.89373979652
89668.42795754531
82732.85215089594
79243.04824414018
75312.84694635062
70593.34081418668
70538.13545657806
66072.83757853115
69306.50683018376
68582.01194475373
66381.04211614515
64159.75857357967
65278.16057202404
63467.11237228708
62535.285005386446
63886.97711150572
65623.48998856507
63293.422608531044
63903.20213303877
65322.98863787641
61608.43928981714
64841.42681821418
61912.22196143705
63246.5018197898
61967.186685401364
59290.848980048395
57490.45639718478
55832.18760707341
57407.15917140871
58991.50520616154
57825.79340370508
57951.25570433721
55243.7485062294
55830.03412787874
53589.629357168255
53690.03070914109
56501.603543571764
55291.57010557179
54159.0741516764
53417.39737695875
50843.9651253041
51360.86388736239
51150.98643364724
52430.59938143561
49368.409457248745
51027.399607610445
53135.11671210954
55114.95354800519
51879.17863098326
53892.29455966872
Score: 8.700050724607063
Runtime: 242ms
336026.353494656
308511.13484292664
265932.19148438476
244353.7474676981
211981.45501430606
181129.60645709402
158824.6463874732
137189.0484842415
131379.30200090224
118228.69479320815
108922.46065826098
107832.91966196576
96126.42749145278
96765.78680861903
95809.72337893595
91524.9103172647
91508.72368187098
83308.50654917973
81352.38662638383
82068.3345124661
77225.54953429356
75548.52792256266
75731.02532671705
75618.56476855764
76322.03620366618
68627.98695491864
67513.43064686544
65730.6268295217
63894.96115337378
61674.14810773137
61801.38577741076
61163.10631729715
60512.23066071265
57744.93502403572
54833.106859320076
56152.65587452198
55802.81686372368
54925.417882599606
55752.27466361127
54172.6587731537
55071.5202182165
55013.637172495095
55022.4981073879
52341.64672711246
53104.62741429032
54317.33689804539
52824.5236938322
50857.11288960851
52424.656120930355
53120.60852166296
51383.083602559826
53395.73511052176
52216.935279567006
53055.729330629714
53202.367751681464
53211.73395972984
53122.34682552947
53877.874332437714
53155.88198463862
52023.00782114257
52644.95112095162
51372.15067257725
51337.26845476262
50166.30200451616
50182.06597256159
51575.81060825156
Score: 8.517322065259334
Runtime: 279ms
