336026.353494656
316503.60244418256
294898.7996753901
269110.38068907196
242328.61639494688
227980.04526351954
207901.47398247494
191442.20501456186
165281.8045165698
125156.90672729391
105349.11430904012
86042.86682935791
74352.7055418447
63652.06210946857
56396.68130093331
51896.278184924115
42001.19025450921
28710.465539003755
24213.781339042256
21968.34608570109
20713.740142226678
19886.520080009806
21783.54484595103
23271.284110593027
22576.824588214902
19905.122982604564
16492.928315137273
14082.859357718395
9781.36395776673
7869.227540312919
6010.471341273209
6019.2854247749865
5325.976059894875
4799.521827325002
4241.038255216141
3845.6398565482596
3762.572571392752
3748.6290746679083
3510.0775187341615
3411.4859303205617
3313.4469928906146
3190.2460965608407
3136.6706047597895
2962.4164102129876
2854.1767611084124
2699.9122406400816
2559.6681128184364
2474.9031483652157
2304.2598013175248
2197.3889406220846
2145.5670601039205
2105.6676931878196
2025.4371278822584
2047.379601762385
2079.2120874183247
2140.845344498949
2067.5464595782514
2121.1572911842127
2185.7227657501726
2168.2235481953926
2241.6079179099024
2314.071575489629
2326.7617122198094
2258.4926412278346
2238.471255811533
2290.0577845230787
Score: 0.08092551999699751
Runtime: 242ms
336026.353494656
320644.4262902072
295201.23973667715
271795.2174445624
257642.87526304368
236371.4060779738
212381.68498288965
195374.7630966893
177695.5347481073
153089.71093505685
140663.52203933318
135652.9524142787
120989.37872436114
109688.55531027283
102167.62236124885
97487.7665444031
86501.75926546259
75503.08291116428
64993.89867930429
58990.78563248907
48482.87988597753
45958.18697984359
44112.28602997161
45162.91648504661
45050.89157079125
45268.51889569997
44086.61560982327
42412.42563319558
38971.901658364055
34372.522708141514
31430.767587864168
27089.24188577332
25753.012278380742
20609.482660592785
17895.80298991736
15735.334975945969
15327.406719261566
14694.535654673668
14206.053207970323
15047.0523353619
14442.274838422112
12867.025467265008
12762.304131875024
12733.33338724491
12440.458558662107
12017.716066680798
11382.366647579594
10988.52504081559
10644.713667553522
10087.432135152518
9658.291104068068
8961.420745225112
8679.916131466905
8576.292113842661
8308.278711994746
8121.491228635859
7896.9431573796155
7607.05078327152
7504.2746280530055
7095.471839274733
6723.426244641043
6458.829435247464
6166.983268550224
6007.973148482684
5856.09870894842
5485.340422657195
Score: 0.2264895839110825
Runtime: 234ms
336026.353494656
316020.73593655106
293966.9233274108
267629.37518329086
230797.80083179777
217777.8685058275
196316.3232041096
174490.15706349863
156956.40267230454
138437.88528163737
110115.75319166492
91080.95530416165
67180.89319460394
54944.90626120671
52848.50927189362
47536.9503008051
49560.94720574515
49481.28109535145
51756.238648437415
50482.81142928397
49843.443761826464
45993.44843914084
39963.654450818896
32821.03564290145
25977.55044109988
20820.792431754995
20233.847725749496
19143.16580219613
17635.3504996899
16758.91813455649
18150.25859156604
17805.78569773127
16681.97096348668
15854.223461708583
14778.396695508494
13300.098430158398
12391.564516754333
11747.899926570102
11393.28014811595
10995.602301212519
10330.223631681714
10036.524199763671
9625.837601319663
9105.277144354592
8909.872531491204
8446.88839396565
7851.306007561392
7607.986878547427
7281.791293675691
7422.170986209103
7321.582819065005
7067.239678767393
6963.5645741196795
6741.000966417529
6290.219388154403
5910.404208581674
5580.610427448003
5633.982009751425
5410.734630998885
5053.823362571858
5105.557215420623
4841.350306556664
4742.202397662439
4457.502223449528
4473.4494406923095
4176.965940393584
Score: 0.12908192843516025
Runtime: 249ms
336026.353494656
316743.2572894414
300629.81675594463
271870.10530974384
252231.78887121927
234973.4399337167
210950.45264901282
195606.11419368212
178366.0351431698
161999.86478102903
140960.59038861783
111688.80370496119
97546.71939707066
79945.22337261117
62662.52879114895
50058.13496866586
44959.88639535776
40789.4005825686
28623.863382862844
24178.181242589853
25427.80773555075
17601.668299657453
14171.828388942617
7591.357317534032
7031.334741016215
7130.322661422785
6846.285154377
7029.124826526483
7010.666054459982
7146.950640612125
7170.048240593392
7077.108396117637
6686.042636963144
5718.969541230741
4687.3263067324815
3407.369489872094
2863.2386451696498
2418.7420401840927
2286.9886100343097
2312.8636468198642
2180.970325882013
2277.3565747892453
2379.5012176971422
2390.2637119858337
2420.0944025263266
2459.1977933554226
2327.036015368206
2333.817999584353
2217.341193597398
2180.270334588063
2158.1208280885953
2140.739743977696
2175.243551927112
2168.737686257511
2224.9429608612268
2198.2789088247073
2198.673500040452
2219.8737404181657
2225.814727063731
2319.479419359422
2297.3810050082016
2198.6320144921706
2177.497181858407
2153.9989269528955
2071.854310897874
2058.378778328143
Score: 0.07907486974992585
Runtime: 300ms
336026.353494656
316851.1811023029
292537.13928874675
269242.1558630101
245076.79099788744
225423.66933733088
191581.9483430113
164854.9973396661
138295.00285132034
108553.88657356946
86230.87841108278
73396.77170567543
64770.71258141096
49643.390585202374
31386.36219115212
26324.165269825025
20418.84591013185
15940.568605277565
12919.815138717828
9387.610941330659
7372.806342731974
6917.993989453759
5088.679717134816
4586.177363224769
3493.9822670719527
2811.8167434088905
2367.6957350571174
2318.9622411647815
2101.8136315885954
2096.8544782003687
2060.536862605107
2004.952745909499
1954.741182821881
2052.731548465151
2013.4106093290063
2079.01110120324
2071.3694196784672
2075.242919239663
2161.8164210500668
2122.213410537282
2112.5875717265844
2113.1467361658956
2203.09604835673
2197.418220909342
2180.2149409249246
2227.5855254745693
2334.9160410309605
2372.8728379998956
2322.798223642914
2302.548430945265
2409.0069740707913
2426.212104833819
2403.264544506142
2371.1975343328663
2351.782684791521
2388.084289879253
2342.5346953079197
2349.970797615745
2350.551087899134
2380.392531486503
2413.5108959792774
2322.943151235805
2303.5119882325266
2377.3635584489875
2390.5210978536156
2515.2113770925894
Score: 0.08117280915872181
Runtime: 229ms
336026.353494656
316364.35162386333
296674.66933423013
272980.3277951478
248015.16793798434
231279.31968512217
213379.94650780022
199743.44994466464
183981.278302319
171946.9867705016
157421.1682079997
134690.66786954526
111822.93903925866
104116.53655302628
89967.29107208858
86695.6473332547
75057.97672112242
68007.31830639718
56889.3873273438
48552.517752063686
45620.41731528728
36850.807272460246
32251.685370219995
30941.46748587202
29528.493140835886
29559.662275702733
30546.729713733046
31566.565309455134
31432.723064498045
30798.587540498247
26920.188032760463
22460.586563863148
18111.236914600544
13205.68832450261
8220.505452052368
7442.054557802365
6107.38572879049
3640.503455927216
3436.6904098213254
3244.661064504196
3187.172257920764
2951.252555877886
2758.29865884241
2601.5718178999678
2288.3718729500106
2258.673230466157
2231.498592475784
2290.7855192630277
2333.207248154047
2290.1554018356524
2256.812603991666
2267.6367098735486
2189.990174211823
2224.5864427635347
2318.7914135015835
2295.14444468137
2256.5900870384376
2263.748805994008
2194.4529821415185
2246.861782914836
2291.4000939529537
2283.8069783969554
2251.643014186615
2245.7131084819025
2249.111908566204
2328.8944720015224
Score: 1.7586111421820563
Runtime: 259ms
336026.353494656
323190.00311223976
288637.66276715655
266048.4780889757
240775.5481164029
222723.26641199974
205043.7169262587
173942.06769567696
155652.9079039691
144264.3935349567
127340.2076106395
121493.03280770229
104617.78776518356
91447.09231499906
80337.21062197961
71566.85803551153
62477.97701113805
53549.286622866515
47662.41687596541
44005.06083461714
39858.39786941804
37298.35993424564
37142.93309906348
33129.61941036678
27353.717087850775
21959.696649203615
16527.76149991017
12665.802813873865
9354.679063371734
8916.3339720841
8705.223795207143
9226.449630364661
8928.251985242101
9543.516580273801
9856.218913935736
10162.295457089196
10582.124564492997
10242.473203266274
10003.716328114517
9392.78125434717
9108.555721349205
8896.67773591489
8276.413134539327
7367.6136971320675
6466.248842770151
5991.301522033292
5842.972841689859
5460.138814566602
4969.273777355562
4929.646259233032
4490.63560547144
4091.403750360116
3931.7044863120327
3964.933803930632
3931.697117571574
3638.2275559070677
3145.623474613117
2741.1481217780333
2634.4284289989237
2397.868967312309
2496.2737813182457
2399.9237625054725
2402.2261301481826
2348.4651610418673
2278.0357162945056
2288.0818447218667
Score: 0.18483324879104418
Runtime: 211ms
336026.353494656
320571.1638039054
296313.63874947635
274279.0090452308
251062.73538599868
225530.08809464402
196595.50718112994
162778.02623825014
133681.84111293522
112036.6027847319
94246.47585215839
83572.22523627478
74555.14845015467
65837.96600517655
61713.06814441129
60250.18985190352
56461.00777048641
52288.83819960216
47789.1513075588
44912.91706653243
40424.757153869534
36433.82714762347
31211.16550714423
24660.143388503715
22276.05622760807
18882.314907113203
16797.09876117207
12658.76135420025
7383.752440662392
7078.538859702244
6240.46643482969
6319.029347738396
6475.471455182657
6520.0931258112605
7656.406245226476
7976.296137834798
8393.586885983703
8553.83870673836
9697.078547371742
9792.855022366071
9776.577763802146
9424.45512044468
9132.841316736394
8484.293195304175
7511.206662391689
7401.304786403658
7153.516022911019
6833.0750504359885
6802.495689430655
6452.902508211851
5829.560596308059
5600.280524628466
5346.299972623268
4337.325410316085
3853.024116284018
3437.646598735129
3367.848279043712
3560.05086154543
3532.785823479314
3515.556439301971
3484.4600048322104
3522.855898340714
3752.962046189582
3412.2348950397322
3306.9283685139217
3243.8512095271835
Score: 0.0692414909135704
Runtime: 259ms
336026.353494656
318101.3168323631
298758.97160908603
270988.74856558646
242390.97816825737
220920.60572563755
201098.86719386923
187444.93780251843
171357.52118806794
158157.10260158934
138064.5346011631
125789.73753943299
107246.80153487934
95137.83629931866
82425.34467637762
73641.81768936527
64043.29538300047
58063.414792826065
54023.21999029664
48114.117570022485
45099.13937459565
42105.24825105689
37830.68345757761
34396.325671904415
29308.352100353768
24540.36883377517
17322.36583672425
10361.269210767217
9615.436871825175
8126.840281335279
6979.1291654953875
7079.976510294789
5925.484582544953
5353.683311202907
4533.0640573885
4581.730680276681
4669.798953310845
4443.782539555467
4251.576617230848
4011.0793222900647
4219.227429778183
4723.765467099841
4795.061209518473
5252.172533069937
5805.327418536353
5726.404063374187
5730.320507808001
6116.85465610434
4616.494391288581
4994.118424792843
5756.851182465085
6139.8114410822545
6440.647532345924
6068.0454814170125
6005.813422497575
5726.808737375819
5463.507449984622
5601.28369552123
5543.946677727032
5468.98138504598
5413.2049045045715
4963.039789732115
4751.0416662749385
4621.825597995122
4252.730522232819
3913.872838504555
Score: 0.06742824330001203
Runtime: 230ms
336026.353494656
315336.958277376
297293.08801684104
273159.9350876767
250879.94152563062
224982.2212248283
188610.9714806239
157416.90760467263
131614.0763990511
105338.23013141347
81723.54715935484
78026.05662056961
74187.39786116619
73436.83050173614
67151.17261744646
62934.59983737251
57457.802930942555
52771.99034967613
46122.6905682692
42395.00040688966
38456.5675950438
34922.04942991663
32787.73953643294
28348.628433424168
27856.30844459517
25374.130851864225
26897.307052529348
27097.957380213775
27895.28241016823
26918.156652059108
24760.899197214527
21977.25017312923
17798.414685625827
17036.06689539759
14818.9923166171
13459.511611162701
13347.935143341238
11963.271610571575
11894.28146444652
10742.541029220516
10122.46544954145
9716.04530732818
9284.536998411339
9072.183026141029
9272.028555617242
8997.487088204674
8528.818910287564
8264.796240765716
7686.807827942086
7399.495654728567
7336.021635499194
6943.214400475926
6741.1052657861765
6414.35997371742
6171.532885777877
5938.411632368341
5783.929495573002
5733.366371272776
5891.950150736056
5645.9845069587445
5615.349825319655
5193.627694234857
4600.18718013519
4427.9397949274535
4120.404595238051
4268.057731444506
Score: 0.9985622772963526
Runtime: 228ms
336026.353494656
314369.7791580922
288661.94792815036
264389.4539373944
244285.7917292289
228031.6063759246
203519.26077205234
178425.6067824856
150544.49812835237
114370.84194377802
96088.86429261696
88463.35588030612
81532.88935021881
73185.71615562847
65690.01286492868
59912.826536411005
55322.400746564366
52115.29574218898
49996.72761515447
46879.481707546016
42288.95121521692
37171.09008040763
32245.812340683933
26507.544891595546
24111.097869640886
20646.940925754032
17523.35791894553
13403.498554367778
12944.120450243345
13169.706661818183
12697.412064071708
11839.570509371217
11777.87000328597
11594.98284797105
11475.174880703298
11245.289802192397
10662.091395364963
9944.268957622886
9905.42279067977
9437.548331171272
8780.68881485569
8198.70702726176
7743.717465368564
7301.468466216818
7056.018244425149
6773.765285319228
6706.31602300285
6385.259514397848
5973.913318052022
5965.763866672028
5918.199116393596
5671.213857257011
5264.902321011558
4940.217074391023
4539.976881392334
4245.68826483572
3855.7072621123793
3975.1245724784644
3933.201749175487
3706.431957387723
3685.668460595489
3557.47682264872
3316.8298290469256
3305.993915714815
3273.0821675372076
3041.88228570714
Score: 0.39587988567312393
Runtime: 281ms
336026.353494656
313673.50378567143
288489.884849463
266659.9437198219
247671.21854564545
223402.97692224564
208723.6818504225
192298.94748811875
172871.39668698914
151647.4083349211
135208.80922659187
121695.07203854229
106165.0786009678
90540.3512881281
76621.36767764589
64597.553639456375
57039.72762913658
49583.864201778015
45628.31969883714
39380.07120103453
36625.18776522427
31713.595429548033
26837.77225817103
21628.20049866311
15613.997828509742
13791.087028715545
10950.665592037256
9395.194931086322
8710.925965937471
7349.218568402789
6362.491812944508
4692.754212009916
4481.862354587524
4368.118364882166
3791.0141188758903
3580.1395927311055
3352.110421866122
3244.639883321572
3087.4849779423357
3048.1691402273286
2934.6358065862473
2787.6287510482143
2904.8165548838933
2894.66870202101
2717.5673734084726
2483.143742261361
2393.7260318410304
2541.2551015051445
2391.463989951297
2550.5278872584513
2410.6244793499486
2211.197323412284
2255.631629720982
2300.61241382624
2292.5538848581537
2322.4960059969885
2358.1086924782703
2427.1071753421825
2493.0041970812717
2621.6157629331556
2489.795863612295
2392.4794933962344
2332.24048322401
2289.4189206592405
2221.0005766168642
2238.1946171065097
Score: 0.27998622491330977
Runtime: 264ms
336026.353494656
312833.2107973479
288810.7011878197
268972.2013522081
243084.90823857312
226651.57342199024
198059.45878809912
177125.41549925876
161177.48176949966
135069.9498494236
95734.45141695807
63044.39097567433
52533.48660742857
37977.15237295553
34467.47043897072
26322.27383438214
25197.472352855522
22913.94868368021
19266.79137940528
18338.491076750048
16071.550619706186
12520.582308858024
8153.34796694656
5782.632403983032
5151.883200113977
4340.783670962441
3274.3082064599557
3396.2328980771854
3445.0085898218226
3258.878190662312
3189.6976809779912
3025.5506510263926
2964.280548997534
2774.669209880952
2670.1581435146018
2495.5590865304875
2426.2318464832288
2445.1798544717813
2330.988996424851
2382.6921084938476
2319.943283591556
2360.688167202146
2307.5737127009415
2276.846541462873
2300.973198984255
2336.6663653612736
2390.173079029187
2459.5107162937747
2428.292335098863
2496.7971298804646
2474.0049905002497
2457.1732790906804
2442.2726191188713
2479.2078479512074
2493.1320296218164
2498.634013125398
2548.8332267157884
2554.6495295021973
2521.936256103524
2494.9328584715754
2416.0727868357735
2322.5168727246814
2290.586943919187
2259.0781697150724
2281.6118580092516
2273.5428208850453
Score: 0.009674041535206693
Runtime: 250ms
336026.353494656
319841.88849856774
290898.30148182355
266617.1359104924
240580.36463801676
223559.59837600906
209479.38180154105
189817.76384990156
180092.07859013922
167195.62677213878
151691.89054478574
140566.1788209545
126998.43445553415
115344.52872350856
105908.01410050555
98577.81674120361
94850.15695311081
89799.09881718978
82183.00452508191
77178.5016956271
64268.83333790023
51473.061117640755
45105.931971639744
41908.196218048404
40367.559825529745
41202.203997436205
39523.20756786498
37911.956401887925
34893.17027462405
31307.533639971392
28696.449576613635
26370.50980161117
23497.420771148787
21586.22824872285
19626.604832417946
17920.092381041646
16040.836986560822
14251.1254662874
12973.416300223793
11565.284779617485
9981.073537199789
9266.473349668433
8924.095143260107
8093.241835780416
7586.6457067219235
7057.709100990961
6233.291820100965
5753.230567501544
5843.323333051266
5478.388600615745
4843.028564847048
4472.463298141401
3850.5289064805547
3718.0324678578177
3473.3632470356833
3200.630819205243
2858.814958692495
2798.7554255123255
2719.1754624540067
2714.7736562335
2710.041663120583
2702.541880069058
2602.596777179302
2598.4010866934573
2596.7947170851357
2622.8220836467353
Score: 1.6031270879719073
Runtime: 241ms
336026.353494656
317599.810966675
295372.5579906006
264829.6984101754
247303.2348935154
227416.31445889367
212121.1886814622
191279.77281857983
175281.0299536889
157204.45870205166
147459.37852938156
140013.5569530867
128189.19629849368
114234.72871899084
105489.45906962265
98127.7486797284
89185.10037599345
83331.69559430386
76889.74612924021
69992.92226758566
63765.736438678236
59855.69893588655
53778.680986930514
46958.78754626329
41240.422215010636
37818.92185689167
36939.04725219528
33265.824578685
30246.135921053137
26103.40152802379
22834.578247473924
18563.969267482902
13999.438449220519
12655.288964606263
10351.348751648398
8339.392408672693
7688.634720324683
6948.952677089697
6142.8671061107
5627.619924390577
5236.971914205967
5712.874008025396
6236.507016579822
6461.832130631723
5879.830823849848
5549.8772341987915
6419.159598686543
6373.561374781336
5918.316611073945
6102.779259004854
5910.4213066058965
5961.710188361296
5720.008864106784
5841.046263164286
6271.245787797224
6252.519270824057
6409.896271401923
6568.246467000439
6145.145710294482
5855.724536990064
5702.199330065054
5248.627438379977
5241.946959396844
4936.289086577278
4761.589250171363
4711.469842408187
Score: 0.6270526924294157
Runtime: 229ms
336026.353494656
321052.15229088045
295940.35930258565
272399.9416994886
252530.81234614018
232264.34122241242
211555.4992587403
196385.18636436714
177722.86501487618
157852.0436996264
135660.0274063353
122799.87964254987
112267.10501075975
92425.3822320966
80380.74379594553
72249.69548412345
62292.792413460775
52843.75640149368
43281.38617975332
35746.6240727724
28028.384471189514
22681.08405706082
19559.39665757549
14839.00796035715
12659.785219343583
12464.629912889339
11141.642605618357
10880.83446377394
9044.188033879338
8323.528006302546
7799.754242440042
7363.029797737224
6644.409505614238
6400.723577629346
6189.804161311187
5817.662284345058
5308.988685101074
4976.9034906430115
4936.466151569909
5142.081503284712
5204.330061141187
4981.60586476378
5423.558217466233
5406.39356151115
5503.63506359082
5276.666854847236
4967.975089939937
4791.263819304537
4613.47243436345
4018.453996778923
3600.3772426572277
3290.2517743054213
3306.6474189206992
3163.0624750466077
3139.3840082484344
3083.998444892171
2910.0923652106294
2926.033783511149
3086.889444429374
2972.878554022372
3211.8046351434245
3038.5550280111065
2937.143546476538
2874.62057394303
2813.1226336580457
2784.912627153888
Score: 0.11057920692185538
Runtime: 306ms
336026.353494656
318710.35777755996
302562.0962313298
274853.87554276123
249858.72888272788
230864.2859637019
215038.02860409638
194121.73867828585
172229.5700804258
148642.31230824592
134605.81136739766
119262.93473125751
112410.628444187
98465.42709674523
80824.80389371043
70653.83920159597
66416.52664380429
65429.04140264217
63667.54980790055
59755.13753392493
56593.89745358209
52341.05228781311
47776.87605063627
43125.55134765503
38933.72601064025
34107.876782123356
33510.336593064676
27318.594779351548
26461.748507833207
23190.939389162868
21405.466542927905
19903.297204327573
18551.058126320673
16797.363308784283
14874.718626903805
13134.554567097106
11070.146918917857
9239.208067774138
8104.140332289588
7652.344507618697
6612.789069320615
5992.048784756734
6215.987646658306
6000.168695122713
5284.869939343429
5266.040551199729
4926.0483547650465
4839.307516749613
4627.26683937723
4498.922968270241
4473.922910158692
4628.966760662381
4547.805351683502
4510.584190595672
4476.791924962531
4295.543952119667
4066.731759507414
3922.9047217118728
3794.8222282603238
3901.30158378765
3706.0232665475564
3552.447457364341
3507.4410896318805
3581.8398664566234
3393.2455216220037
3329.479257517971
Score: 0.5260970997653556
Runtime: 237ms
336026.353494656
316568.64438730356
291151.47153522895
272432.08910688304
244745.82595735023
224507.111961389
207175.61723554507
184660.66435751427
165912.82440213687
147028.0643822329
125059.38032628385
112821.61885037768
100961.56606440055
89392.95369214025
80724.28457641182
68329.9024631497
64494.60621530443
57221.35920622054
51300.713517163
46671.70501649281
42336.45497874405
39411.30596592577
36112.55010036647
33258.658096309584
29582.41273307492
24629.23577688664
19677.089773074396
16345.037642076191
14444.096029917224
12970.268256732048
11916.18264055672
9317.093667544088
8831.441596096349
8586.885019585205
6920.493583168792
7249.283410411311
7247.591298324256
7242.258199753306
7136.384568516631
7551.296554026883
7606.905590500819
7002.634420137888
6641.969074036545
6379.054059002889
6137.366951474277
5723.664240597806
5543.709630165878
5510.308184156425
5411.196911630848
5221.781640595961
4925.843290887148
4679.599675084824
4258.024713805757
4259.752155959495
4156.88699636083
3936.3322176585534
3812.2071076614575
3649.4923458744875
3648.9614919065452
3679.8522911188707
3709.6277232014518
3871.0759776125255
3793.1041273551386
3650.408191148489
3456.412864858141
3392.068640997445
Score: 0.41044713550751516
Runtime: 265ms
336026.353494656
315819.98097539775
294864.52877539484
274794.1424774615
255569.69542803476
238501.07297172793
216991.38811913392
192569.3783731099
178480.28430271053
160951.09794485918
147798.57608994548
140440.9099747166
126035.81687019572
110883.47274606978
104098.41993715617
96725.28386388358
85600.15115791144
77871.6549656126
72167.60417596636
64881.54970649822
57899.726454235344
53095.99055814589
48507.450465942275
47066.375488392136
43763.27688870195
41524.64430123759
40548.14754280195
36543.01001034068
32196.061856771114
28488.86201005237
25390.814836261492
23676.968994368373
23447.055150157434
22248.424785221952
21119.645908645674
20866.650237339923
20271.764694145622
19495.071373675324
18661.55289186882
17819.949047021306
16301.191437977412
14962.789537499846
13890.387916583597
13259.559690533544
12665.72421920135
12227.542989263733
12057.036910286059
11214.103345069898
10356.700501479738
9949.890007454822
9427.89038600467
8712.11038951414
8302.046610991385
7767.862797838514
6897.454993076466
5946.628326846316
5452.74183188717
5239.809149579157
5177.96313629142
4836.82524438475
4518.239779332071
4382.85796696587
4194.458226140987
4180.437288607112
3968.8586729694753
3620.0617693213176
Score: 0.5887223100622881
Runtime: 264ms
336026.353494656
315064.9896844553
288581.69698277046
264075.2313626696
234628.85268475174
214531.67783855702
196797.24811568158
180545.7873009161
165174.99984887187
150213.54043846828
140288.56218313184
131635.78608135766
123249.29510143594
107626.72101282238
97858.84284716827
93703.77455234376
86414.80141107248
78646.5989344724
71577.67883728755
60186.22869487978
51414.44485339928
41775.56240965209
36435.118874755644
30692.832559493716
23341.28404186521
21450.228534501155
22040.341644480668
20036.01374559575
19401.59703800861
18081.112054124653
17460.8793971261
17189.89265793001
16015.182757522083
14926.58103752437
13754.978943318696
12537.95681795795
10771.65135873491
9211.475659632051
9041.88038406624
7656.745926494031
6960.77957599699
5673.232221423588
5523.774043735626
5446.4917021682795
5977.181028472245
6021.48370135832
6673.7736533064935
6627.485662844367
6681.890451872958
6351.020768584158
6298.270033162805
5928.07608536646
5736.675239503309
5647.713739998364
5291.910549053072
4945.682906663494
4943.432953418253
4619.548228130886
4539.532426699724
4316.000653271461
4091.5504754842573
3784.147757685099
3550.900728248437
3268.264160991324
3068.7312589319117
2906.4834052500482
Score: 0.6267665435896962
Runtime: 229ms
336026.353494656
318542.4245558657
299247.45855094393
271794.6655742207
250587.74133102858
228845.64029120514
209549.72167997484
192681.85457263168
175197.77216921787
148821.18573585554
127254.04894240898
115452.56883221485
97914.46559347634
77046.10307362382
62001.365289470305
56970.666821963474
53600.16087745587
50390.69751751724
43133.297701254625
36246.469583229285
30541.39864153517
24214.030035954944
21184.72992080793
14455.163703565395
10386.528695521005
8896.614082058124
7483.152679951761
6775.081615450812
6385.925257635335
6322.893661898711
5970.670173365101
5521.955869069459
5069.796234126026
4806.5313586045095
4814.302233377851
4699.74978708288
4461.457901139292
4261.465720765569
3983.255413291165
3984.1904496401985
3775.483906848881
3624.7739784360892
3422.6920898838293
3256.8355255046613
3230.3391088657013
3057.0275032422965
2874.2718586380433
2595.7806920610637
2442.785649796786
2497.397946014752
2533.773820451865
2483.470963368617
2345.153232727236
2271.1386346220147
2253.689508804874
2197.4262378387734
2280.0001207987407
2310.2555268487067
2226.3874146602884
2233.769998176483
2305.0925469451277
2220.4024063317083
2248.3089566309022
2245.3070138412986
2279.092278452224
2361.919791966085
Score: 0.20054002545493763
Runtime: 260ms
336026.353494656
319627.4445567572
292379.673675415
267220.1651130177
239627.65210984176
218679.82732195445
202150.09045483687
185120.80041578863
171160.34066974226
156522.29861535432
141310.78520442458
120200.4081944943
103105.41640729948
88186.73611206214
66270.66520020785
52865.192324927775
45766.257010915426
32997.812596836964
34178.84805577102
30368.643060621907
31425.59962945898
29832.909446290603
30014.81369218324
27799.63720793092
26216.165932073898
23517.54289273527
21695.55312793424
19625.69667353801
17243.50396725345
15566.037312491748
14414.380580946357
11920.465472198297
9977.979732883674
9873.04990114649
9066.224138406707
8878.498999424302
8149.58507163775
8347.29255937771
7998.26041893674
7320.011805223999
7385.469020211696
7256.443203386066
6369.9860854439785
6015.527308296177
5740.549917260104
5512.473240494718
5036.428526841288
4863.378498061376
4645.290403789931
4503.376456496723
4385.353284321072
4166.266207928409
4073.610943329514
3981.156419736217
3856.8836545762842
3652.0934015693074
3352.9168563461144
3365.2632651432364
3199.394028387613
3173.638693877229
3253.7406588132144
3213.0334181846056
3273.2781242368155
3179.712147232802
3076.107124797314
2945.8089950993526
Score: 0.06419506113639112
Runtime: 255ms
336026.353494656
313121.8719331226
295418.68737209524
273024.00703283725
254784.3282226831
241947.47920771953
217605.93094943004
193510.75449476246
181970.46839845818
165892.63037907888
148895.57035400104
126201.0069786002
99396.87696551297
83620.40911728526
74940.95600222239
61607.560871234346
58725.90002829696
55114.51648621037
55834.522562087
54263.910052038096
54589.354563214874
58969.517584612746
58183.11885680148
52887.965887651015
50276.39453954862
47149.845747516774
44303.19031527686
44382.93099586577
42249.81102898197
40724.26908937327
36939.158373434235
33243.82419080726
26326.334382776033
24018.70710859366
20308.58911542077
17268.239398381527
14546.820758842103
12094.397114874359
10413.108983924592
10148.880959707963
9365.624482325196
10085.421644795622
10340.16148181915
10735.212226938393
10465.715421389745
10151.266767533503
9488.837697914538
8391.39635336669
7457.5280833155175
6603.68261188364
5680.435658813891
5494.00096002852
4652.665394290915
4885.720176696269
4607.3615154521185
4436.147530805299
4287.745320448948
4438.118504001919
3773.771145642295
3769.7980539476234
3216.9280674190995
2856.2916657325045
2846.9407592276143
2656.497678879357
2652.1262149007393
2700.568281589104
Score: 0.703489629679676
Runtime: 268ms
336026.353494656
317551.03940750635
295870.65445085906
269523.03146177885
239939.24811841128
222271.3182051362
208969.90396014496
191857.92003132845
175834.53063497128
154778.41858089398
122606.58478157347
101366.66336594192
73925.58259352615
64251.797933665075
53205.994336341355
55085.04890860393
47149.29282055799
50092.74915658948
52217.76322173861
50845.79840381204
45471.57362026484
46656.04838668682
42560.92826921354
39786.18574928002
35605.712859364925
31599.105982756344
27327.480938299122
25259.218196674246
24035.23967743494
23865.278203498605
24118.063681586144
22646.266991797704
21147.565768042794
20754.02945227542
20312.34250041567
18819.782684011443
18233.79418418265
17408.93950464746
17042.489393795302
15802.815653923119
14780.93356687122
14145.148440348275
13002.602435060899
12181.81189219215
10677.59407571127
10463.76778940279
10032.984498867803
9805.134800269083
9355.751702433337
9036.262487865848
8751.225265831668
7929.313417346953
7636.776354376456
7364.824773481378
6626.374013086335
6256.984480490021
5983.410494972387
5503.86656265183
5407.118444223378
4922.07724720611
4743.783464213741
4585.154137342868
4289.665264833603
4188.807619336698
4017.595347190725
3920.852097318099
Score: 0.8274273909175567
Runtime: 252ms
336026.353494656
314382.6464514236
293428.7625707742
271229.6788923193
255105.5923484337
237777.54096175721
228417.3283430727
204739.67757950674
182338.234431111
166154.72952934282
153301.357377988
138626.88655801537
120347.69743697644
102608.70876543158
95397.9017286861
85110.28240662278
73392.71978978594
66831.24202898452
60911.12612360977
53563.373419322015
54946.78651520642
45237.71466209992
40478.472643465815
42591.0491029037
36483.933826233886
34708.23789877994
29148.22710065235
28666.783017270034
29886.79864126536
29955.856398276675
30750.110994978524
31114.823608035935
29832.36099190755
28398.057205798134
26532.76535870912
24946.495940429533
23254.26250217863
21970.46565056098
21060.733126383828
20134.427259408123
18941.980345662505
18119.58358184582
17198.209239216983
15998.397804596543
15473.329380321915
15644.161806909096
15429.832205752802
14555.102145912706
13712.510044411498
12779.935545491027
10588.746108503221
9866.313279174528
9066.862102533523
8429.39799713601
7055.164432897237
5922.4878891440385
5816.549146942849
5703.443252940694
4560.857982152492
4809.803184456193
4885.840226312824
5055.032028732486
5233.620921462982
5045.405163069674
5164.026199799474
5190.76155113794
Score: 0.5410318256828383
Runtime: 268ms
336026.353494656
318687.5998028952
293932.03701780556
266866.51481849846
243326.86484747843
225681.08809936227
202656.4962926857
171001.28955471638
143922.46308494345
121438.25396366477
99493.06393573155
83261.72662524237
70569.27813537711
67422.68841015734
59334.63448526621
56380.905425977195
55536.02203063963
54601.49214977366
52881.5299216001
51539.361875180395
47851.806629750085
45075.86258901511
43559.59963989203
41425.28355839725
37614.04273169461
33711.430433539084
30166.607529336026
26363.813466827414
23803.61029638582
21282.846197060495
19418.136933984035
18033.36042840736
17311.729169223752
16530.19532795164
14815.04153542131
13509.447170066946
12389.23765132399
11021.949371057459
9869.65370269937
9172.088093655071
8738.598484242075
7981.370024575949
7432.024261965293
6422.44361757304
6170.950685129571
5375.779799377556
4914.471054892286
4736.776815562414
4915.207978613611
5037.539959668376
5285.112399291885
5366.896360672479
5268.703509167188
5128.55212768187
4835.375783544165
4855.796161686953
4548.880874501275
4411.2275926096245
3857.099428728136
3741.611510325288
3496.2203812882003
3324.5608223129543
3426.3619057620804
3397.6411235017817
3127.5949887027055
2937.762351688706
Score: 0.243594647862717
Runtime: 252ms
336026.353494656
315883.46839407884
290040.74634714844
260054.28248227254
237212.31612038717
226926.21154288904
203922.40030570407
185781.0475695515
169769.60319476956
148701.47143995113
125513.54986472274
109327.1576653382
89821.44696868482
73409.62843933456
62392.414179329535
57986.012045223615
58834.32405945022
54695.20420650718
48897.63299537666
42007.20256637547
39005.93096778138
30764.436898604534
26951.721611309487
26352.852092945006
23409.5854667891
25551.90106637342
24394.908677387706
22880.512192463957
21147.98400799458
20267.580126431705
18609.261606850076
17257.323957348493
16587.619950149805
15922.79556577805
14985.848170760417
14723.904023399204
14265.33289136806
13037.412025687347
12795.898072137355
12112.205432557465
11075.4396900026
10720.734189438375
10270.969947238498
9705.240717525794
9206.790760568578
8958.677449022873
8404.603388241423
7665.46476396799
7069.7390904178665
6400.903763017466
5955.5565442587595
5625.471638883429
5273.05508166546
5298.598350368312
4519.078710394221
4031.8253740819723
3332.1047971003345
3265.303585261018
2748.6804232397394
2590.8231572325917
2579.2952445032765
2385.5304146951125
2291.1655091558314
2346.6157592146483
2386.2341273324582
2388.8742907622677
Score: 0.28228814420471726
Runtime: 290ms
336026.353494656
320227.5719430596
293183.42790276214
267134.51337500714
245442.9970891391
220535.4205585711
193193.54832442076
169631.5265531638
149348.45851140097
137914.90807503875
124212.62564429374
113648.6384221831
104647.45054782329
93879.18326868083
84488.74541855605
78838.51296484005
72186.69455452534
70116.17730265144
69277.18797174982
64233.452530163835
64088.083859693186
63161.297595905795
59022.78998657451
57572.47022748918
55648.60234392518
53152.05054586096
47476.91340648214
40326.51245154375
31619.715189394865
23337.93747272763
17541.9801123238
13525.385365589731
9141.753192218357
8837.633100320822
8288.205094529769
7250.687992788937
7899.268108925662
8478.285163690416
9249.934662435153
9066.893848910124
9668.926950555904
9847.945385243122
9633.634523780942
9329.241880706128
9188.682506002231
9022.09568667129
9037.046301080965
8801.62922374314
8639.059857667537
8433.784236040248
7975.668129352126
7627.074914522586
7325.031202059958
7134.305716598629
6663.399958362854
6524.641828122998
6333.8840021634405
6132.613681697893
5827.337094523858
5744.678180547788
5523.803398665849
5181.566637449162
4679.295009054595
4518.2312214198755
4229.796514562886
3932.3629746692764
Score: 0.7855159145062007
Runtime: 264ms
336026.353494656
314993.8535359572
294233.00119090837
268013.67069430166
245483.13488657193
221473.83904521892
197914.0775372677
182554.53472607542
162071.7576701894
132621.2739539665
109578.55865291039
91485.7695745455
74421.9167118928
60968.720192977846
52932.40751947305
50068.86264955253
43760.68204999413
38748.472802538454
32562.73424838796
28756.587411890174
25023.485828726578
23167.80210238593
21384.68253767481
18780.12846008878
17345.824627580125
15918.614435501058
11977.606434177818
10330.521595303664
7491.545874905018
6209.07347135215
6047.008138654556
6257.491985142908
6353.874420609133
6100.9936752067715
6230.404143899309
6255.01084969623
6040.276658036829
5579.8397500529045
5372.777552101645
5084.8319265452055
4828.502882782455
4279.068648921055
3653.1097114674712
3613.8071192079196
3199.728284444437
2514.7207337512946
2350.56075875884
2229.414153474683
2200.3362023713903
2109.473400298783
2135.891485213331
2091.293746555751
2100.8259743423
2119.4662593969088
2116.045125792048
2126.9750726729817
2138.1966365721682
2198.653695983229
2142.418605867927
2141.016231212411
2165.5677500966294
2216.4310407789744
2109.2068048358433
2189.310483737001
2180.470421481073
2209.8145559994246
Score: 0.18686065398106214
Runtime: 239ms
336026.353494656
315279.3940571003
297289.55981397093
274285.8796939537
243725.58184300063
223293.30087206292
207843.66361629288
183376.97794048878
153859.50427050737
131807.50243516386
124178.5648830032
107009.34981823544
90997.04729048019
70075.35328280345
50664.39572880607
32930.65318275174
28946.36852531661
24656.78845982175
23904.144209464477
21745.597627472584
21970.336432103504
21150.895461719134
20451.232754529334
23836.57067449574
26114.380546650955
27402.637927596166
28227.201809976974
25320.431624096123
20882.912553833125
14598.278207655794
10845.177780595408
10563.019834820341
9829.479541405042
9092.336870194351
9589.095163739537
9335.402869539701
8832.945732520488
8671.59789909043
8658.512623202321
8672.450634101693
8069.808763524813
7741.811535066149
7502.690350271486
7712.094771253382
7395.955002173059
7447.934915124075
7274.718962343366
7172.166751776922
6966.770224629196
6803.783506865358
6357.369771015632
6120.4896044312245
6012.9710514121225
5619.175320945315
5451.692505344192
5319.811766009511
5336.714036370794
5244.356012019038
4988.005000495246
4811.583965151932
4671.460087500778
4435.352295104268
4093.071333627208
3602.2919185024703
3360.537289053224
3014.2722868947717
Score: 0.09292910211191938
Runtime: 237ms
