336026.353494656
327694.86071399285
319893.89034649456
309141.36517543637
294247.45945611416
275189.017837108
265366.5404614846
255298.08213845702
238836.01155790288
230903.92801557662
220947.62889756236
208940.45349419545
196892.28143886305
186047.1010184626
173307.70692877215
165944.76776102782
158595.48403419307
149564.03251924622
140278.85457848833
136876.78050287848
130164.16475899024
115830.91658121067
102531.8768240228
91232.77907692755
88938.3091547013
84566.26858170699
81312.84427183824
77026.27126675214
73779.63457399572
72969.38157659677
71133.43181251305
67112.13388143657
65060.535992134544
62917.38199225801
61866.38481042077
58964.30733451653
59751.252082615974
58223.96832315055
55080.765405411286
52420.99725570381
52180.73317851992
50649.36841751498
49474.42648830711
48210.87247630999
47169.02616041158
46921.468927481634
45785.92959339488
44532.08034021418
43690.47183825854
44150.89637295167
43933.395308113344
44272.12945697152
44314.62625078175
42490.762846932994
42512.93857209409
41620.396982270584
41325.12792422976
41101.33175319304
39891.13399404995
38998.65806924027
37558.33031395429
38409.48036254527
37196.39668555367
36451.41044389293
36436.579589699824
35799.341530565405
Score: 9.434462518279524
Runtime: 666ms
336026.353494656
329178.70603599754
315096.6476288853
300891.10987715947
285325.9218724731
271255.7202026387
258564.94117354526
244424.24198829432
223857.15080667663
210464.74088255837
199429.10104736817
189818.0368481148
177273.5253712726
165913.74459443588
158761.4340821613
150052.2199733953
144126.23720001744
136217.73478473225
129774.28023019308
122274.08545988922
117740.72091644464
111635.31417229121
108831.99621618976
103655.00782039309
98829.64680282371
96534.00531191158
91131.39260257865
83229.9967926024
80203.90836242423
74313.67626321217
71947.74489410363
67546.43536468643
64122.559271592065
60211.81271330946
55846.94294944608
54406.67999856506
51880.49620386045
50214.74566704955
47771.853674765516
45217.9343182683
45241.95610642669
42315.62246482688
42022.47615452051
42089.62494567396
41310.61134902239
39468.13739793057
38493.41931011177
37588.784514749495
37006.73224155334
36265.76063897058
35641.69365826269
34851.0481771676
34372.78459246592
35120.045368623905
34290.37097808286
33701.71501147583
33733.79754148567
33441.122586770405
32692.01550473786
32321.57777222944
31525.26858953048
30580.77453918851
30364.247945785602
29443.521886223607
30404.77000399408
30248.68578204573
Score: 9.41053333704409
Runtime: 652ms
336026.353494656
325175.4489829409
316778.09863282886
306291.88685305323
292353.37218889245
281907.69517500437
269802.65492324
248023.46525226778
236727.16463064207
216905.71041811298
205626.5420098838
189642.3474598669
182631.60803877827
172919.59340392146
167267.9393199624
158036.21861446448
148253.939267541
140053.700964287
129991.58559463975
123314.81544548663
114496.62538445117
106685.4019750976
102038.14472929211
100787.56020968362
96742.71219818704
92232.50891313043
90859.70791346827
87652.87883556756
84460.90676809552
81702.70576589965
78358.69168895739
76401.43738122562
74090.83841850297
69067.30374950934
64854.569460176695
62530.91194235375
58477.9663359536
56954.87569882139
53487.819665013325
50388.12397363632
48906.578692874085
48716.36217614223
47367.062700413924
45960.07622865264
44459.505967525634
41581.44481663361
40297.94324633736
39710.80846786962
38744.365440116635
38059.2041792114
38524.86009469875
37610.263972144676
35665.068794922045
35344.8081902467
35294.50678513978
35220.76908928063
35029.203510990345
33843.78696913405
33192.02595907603
33019.3436350648
32932.361554238836
32472.702892354075
31711.75798954462
30780.89733570736
31457.817794338454
32513.388712229164
Score: 9.369464078652955
Runtime: 613ms
336026.353494656
328148.8247571421
309153.4185730706
298497.14037281414
289416.20726565836
273905.58467873896
258844.68769105134
237678.33448288892
221311.53160987629
210543.93592732894
194955.04660318405
180849.9666682398
169543.66665318163
162531.57561411156
150701.52838728038
147875.78003951476
137154.9772147249
129718.43351380936
122905.94065910936
115791.13569510754
109245.1705466109
100911.18570219286
93219.9323552386
88347.00392404012
82250.70493476822
78605.83562071747
72536.16064502385
70124.60691734671
67185.7131662929
64773.22032002142
60946.30837287701
57502.29539385835
55457.08321202423
52722.17196203398
52318.624993244026
50075.56650840777
49326.51038773886
48110.9237322849
47034.80429510519
44939.57548205986
43882.35052307038
42472.04223621155
40993.65569599291
40700.83760369763
38988.77877113429
39044.53961379035
38113.29105285561
38530.126568065076
36510.86844361105
36293.840677729204
35877.25270022401
34432.01924786986
33492.493590839535
32943.6540727957
32752.107997659874
32274.098665351303
32294.422704416185
32011.812458019125
32636.50034237322
31610.915413833955
30930.26834414138
30488.76798905947
30514.12471852965
29171.873936860266
29530.781638666875
29249.526213692716
Score: 9.250164612131034
Runtime: 615ms
336026.353494656
327308.4702238487
309635.9870735105
297493.4082834204
288783.2187295625
272704.74265653
260738.57498566507
239734.69017218746
226350.24397616027
214034.97898843372
201273.81095100773
192947.33708402177
175772.45623648437
163448.00271853554
152793.06873779278
143077.86145814892
137336.22140546117
132069.33353676353
120935.44454353259
115557.94717199019
107722.51934355672
101604.07556581397
99564.78021829954
96289.42803875581
88759.1966109824
84161.16624030631
80456.79171621607
75198.852241635
70641.84321295608
65316.06590096064
63867.224712108335
61129.59914855954
58719.18759287508
56324.99810874667
54077.18814934733
51884.974085284266
50705.38530275797
48198.505728385295
45710.59731716682
43620.54745744023
42961.57960806747
41214.124659137626
39863.62721127528
38272.91261691974
38075.37232920485
36449.02586470561
35374.68620260729
34689.69313863256
33652.16507166959
32842.0328484469
32252.888300456674
32109.84318491098
30876.265190365888
30705.48222716004
30655.03574590491
29587.856442050743
28813.78478579895
28678.281390041368
28660.235949523547
28345.866671054973
28022.3708900008
27928.60761389521
27638.59349076849
27671.49463164518
27747.645343364402
27360.691488967535
Score: 9.296783478427544
Runtime: 651ms
336026.353494656
334194.3050059934
324967.5370523107
309202.0697998922
287867.3064183473
272966.4786784801
259389.67102618946
249560.84370025157
240131.68902406108
226521.84433796944
209341.51526044888
192998.86750917698
176658.45299158525
167593.74410146085
158189.8132336947
148924.83505155783
140373.991079628
135140.79462826657
132861.4183989746
129391.15440147565
121799.94052152142
112539.77432370798
102678.39461615912
96353.33712198808
91685.67883373992
88161.17434118941
80128.06741261744
79303.42320913072
74598.88405074154
71322.04439315233
70504.797989017
68693.65756686061
66678.67073354077
67184.69969754321
64725.68487181332
61761.655194749364
61499.570742116
60501.40777449074
58809.82611826513
56703.7159281174
54747.274144474264
54005.07733689517
51473.42331642374
48030.990366860424
45928.98805362001
45788.38754895719
44842.75096386646
44161.89635380173
43279.44942305267
40844.11295279218
39495.41145282008
39099.04504273371
38418.92057238409
36434.93665891288
36076.68405063722
35606.858746889986
34832.117519702464
34417.95721936078
34613.14864909383
34221.96794451929
34910.89349941054
34739.6371525522
33256.121529875
32329.459547511095
31084.83933485509
31663.481183504326
Score: 9.669612108555864
Runtime: 639ms
336026.353494656
326883.133147091
312231.25681395846
297401.15498445014
284662.71550838265
267440.62504885765
247690.88398476478
235790.54162270506
223843.90821778998
205794.1752455382
198612.17457062867
183521.6778063839
171180.07220999908
166426.33776566948
156904.22634975432
151582.03273943492
145495.59056318464
140164.30990691503
139094.43912080495
133112.18229521345
131979.3972754684
129412.58956513804
124994.06297351832
118805.27625114332
115712.55525399956
112258.81853163282
107194.77733785435
99364.39838095393
95136.85794889355
89872.15177301642
85451.32519282869
82149.36359769935
81800.03106571695
82717.16549735387
78172.13802905212
74766.43419754013
73411.02950172676
64483.69592509755
63572.59986638556
62073.355010726606
59119.68780466766
58332.02955320186
56985.475310995294
56450.804940282724
54243.00011963201
50899.22318826866
48884.47046884851
48709.12717347815
47265.418898790434
46715.700465577705
45272.79064000221
44762.84810641349
45259.45542761406
41423.39281001449
40632.25263222062
41172.51706706088
39385.86901980123
37866.09363681989
35778.477933960785
35691.78573455742
36715.00770104522
36881.08289590794
38381.996140790754
38648.83968365689
37896.30700270657
39104.089956315176
Score: 8.52354608146186
Runtime: 579ms
336026.353494656
327875.5426040542
320725.62026662915
303647.54833138926
296166.39223639213
287363.41050489916
275755.8877922357
259908.7998648352
244826.35684250132
238359.81146417314
224377.7524536889
213311.34096996338
198985.28748058417
186790.40844044305
179854.63852192496
166189.72727495153
159360.38202865128
146769.6114864516
141869.43866224505
135538.78408882476
128133.17577834996
121113.78096447994
114044.51407262692
107374.84867871265
101785.17574410743
99108.57146282836
94247.67248453044
93894.08190054695
92453.81572341152
88744.92506899296
85987.89643588004
83243.62168760267
80084.85145077764
77060.27160833216
73703.20315234548
72308.611754822
72458.4612505423
68711.95024250122
66448.71175865746
66137.24890189887
62919.573140644825
62825.07103818844
59736.047779434564
59154.67360770296
57948.121500693596
55119.29391119862
53607.60218351065
51602.8325671199
48913.47784938649
47323.414251658694
44682.27004003573
43934.3007166218
43597.24343952762
41230.806170070224
40295.81097536941
39407.656584410775
38466.31306768522
37938.967222178115
37902.7163895853
37605.843637610604
36051.42158930165
35736.24552812851
34860.351278600414
34689.01409831093
35206.06641890236
34988.32238287712
Score: 9.253604483683766
Runtime: 632ms
336026.353494656
324589.2473197435
307037.5600460971
295426.68409164366
280095.8387480735
271173.12534024735
252573.38696433953
245225.01193900214
227337.91207958915
217655.87428745365
208536.92490076003
202773.7334285488
196943.6429001869
188552.69855423557
177387.84798708395
169230.9403349496
159236.85232129067
148501.58289758072
142835.98136954123
139692.98627733192
133555.05423462356
125304.00610892993
118252.21845654576
109472.01718337456
102903.11294431821
100404.12312781246
93489.26359466971
87864.76575354637
86171.99702870203
83079.46600899621
78726.65473747252
73519.14490300672
69614.79034220603
67365.80723393959
65709.16914416643
64060.28005485934
60945.54039637551
60670.79274244752
58735.928325509754
55494.84548549594
55633.1092695078
53777.830158272875
51679.99634396794
50134.26875315641
48792.52528217585
47582.10818327505
46278.67594300683
44714.59110146803
43038.941782470465
41250.01778419173
40424.72631981178
39620.13508579839
38379.30815798657
39382.14901426782
38760.45922893123
37586.28649873353
36708.847854561944
35008.809087520924
35265.18992671072
36310.61235004403
34335.06634472793
33811.21111564385
32783.200337941424
32816.871838933526
31831.4846164275
31919.035139991698
Score: 8.947426985234271
Runtime: 659ms
336026.353494656
327281.03660500876
321417.9176012655
305722.3684338964
292026.51567879616
278351.75252640643
262655.5501579782
244078.77310288764
232620.9531886379
224358.2258638172
208680.2844844241
202747.5027977553
187014.79263705542
170562.11483556594
162008.31905489494
148081.45721625703
135073.86864313323
123798.8682251359
119216.84461029326
113240.30195967955
103905.77603265195
98966.36028449929
92537.62073313027
89047.43536182334
82981.8413061002
80965.08187535217
78398.90043338719
75590.28750243234
72881.35162414379
69420.87332366253
68520.82088022411
65528.12747658657
62566.839264095644
62490.240471117664
60939.82166024311
59764.095925604175
58470.487885848874
58755.76132151977
56323.734992731246
55708.985659629696
54505.28874274731
52763.40009587558
52016.54870989174
50084.87092680397
48112.96040787929
46330.816008556896
45024.21316994686
43084.29806035564
43464.9113592919
42614.93693785904
42423.843439557684
41272.816751391845
40514.8004174015
40472.7379840609
37964.74534338903
38350.986723328744
39013.813225373866
37046.01726960397
36280.14559028011
34835.53689860959
35195.88784751823
33864.93476886139
33373.94472531056
32901.11501560891
32389.65398146681
32613.200611244687
Score: 9.431898670710114
Runtime: 645ms
336026.353494656
329544.498525067
317044.88616939646
301295.9119424357
279179.8159630638
269789.66096417885
264046.7517652195
249656.37504774326
233441.9450998182
224534.9558848322
207867.35980133605
193177.4839714093
177447.38559946453
167036.44181099365
153719.011678165
143856.31207485602
139338.09655221767
132422.31608135422
123792.02720512706
119877.00112533009
111182.84413760084
104650.09466264867
98923.98636529679
95873.46166284503
94225.00766127456
88614.97456245674
86153.7041654841
83482.81484696204
80082.62378393736
73772.510798961
68674.7506873394
67938.19466122125
63826.72066704594
61765.969729098404
59173.07589649973
54891.601953019905
51660.5312881658
48650.71379081791
46357.60614907257
46014.50383486035
44532.19567541243
43507.20630012275
42258.325278698074
41554.847371539305
39996.26522884362
39982.833919283235
39322.71192279211
39274.2538874448
38948.08255188497
38046.58448720095
37636.53210977235
36168.93168781351
36307.2296845211
37218.25166787775
35971.52350724157
35640.679825758976
35417.7987045701
35770.9839560058
35329.56704435151
34560.18503048409
34972.42571755791
33438.15439145652
32688.421508623614
32317.7093888094
31688.79797333734
32571.67675096124
Score: 9.075365010085347
Runtime: 669ms
336026.353494656
325167.1827217354
311100.2631461675
297624.96693658474
277510.3590016873
260493.00837673695
243395.8245463611
224244.37437091707
211456.744753076
200607.8298772194
191249.27253162916
182341.215191059
176141.83991887615
172933.81927133552
161215.9107943452
154555.61776225653
149427.9862760282
138315.42724853352
130043.98590947664
122826.04199789133
114263.6313889761
111340.63049499434
104948.84093850081
99062.20144253562
94314.9395895899
88756.42544791804
84530.57165788062
83566.08185768515
83012.08829793593
76688.07801051723
73163.42466093227
70849.92397618447
66255.31012607645
62173.3094442111
58810.698737256156
57833.29239220513
55349.99475779608
52917.307448585816
52153.1921937873
51393.9700764525
48488.21716360833
46628.76617765263
44548.57483097688
43966.61066306379
42369.757431832724
41693.99095472056
40272.471357293754
40431.68751799632
39601.37884321945
38896.412585199985
38637.030897632096
39112.107068930396
37927.15192763789
36914.95860963177
37091.525613756035
36686.47686955169
36002.19955918739
35806.19623376358
35962.0145729828
36381.7532633843
34912.880827904824
35122.73751462282
35787.86729081578
34717.97370989513
34467.143019913274
35008.938215713904
Score: 9.249070971746248
Runtime: 622ms
336026.353494656
329620.77813013294
317864.612730343
297807.2637195717
280401.58721499844
262877.3708645294
249032.51435398753
236328.1272868719
227082.88028580224
215728.48418857303
206944.08431667456
195103.7475138037
179919.8776713598
166780.24904167565
157988.9481575933
150313.32026549804
138216.01776764795
131794.94853355037
123105.01380273544
118113.54286201326
112688.79769751283
107879.571242162
98522.07650499999
94306.6244055297
89146.93790885218
86065.41671584816
83220.3625830946
81160.8754357706
76543.62337379919
74412.78170014972
70975.78639668263
69732.89840015733
66058.19538238093
62737.762144975284
59884.2702701393
56853.438782513695
54917.077435963605
51375.749575302594
50104.675784068
47955.64027352719
45123.82840285806
44020.98690220772
43254.00380425782
43129.47832664744
43287.30381079963
41604.56223618598
42356.665862048554
39691.689476490275
39648.307775685425
38740.463040548435
39534.00266352123
39103.023720478806
37506.515086336585
36201.910442600594
34405.83276535102
33552.02346658733
32720.30867259946
32502.567122275355
32034.28040638902
33444.60014396026
31979.40451730624
31144.77771680679
29735.62182163184
30342.189300778326
30395.58613098394
30208.092768531547
Score: 9.290234802489692
Runtime: 669ms
336026.353494656
328120.39479579416
313626.7073156307
301857.10437088134
288748.9412594897
276665.42210282135
263222.696977993
250159.96157151155
239590.10218511947
229322.55572710297
214908.49114532792
189881.84539238128
171642.8498947567
161554.0733681367
146842.33573890882
137838.74883047905
126641.61300880097
123435.72784927927
118659.67696816122
112630.41035225804
105935.61520366311
102709.74461200125
97122.3859066832
92948.61084738134
88464.08248154585
85352.52532141241
80735.42620436318
76210.68018740698
70681.3490072962
64842.95550208829
60542.407506342686
58275.374622148396
55758.178042985724
52934.14498717933
51477.376735240905
48043.530159373564
46268.854383431404
44408.363059681404
42993.97016009216
41493.09116839127
39790.690564991484
39346.813032914484
38032.74877919098
37829.678221401344
37433.59347370508
35358.169527330254
33259.388369836735
33723.491665662725
33953.1198075903
33783.94582611402
33438.52567004179
33634.41827924953
33797.758417175086
33028.58540891755
34720.69379281772
33566.185526591544
31942.941028931207
32010.061413281703
30850.17796166494
30299.355729373947
29614.744226947903
30039.56093812507
28981.057173575435
28484.98840346598
29049.55895009185
28470.101340008336
Score: 9.685374500995383
Runtime: 593ms
336026.353494656
326144.6029047997
318741.6782145859
310221.23471427476
298265.00254065654
292510.12552254705
272149.9805610914
257426.76154126052
244209.02532951933
238358.27253739658
227965.27551684473
213492.8200435269
200052.44961948844
194321.22124454737
179602.745990788
174351.84280585867
161972.86463511994
151702.4473999739
144943.95911144497
136727.34737430833
127855.8480734854
123778.63735250887
121408.25282541357
113817.33695039152
105671.70297696498
99892.54240393848
89962.28027156921
81302.457072604
75650.88657365278
69198.68375275664
64047.456064855476
62269.74727150711
58770.811631138684
55223.94766710808
53343.3727930444
51217.55285629434
49561.31901845364
48095.1506421949
46590.57073226197
45399.52736778423
44056.27310107932
41723.61644773378
41373.78759793661
40069.99923565059
38890.2934806599
38991.42780366435
38706.59966201581
37157.16859675899
35896.2040252915
34221.40799652892
34717.79810797645
33961.82742775762
33880.67849799027
32697.421270756586
33245.423601349066
32516.126165401314
32707.92354996745
31798.777857406883
31316.330626707004
30740.285667684544
31124.171889084442
31273.93871072795
31377.735301335124
30640.134351508324
30182.88968958503
29426.79444575108
Score: 9.189336316185118
Runtime: 615ms
336026.353494656
329049.89179490076
310626.23221442854
291590.68601473194
274845.6745881774
263159.6731904996
252073.7799436874
238016.0175479237
229609.5971414735
215441.69847097248
208212.88888388083
201578.97316854526
194615.4026812893
185749.84804491792
174338.3740089296
159680.23296135454
146791.81729940127
137389.01997528318
130577.92040323587
121996.49593494555
114645.50946749808
103657.09827452085
97509.91461869929
91693.14515134283
86653.58201982456
86276.75594603944
82312.92517081492
79424.16528874067
74452.959199022
68541.06139737745
66086.9079065558
63942.441128114966
61185.63560439743
59156.99483350494
57015.336031055
55111.02911332538
54823.041621617784
54056.5292625864
53872.128259419245
51946.853659940294
50068.7037458305
49161.36906840838
48049.40191491095
48957.25832629344
49759.81185785959
49458.52756460152
48183.842441119916
46339.41925286242
45933.94578230884
44123.5646692442
42892.23128926951
40697.120733477845
40129.06779630922
38618.368691488526
37689.49138870422
37397.919752664944
36837.05431844682
36869.3145216407
36218.66748995069
35988.09158827518
36522.16922001858
35624.94363015889
34943.01662130747
36083.70028899512
35103.24560600445
34416.17123668155
Score: 8.860627845532568
Runtime: 601ms
336026.353494656
332121.7853605784
322269.6956118197
308601.97733981075
291316.88525672647
275133.0058951803
260767.4712132295
244732.03935955837
229636.20826509787
211729.8923362884
200806.51959855654
188258.2237677454
182647.71805798507
168426.30404465692
158669.09198214117
148937.00315727535
139836.64925067147
132960.05487585362
127364.42406320888
119264.25944309708
115148.31500566019
104495.02069188113
96622.5930555551
95015.21762366561
91074.8384661939
88298.42781324047
83512.81544709418
79381.59676060284
74788.29427383239
68972.3797032521
64149.14493358122
61023.28692108373
58850.987285608964
54544.770382778275
53862.192911694
51863.22807182767
50485.46815618435
49535.694588825805
48457.689048203196
50014.32375617302
47577.93378262472
45720.42532450658
46508.83741904125
44398.429910645566
44574.71492267586
42857.13793190796
43032.392532448095
41583.68947389714
40905.32239926945
39176.0505285661
39069.118250885425
39090.26700422422
39249.95237647317
38421.6507893267
39389.31788399328
36945.75185033234
37127.816587558176
36568.106505397474
36932.17163292456
35873.52633451837
34874.23554171624
35465.9149351997
35785.29899883167
34194.59038376204
34829.41151956315
34762.09451017591
Score: 9.551510365376911
Runtime: 683ms
336026.353494656
331538.2574606654
320518.3749667128
305977.26849831524
297470.32545960735
277452.71480984014
263997.64825849474
252907.70264515144
238437.41063843315
227342.78310984463
214941.82973562455
203041.04613377602
190107.28749827656
176220.3464600825
165061.95078587465
154508.8390958744
145471.26000731828
136440.8227221365
127618.76164618453
116506.71255390672
107717.44057170952
101975.69020650529
98524.94707655102
91128.6390587841
83502.79448575665
80257.35063266646
78921.20627644028
75586.70619259577
72129.71290233369
68844.09688339417
66489.96050079951
65152.83915524114
63051.17621953397
61317.175976451574
57084.75183507949
55244.369890513895
53499.88870197715
52345.50747950766
50374.02731267994
48500.18012172414
47967.16698520115
46838.9544887015
44969.540825497934
44549.206478864086
43658.199276677384
42558.05427222802
42485.47939713356
41239.883661778615
41073.933814385564
41168.56145058768
40240.63087641572
39784.95328927428
40446.127130440495
38064.38139959448
38218.87347293783
36525.37067620329
36197.7121707619
34298.04541374958
35130.874085046045
34670.933198293285
33193.19709222893
34159.767818753055
33610.7351574802
32241.338001289852
31715.499078089426
31636.115595982046
Score: 9.227385883295904
Runtime: 600ms
336026.353494656
325559.9302465171
320445.0306848974
304665.45807187643
292252.4168454834
282521.469098223
271466.7224011315
262805.33872330916
248272.68704150434
233291.5314291059
214751.1471681217
202174.77710233652
194177.8629160373
191189.06954471505
180462.41392071918
163350.23813662803
152567.48228369723
148192.85981334373
136606.79352179734
131901.63611517026
126806.1025273624
122495.07545380354
115300.70373172328
110715.98129899526
108937.52668714256
104330.61700342532
98137.35130662407
93779.98337192995
90979.83926849306
84890.1066615665
77726.73308389013
72187.96221063845
68853.26375778008
64912.45471959782
60584.56687767115
57661.90376468829
53715.311837778936
53430.33245536216
51536.286485489065
50744.25756593178
50110.45600843147
48190.81871344019
46520.652798002724
44675.88998191149
42413.491865654876
41642.198837057105
40927.833597208104
40596.078490793676
40342.74678569406
40440.75326091278
39926.06531206817
39936.20878161007
39009.512825376645
38203.41184344449
37430.533456672725
35731.036868555406
35395.23414182576
34903.54440025373
35210.04542102364
34965.360530401005
34209.87367443306
34287.86381728072
33436.71931179105
33879.84151610546
32796.87705058167
33743.90468584528
Score: 9.739268837428655
Runtime: 628ms
336026.353494656
328929.7574075543
320589.3582963406
303846.30181260855
294180.972271608
286484.0353007158
269485.9348140546
255291.21072264932
241801.9160130501
226146.27136761625
214057.80348800286
199456.06558689874
187149.9870050271
170569.9781925866
163320.10705947998
152442.1395272729
148059.6035544251
138100.5896777383
125278.57083913406
121668.890528744
113171.2140580849
106400.55021883323
98765.12160362295
93147.32442810442
87309.2879609525
81700.73009823114
79114.07123672968
76514.93629399757
72414.13070023352
69967.27724230109
68189.57648418285
65387.50592156171
62898.61040262171
61883.64003406445
59540.49365167605
56940.52279686559
55960.25106744446
55405.57368497286
54540.65621389793
52531.87958332891
50930.81203027643
52363.61373360372
51395.861340342504
50647.2259944642
46265.58836245484
46115.80752044978
44652.53628144391
44248.28493477744
42905.13137735207
41674.08508499547
41263.79429157088
39112.973710198654
39367.67438788046
39726.40373368169
37804.11660344337
36387.50632670169
36376.246751180064
36084.065558083326
35938.8569964557
35209.00846136764
35555.85457232408
34060.513166116296
34718.07280848152
33056.64106866208
32728.87478932935
32910.99898597657
Score: 9.137937186147212
Runtime: 641ms
336026.353494656
327381.2484887525
312798.91204269207
303603.164283601
288953.0869911704
277840.81457307114
264120.79168513004
254208.94671829528
234487.1040846582
222531.374604637
212560.0805213217
196041.29610556507
186530.85026492897
172532.85704153465
163166.63306115757
156688.9776492943
148135.08498611805
140963.30547545332
134395.24098645916
125194.72413765658
116428.81104123234
112501.09142472173
105040.54784868304
97531.67290555668
94433.7990129641
91752.70971603616
82722.16121289306
79707.44413770929
75562.7330125539
71182.44546065402
68052.45190429327
62731.44295551016
61773.61556493012
59445.110701591555
56487.865818189886
54440.763244234884
52643.41657299236
50366.52925541504
49043.933925907724
47281.6003443319
45941.98001466999
46228.67283036912
44948.09288732369
43868.330723626714
43050.60451468915
42397.95726747285
41495.10199581921
39361.33560210419
38074.73052750819
37273.453600999484
36951.88936920476
35989.20959462552
36329.61195906884
36336.83970971746
35180.24431049139
34076.81608025157
32717.67667940111
32896.12712639151
32847.34738672894
33165.87865535943
33076.26173288575
33956.908778863486
32388.5964622176
31850.318081408637
32120.678156946666
32155.660287620816
Score: 9.658890696281937
Runtime: 675ms
336026.353494656
327004.01096618286
312713.3091958239
296767.50924235577
281760.12730139244
271131.0721861469
264608.44804813643
252125.72653001538
239369.1446237345
229293.89009146567
216041.70474100386
205018.80276254553
189578.28836029302
179156.47373631186
163592.14878511353
152645.4366292117
142014.4823771921
131986.89928030944
121658.45541804214
116711.72626777011
108569.56582188192
101060.96096660758
92124.45884036025
88397.78373138049
86320.09823190585
83080.180489532
78976.62804314231
74247.50192052685
68968.96283669175
65819.8450689998
62365.43479192667
60589.91605888961
59227.27478825687
57141.05940120637
55694.13862246103
53190.60082761328
52326.808146711446
52044.3405039468
51302.71339806764
48726.597776872775
46920.98613982349
44967.63877376814
44760.87204658521
44405.282789057615
44038.71028727547
43603.80841487866
42605.903761234185
42940.84934733971
40501.861667914585
39562.422375297974
39899.21097111372
39558.69127516372
39646.542076665704
38445.98999763503
37126.46561755678
36748.67596095281
36676.514185821245
36772.618932858786
35964.92008713177
35073.33964290936
35497.01940048624
34112.24556911169
34491.107754581455
33927.99135509863
32546.034643479103
32249.351764677696
Score: 9.301462789720144
Runtime: 634ms
336026.353494656
327296.3568573745
318830.4949880377
306096.7652064839
288620.559965763
276076.45529225626
264756.32254947326
253737.4427847647
236236.39018611918
221754.68888017666
210157.43193724644
195456.36647394567
181917.06526598305
168794.9542662428
156359.8479785797
149255.1177669752
139474.9337160992
132400.3252112962
124430.60765707472
116043.98560590702
110864.80767528404
105165.03594659246
104279.82188454547
97069.88934029407
90437.21129774388
86335.8573919198
78384.0164151535
75358.04778667529
71632.70577168105
71424.91074391139
68526.74907456162
64156.93572343426
62475.9793403557
58278.956406472586
57440.1874741266
52971.864155434
49373.82961919561
47931.73356753953
47639.26430446184
47097.8460765969
47800.808445968316
45237.64350334255
43564.44837579054
42447.37971120015
41375.01151810336
41214.591457320734
39431.4473417738
39513.366775229086
40767.389118602776
38731.380143874434
37552.32301988675
36151.37758294625
35280.158528836
34734.92656955688
35933.94698875034
36084.58155931957
34351.79973345738
34069.403267821624
33015.01617701089
32024.836714781566
30623.76190512394
30548.603443297663
30410.325713808106
31444.10690246486
31517.19546705398
31612.423503983013
Score: 9.453428931799731
Runtime: 623ms
336026.353494656
328226.4054098135
317294.4677297663
307552.64992972306
294636.861818316
279812.8476613254
265194.1700792176
253373.28232881636
235454.72461263355
225280.7442460529
213308.06338272998
201620.02753027255
191353.22354602284
185066.64139298265
176420.55668692343
167885.29055818167
158039.90896076793
151572.98479025296
147179.3184861417
136978.36754286234
128894.39443551008
124406.95559269725
117373.46217986698
113253.47711611917
111479.4344015566
108081.648899393
106140.92548350748
100960.19687247142
98018.04786450844
94212.12664165127
90174.30526349897
86307.59681100532
82918.37305228676
78869.00664773739
75940.53325120061
72343.97856003112
71464.19610817585
69083.02387802588
67802.30273230556
65026.57674083714
62217.009053047295
57705.45534617187
54962.91872346218
52610.192952055084
52373.496945862644
51176.74002021032
51152.634021351216
49276.23208756078
46355.599248465405
43970.35249423772
42428.031501824735
41692.84947091217
39235.86043703655
38411.73724460582
37640.19064597592
36914.46514395567
36385.91456251543
35604.86936806849
34041.35153129481
33124.263387539686
33761.07717762405
33949.322441595265
33374.20033988768
33172.47308406895
32650.350303594107
31872.233865707607
Score: 9.238623465336122
Runtime: 633ms
336026.353494656
329736.12901560403
315506.4017491337
300692.61398289347
285654.2225614575
274394.36489545915
250655.82842681202
237151.14330862148
220980.08373397586
208694.34662062654
186521.60735972814
176705.914840656
168987.62362076648
152665.20604974937
142993.56513892248
131644.11806853698
122703.37610523975
117073.72051172699
110540.9444034839
101715.88801243971
95208.04231401799
86323.15264606016
79775.18924012876
76343.12611928585
73988.92409160297
71939.31637097926
70873.42021824833
68877.85514682195
66199.87784390255
65049.65467103192
62461.37358675393
60897.435528285154
58601.975272295625
57562.07706378431
55971.55558601809
54778.63958654646
53123.70663332017
49824.911510067344
49098.88448161487
47356.887048121534
46463.98452649383
45107.160868445935
43450.57406887505
41540.187831972624
38704.857012800276
37610.55155369271
37380.82437716091
36663.09790670008
35629.87005722081
35618.80151906121
35582.555374451775
34347.23682186539
34353.0259644143
35482.4401693481
34888.91073150905
34259.802793094306
34397.13900953056
33527.05167937529
32241.87243673955
31866.931889433323
32832.19081383294
31801.494797854724
30757.563187359716
30892.5870015183
28901.622643857405
29103.91407437883
Score: 9.423586542613018
Runtime: 628ms
336026.353494656
326997.05887555477
316869.2713304993
301311.54396982165
291157.1182428029
272327.1104667984
260673.81608810404
250837.08708594448
235445.33476911072
221244.42266518023
202838.8847657603
190446.52151839406
178709.65200828237
167474.90120601468
156101.02977551884
147212.7315553891
134837.06036412145
119694.75206853723
108022.64274674804
99504.88370741085
91497.859268798
85318.84395796202
79872.06245706254
75404.89839481786
72327.36703708934
66848.86661676188
62223.03870476663
58932.34273942044
55974.99325592394
53962.51103352141
52447.764578879476
49441.27836577978
48043.88275045384
48190.80405261104
45178.54524738027
44192.39468588565
43990.10599674034
42203.13183361828
40531.922107362625
40285.37709781453
40147.92281529356
39271.52977932309
38396.020651960345
39392.99687591023
38039.74127396795
37835.155934130686
36797.922659164
36542.3046230011
35964.14923443442
36494.249962376074
34886.3085123197
34484.24474265496
34497.34086127383
33269.708452157196
32705.03251664206
32882.45133432432
31658.016299509633
31482.497223624898
31173.26967621372
31034.62086640112
29925.158431602722
29687.80345857371
29853.10942049259
29201.25604200864
29001.94477008222
29754.945928105568
Score: 9.273283822230411
Runtime: 624ms
336026.353494656
327374.8003411563
322162.3939453743
305712.0788663771
291949.81578604295
276843.71111198876
263862.6006640722
254853.44355267647
232827.01063853258
221229.14995776187
204082.399174867
194666.25989596316
184010.88170690762
175389.6523317932
162136.75069915442
155184.13908561534
150763.8961381194
140911.71283453755
136999.03539775425
131866.8078498853
128698.57369370309
123828.5460188655
119804.05735665292
115018.8896727092
108155.94352055239
107691.59107081286
99542.69906041058
95007.13689883472
87182.76856222544
82796.46967089624
79848.66811505893
76438.48871119502
73953.8541553157
73124.57923417146
70509.08545833592
68812.22423373905
66613.03414534473
67598.32001991245
66062.10873041819
64126.56218311678
64754.226736247336
62653.06836982663
61875.73547866545
60440.98529799238
59213.7478136822
59735.18576526953
58130.98787980173
57531.15751802839
56431.58708746228
55089.85632618792
53506.29657839257
52087.50419144406
51147.860271574544
50146.178800910064
51241.970916034006
47486.50021025373
45034.48299765201
43330.21540468871
42424.089339364284
42439.42541252424
41466.645638655515
40447.25339868775
39631.670564506596
39456.14523632022
38717.67737025817
37098.58350128154
Score: 8.902311408183524
Runtime: 622ms
336026.353494656
333657.9903908953
317576.5658351044
307261.82328119385
292331.434814069
279416.2894561898
263385.0943426326
243181.23309008396
233953.18226027847
221089.807069691
205909.1805931686
192121.5023491178
184971.5187204792
172446.01878772132
162146.03580809
156197.53457983924
143905.29448260233
134609.26531428914
125975.47993306375
120116.02736485467
113099.80147706383
105518.6435100701
101034.4699349657
94290.92342452232
90382.93394203998
87303.70694487932
79083.11938044906
75883.01393968836
74609.79251938041
72990.2079968723
68733.52969084437
69103.24257480637
67683.1119704068
63348.16327250709
61216.48099860471
60305.158704539324
58505.740012407754
57743.14177590215
55278.1392341528
53940.812418961985
51133.12192410894
48528.41209767347
46574.14027327441
44618.549493595376
42044.26782594702
42600.60463611899
42757.442585854624
41497.94453441494
40522.28870453915
40355.266940906295
38111.63028923707
38533.82137633963
37678.71107534961
36430.76514096424
36115.677344011776
33492.17236083002
33144.979273333796
32627.981947666656
32387.8905790191
32216.287139349457
32879.257741006215
32863.97421921736
32393.16975151573
31872.912346579153
31400.69709429156
32281.481179325034
Score: 9.157736366546462
Runtime: 561ms
336026.353494656
324107.2888085712
317543.4430651956
309663.97581577784
290647.70718448167
275431.56276725186
259693.17737987314
255629.54929536875
247556.21584515576
233867.13781274908
221324.43518434165
206943.59329656605
190842.4628662697
181162.791547835
173735.0908368349
165276.07344209816
155467.3051327997
142488.29088178693
138800.26038812075
126179.07426392807
117571.51973870778
108137.94496651129
99979.61914339481
93690.854891746
87300.73981014806
81535.15809289993
76723.70827983403
75795.38818658327
73209.51948594848
69936.75795393765
66198.2512292269
63209.20507261625
61751.41775642749
59502.455882325055
56728.69178014085
55136.16283472569
52618.15309416473
51976.892209364865
52808.54978410596
49810.41814784672
46353.653572304946
45124.84314777973
42606.206478927925
42032.36025860393
40483.30791447827
39631.40359499609
38190.63600861513
37034.335010928466
35565.00243436392
34307.8247363256
33444.04834203364
33078.28820880403
33394.150141543345
33807.64398163032
33278.183325144586
31360.21065969791
30615.14960311921
30480.220934522604
29121.212944012295
28827.917053755824
28510.838775985845
28243.918620762637
26640.002373044186
26891.025286389115
27564.16350372746
26754.171833405697
Score: 9.418906148574234
Runtime: 658ms
336026.353494656
324944.32435286243
318894.4269036707
309972.17389366357
296815.6563053542
279004.8818896856
261901.5181784321
244126.8799379197
234356.2329938204
218827.3588581051
202799.5704962942
186898.71125234623
176133.45304849042
168280.7911123795
158081.97901215032
153091.37089151374
136445.54260323348
134767.1014063536
126164.54860113969
116360.74712560953
111909.73098180995
104091.82419280957
99084.92406322516
94508.59009955928
92695.315473246
91289.33539363499
83684.99023946698
79392.78967729589
75578.94265914753
69661.28260865535
66140.36963818796
61894.56284905788
60102.36532364425
58430.91956673509
56728.08823687954
54738.67485498706
53010.120093164354
50870.93404505291
49378.80790613386
48615.07171429342
49344.14201240219
47737.90400266118
45685.028716084664
45165.826004825525
44036.13134838257
44214.76883187105
43991.46589370035
44025.29488659749
43143.05862361289
42068.45090043022
41496.75517349331
42215.00686157931
40552.547568526745
39900.839788398174
39309.83557214099
37333.834766044194
39079.25006938731
38526.929105192736
38538.16231775611
37094.01896831553
37749.22720985387
38188.70383711
38282.878320109616
37613.53788516462
37079.00721122934
35981.91398300288
Score: 9.567012398820692
Runtime: 604ms
