336026.353494656
295262.56913983513
251945.48145824636
223795.1227080775
197604.5501451866
168005.52682005346
139486.60635035226
125992.49399480333
107583.0168711321
101521.13985456461
91833.45717035017
85336.44695700204
86516.47005647018
73751.29237179305
71843.82980686294
65307.200729206335
65644.12023789863
61322.83694326252
61565.297631574336
57362.39981022286
57585.236004506696
54374.41663785035
55845.1166144869
52485.506412771
53982.671508451094
52197.97163243187
55288.15465920129
50857.21170461633
56854.83067465537
48389.04502823583
45348.060748113654
46603.67258361747
52669.50541390311
42857.061915831226
40696.38138887515
40021.21653262459
44199.48883452175
44951.83263911041
41945.93663014704
39196.28270961732
38797.23251479216
34556.61747580409
30942.092205257097
32833.027126397246
33716.862096053126
31639.945949596244
36318.29145104419
33686.31093791473
27199.795539297855
29878.388072902497
33466.28633756533
38748.98328329196
30585.539671480696
30124.19480447074
33648.60968095762
33298.333572247495
33286.0233105901
37867.4463544744
34885.77945901729
33101.832092416305
29143.57013667312
30125.231868374805
28680.570740023206
27249.61393715046
24698.875854930113
28470.250799855043
Score: 9.152457772702878
Runtime: 652ms
336026.353494656
296723.0763504459
257526.0256886553
234858.11548229537
202644.03328844445
176744.85397284589
148183.90519735892
138157.00238247434
124004.85186693419
114077.7608631182
103268.01022560375
93424.91746172111
85986.4953622076
76609.99722836928
69889.06944646963
72618.3321904074
65617.10172937576
60225.45233877539
59049.07124179042
56551.75102795979
57196.61077671025
61289.69412750509
50743.335875220386
53381.4049576695
50584.043871490765
52870.86280704078
48557.983421508245
48154.97890861066
42091.987069483446
41995.279553120854
42990.56042729021
37432.3940463929
42194.72078101659
44482.1366423818
45027.68028065956
40035.42793366395
44514.699823814844
39841.658856021044
39140.41510238458
36821.22012198501
39594.95031378386
36579.258094936595
32044.146825792224
31430.590642538617
37244.1325102639
33092.05792402092
39699.777649061514
44358.13105727813
33635.38084867077
36119.022058248534
33820.18321448843
34397.517238475004
39146.161916578014
43136.39664773838
39221.59103711966
34454.805736839386
31949.486263538725
33931.98036188081
38678.207721068575
34257.38287144458
37320.87235613361
31357.797445188564
34357.110192854394
30980.172464257463
32776.70281597785
31061.396998141416
Score: 7.971134473864131
Runtime: 642ms
336026.353494656
298929.740287317
263050.0431375494
219661.22262763936
191426.68510015367
167947.47597747447
156034.5707193175
136033.2220618936
120364.22914650322
108437.67311226374
95468.86832209294
84819.28378093767
80369.10539834933
69219.10779487924
67172.31593555461
64263.868752051785
63456.94740751995
56989.00854431994
59954.61954622304
56411.14867535196
57619.3475615037
53087.21136597781
53631.88897731287
52522.70683425651
42727.64063002647
46098.006688725225
48783.42980219501
47881.54026900624
46946.35742026839
45844.74917976374
46860.26728247864
44676.5569174947
39293.21803367407
39689.05701652556
38435.52601898857
49099.23572749312
48706.8883578925
38670.637165947686
41786.528592262395
42683.803583880384
42931.168104930206
45278.71732076453
35234.90698178046
34746.12825195864
35812.32797128507
40471.282438869566
38529.750162417586
30601.004608108593
30232.76796890184
31154.575968873534
34688.50883019083
29752.516101503556
36182.86611232013
30725.40456741381
37464.56448090355
36851.321483861546
32503.560950393756
35823.68274000719
39710.18619017844
36921.12480868717
33741.666651617925
34883.61608404758
34026.70458980219
31341.05828638713
26989.617142410538
28516.774789290608
Score: 7.414536743382428
Runtime: 610ms
336026.353494656
304086.20160548436
259570.71026177894
228562.7819549118
191777.8782261612
158586.91250962787
142778.77566513058
125038.22773156794
106047.92312064112
93843.12291336649
84513.09428033946
80896.58584774245
68330.44341390635
65927.10716710972
63419.57888509662
63365.55028525708
62852.01880002971
64576.27087399528
64980.962339846374
56589.73427899114
58793.12784474517
58868.7704285634
54991.731969784116
53483.616981214116
52285.206909812296
49169.145384864365
46371.84111612381
45940.6640111992
44474.41719492535
38916.58552720155
39510.651076885355
40547.18835473761
39722.26655558881
41496.689039976314
47680.924809725206
45351.946479653045
42726.10908470386
37319.23938829077
38683.309787082944
43275.715973046994
40462.98635496861
35147.90841232154
33377.02503802862
31335.167577192165
29130.327773041714
32933.710824689144
30642.916572678176
30193.95084428101
28135.396102328632
40244.515466372475
40247.49369409301
42352.94118584104
34399.43666824211
33444.62836087881
32372.047688031253
35844.917425794454
33462.56019780835
36839.36930124067
32766.5773311692
31605.042604060895
25137.46379837483
23814.546069631477
26259.375413891845
25494.15577691263
22318.354920934657
23028.554229231577
Score: 6.059472672065648
Runtime: 580ms
336026.353494656
307787.06991110253
264483.66381683963
235912.7635657914
206092.53038574386
181800.16459636137
164488.47642556566
144703.93136947043
135266.22375169102
122969.47015759729
115564.98391398441
105369.92496511122
93493.60750600572
88267.8538324537
80678.38712743792
74238.72459577527
74244.30409527074
68525.59822596412
68763.49200412558
67501.42210490318
64537.847034219696
65681.77708508162
62764.90681641264
60472.03382300122
62603.752654937394
58048.055507998535
49186.48415992941
49947.065350430115
47139.025357965504
54330.26295588613
42792.881625953014
46425.396297852676
52660.56173150554
53282.30452959476
49951.689612967755
47808.24596805209
52711.64139909111
52767.89373919067
45739.83934915445
49045.36681297561
40888.75713551924
34572.604596759775
37240.979830429445
41213.13179696932
36219.401518407714
39438.2485918072
37096.61575034029
33558.195144312085
32181.778029513793
27688.974014593467
31466.294869916404
28356.11238444209
35684.70712140754
37923.86381572971
26200.22740082176
25696.50682597543
30365.65229255156
29523.137787428153
23165.932015555474
28564.48865491109
32617.688957217306
31540.87279724646
29565.365874242747
33098.322724718324
30068.17335712334
28047.717936109264
Score: 8.30984885374247
Runtime: 587ms
336026.353494656
303310.90112104925
269840.8961250528
232622.99225759698
196621.32054814015
168746.1447059591
147218.51566591294
129774.5266982426
119412.793751159
112092.63975456823
105765.29889227563
96357.03236146056
86237.0490448392
84842.2886753269
82043.20817057868
72265.59559448884
63076.586172873285
61112.993896092536
57854.32034484324
55461.0771071412
53442.41374330341
47710.5202868684
48662.00337070453
48957.197813248924
47974.04054634612
51866.11733210066
52518.77633062177
50648.70310620331
44338.67001027217
40643.7436300346
38657.97579347827
40731.920744358744
44746.514413388286
47302.9209998763
44084.66193308302
42654.442812053276
39832.52964799396
35841.11028865819
35075.335485457486
40044.33033810523
39430.973251509815
36467.55215143359
36066.94665765982
35042.938401704756
40866.76817036691
42778.19670627344
36301.57243932796
39589.98129003569
34486.39740458732
33130.2254881501
38375.50707002762
35620.757163007365
39014.775580313246
34194.185594685325
32451.764508664255
26301.31004272758
27743.47831250356
32651.066625329702
35525.326286191405
33511.23003724791
36233.64362778242
30271.19671487275
28436.006277597568
29712.919594257495
22250.962492466813
24166.475815406095
Score: 8.653861900552872
Runtime: 693ms
336026.353494656
304006.39433348685
269332.32681407983
239871.80747652304
209876.75490361542
182235.96180229442
160448.72381944957
142969.52471581122
126589.3871777153
113833.88491255968
106492.60522164972
92146.91472067658
84470.90066981496
75868.45201929443
74625.60097958287
69622.80214355959
68251.42953666807
64961.673466936656
68739.17357933294
58519.58383065436
61966.61239359557
66327.84333928677
63987.649469021424
59123.77804335513
57206.82727591252
54274.138375948
52485.68910681728
64594.424380258
61478.53401270976
50806.02002376529
45973.2730053455
43965.05254157734
45738.41041260787
42965.20046232561
45000.670024924504
43628.67877801839
40170.90546639019
43379.038286891046
45384.02834894042
37419.47724314675
35985.39902035485
35885.958137680864
32050.70458511516
34492.601860591596
33356.21082937981
31659.577302511087
30131.354756758054
35130.05976691421
34319.85544861891
29588.530906550597
30126.85448822438
31393.156011419298
27560.42027061598
28664.537993183345
31589.6321609739
30817.131787491275
25493.096725889478
34099.95098232962
34625.93114185981
40911.56572124277
43448.828765948005
44163.647709481316
40733.86890838718
42796.06378422258
43897.467908062266
39977.27023462439
Score: 8.703563266598469
Runtime: 699ms
336026.353494656
292685.3661023635
258618.6017365845
230572.18543418273
187849.73840269816
168701.5874394025
152896.33683203408
132105.73687842436
118767.29138500102
107963.46402967254
99424.5675502091
98114.15187484217
86219.42329658441
82001.10103399838
73185.03303801265
71371.23109304105
71577.82706581331
73931.10684247602
75104.06837580261
61580.323870419175
60530.237256242144
54125.292581544934
56107.86598783982
58891.28762147059
59945.74037502256
58999.45842761419
54391.28429213046
53649.772695651336
46587.75767160981
47074.01546065912
42747.4396328085
44656.74950304324
45009.55340962757
49159.37069848598
44801.42696509375
52984.04611282783
52862.42504144448
46625.83543958574
44830.09732639053
42971.88827319069
44507.282012511685
42894.17677362085
40185.54027195099
38702.38663744969
41238.99074803937
40017.4479103137
34460.895112738675
33193.04757813786
34772.07097781213
37433.17611077524
38673.6747603049
46931.52545402608
39812.972094703335
34746.414427797594
33157.17405563316
31512.989557448826
31409.971542614243
38658.471522658234
41149.128047809885
42006.26692965773
40794.750704079765
34961.09292106825
36150.0733933584
33737.50933019951
28004.573358341975
32410.67905956229
Score: 7.713738079049896
Runtime: 731ms
336026.353494656
309609.775836297
278753.34517138737
246945.15824801597
217832.40347368555
198718.1527783138
168181.29446091127
147330.54295056174
129861.48629831169
120734.34448584996
106357.3400247654
97018.17580931704
92908.81345688885
83265.86926761069
80530.18320661465
71779.0755447743
62751.040267071076
56119.13501668202
53003.117955638605
51613.09678865312
55882.39017661727
47029.40871593981
43852.51868849331
46316.38801681583
45965.013194825035
46359.68023424839
48588.30379725209
43501.09130573888
37140.76599529995
34139.11031555511
33821.224718085716
35675.21615053384
34165.25583240715
30686.566358019594
35233.401077929695
37198.29059644759
39596.95183575193
39450.682511834355
38099.082454056246
35529.56879882584
41556.29001694688
32749.491839163016
36555.70689290479
35615.387596007175
30138.969082724125
28994.816166389654
35397.7430483461
34217.4642670503
32279.011927654927
37400.91040416564
28383.98824877655
25235.56461922932
26379.047581894443
31227.32922020933
28868.14686093728
31382.299119803432
33833.35848345821
31959.846749128166
33584.72397758613
36900.24138689448
32253.990221999105
25661.875722328994
29515.259687011312
29471.464497313573
29738.198581298737
32138.24746569236
Score: 7.362181092357227
Runtime: 606ms
336026.353494656
306850.40975691075
258647.6097846127
215759.15679378968
185438.95308548532
162842.26447189163
146546.43176307678
130677.96354967784
118660.7237537373
105688.34587387217
94252.58515004079
91813.02313780156
86502.2017451413
83613.35231725882
81688.59433901474
79925.7799138085
71733.69948542229
70192.10989291145
67345.68060821758
63252.547820427404
64429.81180409576
62467.47518924669
64738.96421002212
61380.76026275494
59862.409849003176
54830.86938361706
49211.55796347541
52409.77237029939
47091.55752873542
47012.01339904568
46816.07298142334
44433.14697627885
41603.87770525047
41474.077697291235
42303.29239414805
42178.303230745405
38234.44973846352
41356.214048179674
40194.3704678153
41294.384057726
38619.09931427704
33369.01096691739
32306.73778824627
30874.4017809233
28333.561563891937
31325.36912968636
31206.997013325712
32085.56034954922
29913.493957698694
34410.567535483344
29650.147224798446
34403.18235346821
32813.82053445949
32516.23222342508
28530.79424054206
29029.859871070897
29935.15168975116
29200.328527373826
24260.428003036355
28583.47323325178
31687.989136626235
32187.81448434165
27815.650526061916
33576.80274480486
29030.200092533316
34404.801942773884
Score: 6.1678663122722135
Runtime: 717ms
336026.353494656
295501.5654281322
259796.69059767155
237350.10449698454
204265.31528019943
177933.77289192152
148594.33423316543
133469.93416459908
114874.98912673381
110586.16297512561
103031.15050938948
97279.32562733786
95194.5205587303
79701.54333146113
75973.3184141374
73481.26844820211
68199.34357905356
66060.0134881329
66006.7859506255
66969.13659136753
63698.49593212682
58352.89410987524
57142.14457662519
53717.52293899761
51009.1814762859
46369.01664952785
47154.34929150694
53097.15639225122
51906.86187043264
50025.82314646354
50028.414276160074
43587.91879944577
47141.26319117734
44244.36011236852
44848.860463243385
50445.72998645127
48262.04250178642
41336.00142930198
41810.15102237945
39284.02608132767
39940.64036301919
43821.4895085788
41573.17619583636
42263.531204401326
42268.25686555806
37810.089676429205
41501.751503049694
35617.779012976825
32926.83707805263
24860.601644256574
25667.561155006853
26285.221355300473
28206.27439284396
34135.974095277554
37181.84477682098
36163.286020506326
32711.832150560334
37836.49887223238
36150.824346353016
34896.0894230121
35084.35882383338
33118.9918091267
33170.46833011143
34037.4417835065
35071.789645242396
33851.38566615314
Score: 7.4809459449013715
Runtime: 607ms
336026.353494656
306492.34711941425
266804.43459164817
240216.6967927267
204093.7592171493
183465.24164792272
156302.05756302565
134048.26195615716
118315.6683794822
112330.2220712385
98616.410509568
94960.36160450103
97066.23398519191
89160.49391003081
89504.00688780415
85325.00625735172
77147.28021807499
72651.38923506433
70791.6295738613
69363.24246998508
63881.28675838123
60954.327988945784
57546.422151735045
56993.73677895685
56455.352145821205
57908.058264882
57849.29569162594
54570.81829020097
54327.02499924517
61006.76432031895
52478.30321450952
44930.0139678371
47080.449549979894
45102.61759160968
44499.39487235015
44753.10806839649
44612.43671280594
42475.136652035275
39263.79242285692
43123.80905416462
39024.32782707057
40320.99633405791
41480.343646023
44467.44570734177
41694.43161859896
36677.44148290908
37123.53830346775
33004.788807021
31990.506383981727
33483.68055744687
33833.36594763013
32585.146080672737
26673.370429700957
27447.683154497918
22820.38279584707
27298.81411038878
26923.674339252975
27261.52965136427
41013.059776247566
30913.639519231077
32198.225865020606
26413.606803534927
30513.552085938576
33822.333568317874
34334.17730771225
38938.19448465026
Score: 7.295567574604318
Runtime: 619ms
336026.353494656
294662.1836188901
249501.21916786933
220578.3732076272
195913.5731682481
178092.39482649087
156895.4627408197
142581.83628591767
127611.32125166466
118780.29908683078
103574.14502514672
101262.27920820616
97240.68612800697
90523.78218333151
84774.29908370593
82000.80398172596
80952.96991247172
78395.18245262845
72627.17583716934
66659.69049817721
68328.77728379356
64067.35894132745
63384.79594174408
55373.0580249554
54297.09987211255
53592.26573133317
51525.352485475654
54224.01568862755
53422.399051249515
55408.87300761275
50340.36535493249
49074.611803315565
49947.54304289513
50141.47725243219
42757.490956251844
42386.00052341626
45757.10162421486
41263.42162511106
43146.54792606786
42588.7467080713
37240.547761436894
38692.0368828916
40058.9649598132
31306.83134046612
32716.493500201115
36439.56904409437
35626.0014084955
27078.99006137695
32199.32082783553
43929.99351350813
38151.611479874424
30183.065617903787
35151.95946324662
31503.195316168654
30916.788351520816
34390.379877744395
21617.555048986902
22103.906585360954
25377.465166134756
24580.421522146946
27176.309231267795
26451.26394634684
29705.31574215128
30958.26229866035
30393.77860725849
27361.39390636433
Score: 6.82251043517783
Runtime: 589ms
336026.353494656
296972.99187408976
265288.5291224075
222544.7096371087
196545.0209995666
173696.66447556732
154403.7219416956
135898.81378243858
130572.20760496099
114822.72210762712
103150.26658097979
97808.58746265543
92419.16528688247
89132.92082181336
83372.78036978553
80077.58022702088
75598.45748461683
76287.83663996121
79325.75378088633
74277.39193334634
72286.58707023006
67380.92578328398
64939.35522041518
60843.33149071039
55471.738672519336
52230.42919810041
50920.08028718252
51511.10478068352
48978.24077552918
48935.44545642889
46809.23742205956
51982.7789345084
49013.26366672318
47379.3811505065
48006.96866465865
48078.64657213112
42470.342981999805
39857.82166625603
35123.05712126276
38780.826705694046
34497.523793909706
35950.823815242635
34647.44100948792
33268.34910859401
31219.32645261425
34614.513427271064
37408.51111619323
32190.274333836373
30264.858518861354
30312.479101075172
31951.754614629746
32882.2905335703
38656.58380759921
36642.698387461554
34211.209643804876
31704.14760374205
22512.129536400604
30476.07623059011
31248.678274718688
35683.65906579538
34277.12058183898
31405.49097655837
28245.498662700615
25118.07893980612
34103.45515888518
26767.58770443183
Score: 8.421758496494439
Runtime: 604ms
336026.353494656
295142.55778443
245240.62666592805
214411.89330916957
194181.55755544803
168848.5154704897
148429.13261520473
138088.7805963257
126969.19776599857
112084.3425652766
100004.46771322917
87214.8606989019
88047.6022806055
85962.93359866216
80677.42867917889
79838.55898346941
82312.54127313856
77488.09368312678
79373.12325304636
75114.50287216598
73671.50575130187
75073.74355158971
71116.08006839777
80163.68387513999
74812.66461741673
65290.2898424201
60798.611155704944
62381.440112275886
55156.02972437439
56256.260353765916
54670.73805696537
51003.30099201779
40911.08175159935
45677.604596140416
47631.25622523617
44198.952548895206
41307.16186812756
42802.60597702514
40257.250212300496
42005.268350309765
36768.577168236036
42692.040239410875
43835.65135908837
43298.13711183448
38815.88849097418
34302.86575466809
42461.34518262941
37177.33682869875
35956.481118727206
35252.36593402605
39094.80229209406
38378.48682181761
40326.76448591172
31896.48182294457
34023.11358738907
34493.01662370575
38762.513065942585
34669.535138034145
28379.069111025514
31610.97965745285
29861.651096094185
24461.235891945125
26313.523737315747
26951.52307060987
26690.244254940408
28958.054616787893
Score: 5.9580100559454365
Runtime: 559ms
336026.353494656
299951.1635938836
263441.83292502287
224328.5492736592
190030.22712644795
169684.47516388612
150773.69704016892
135762.8235448669
126678.49185776082
109611.48403810595
107426.82755428259
100857.2497155574
93964.40629309419
83863.27649522074
76186.65584918467
68557.03384744703
70663.19846853413
73458.35443833073
67895.52094279825
61378.828829198406
56721.038117139295
57221.800594502805
54793.49826181103
58677.9090980749
47837.11543314099
51058.99249566448
46407.48693733774
48235.31672675085
47551.48196380406
48564.504535617816
46109.46335896073
47618.466641770865
45041.230763958716
44379.52752839902
42969.21873084603
39510.67867120435
36087.36665730377
34653.26334962958
38919.16747983998
29083.72198068994
29635.871076356365
29502.16200521999
32506.68655613778
31070.984046575955
27125.950158124153
24153.204875893312
23303.34189166434
31123.98194268412
31816.999353143663
30784.041735159106
28728.093942305506
25576.30968819575
25919.42931766276
27130.098644304107
32047.402390071926
34165.51409889982
25976.314836816902
26745.921109174426
28052.831332417303
30459.46565117306
23679.84680325307
20045.898398603178
21801.67067659401
25427.367196969608
32623.21520659427
34953.518094145205
Score: 7.076874107165095
Runtime: 603ms
336026.353494656
296483.93836017157
259157.17617361524
224028.10390551912
199524.8508264676
183803.98729995728
160552.2203489027
144200.98559878868
136083.1877667725
123051.2537353772
108667.54178522193
102207.56576757113
91175.67361684098
86758.13938947626
75611.8148381089
72690.54434194331
67396.99575941866
64158.699293680016
59883.42142025083
57941.067342345166
55275.56416923285
50773.31294341898
48364.02552179478
47517.98130680747
55935.5802741855
50642.41894761096
48808.23966624814
48031.657098680684
42147.59767644293
43483.11637748459
37935.429856556606
41929.271073881595
40601.23264139804
51062.185912539106
47460.95602771995
51293.552798129625
47834.63348723421
43244.473671637024
36507.53253372417
37354.337523966344
34344.6765294036
37750.00967691462
37780.5384298023
36391.392560019936
36006.34264297769
28846.659601254116
31336.533619837443
34937.95473967475
31825.70796037892
31947.24029199507
31504.334270329564
31254.1241739623
26587.726964457153
27142.178720739204
30222.86501415117
25158.983049429833
25080.247510881953
23952.145873859223
24571.794276168235
30637.325987519118
29217.17821489819
24603.129122630762
25827.957557706573
31425.62005089829
33462.121743738164
26577.353418532763
Score: 8.175209255924717
Runtime: 620ms
336026.353494656
301133.1517010642
253570.75160924776
223687.32998205101
201602.7196886797
178197.17284272183
159090.8838984574
145472.4866566236
131423.4787974446
115723.05654029772
113441.25431272209
104064.21659749908
95639.04584744298
83368.99357071881
74848.06880351946
75919.57500342483
73143.04410610948
70232.54528394577
69042.92588647839
64536.639699382984
57518.53778064108
57607.738572732655
54630.86624941617
61554.393438677944
62979.67235644347
60695.956268702634
53318.26695081883
53187.97980315117
55577.962174387285
49666.418357496244
48828.691594417476
53844.35436876744
50032.866638758474
51026.714610140276
46857.994701662916
47010.200685169504
43183.719426247255
40981.65250468076
38846.70704603538
38713.53681665102
39765.178256023784
42814.3358743384
37381.357349525395
43787.233506438286
35820.51202161362
30918.105672861268
35577.55224351567
41401.963491097566
39390.99140899982
33269.90870793853
31439.439677163482
30874.88185075964
25507.475246977894
28894.22220187804
30871.498705989357
32527.231355242417
28172.279472354105
27122.17468092251
27843.67097402842
28477.946344285785
29366.46455919358
31101.911501766084
30641.45076723996
30876.335627932713
32460.27258707386
29916.654981268886
Score: 8.244390079834838
Runtime: 611ms
336026.353494656
293359.6230131865
263948.86226217187
214803.93185040544
191864.60995959488
176564.95116216294
160766.10454014738
140120.61467325216
128722.83662442559
111285.34895163032
94267.56693262779
82559.28616163065
83268.01462101951
78413.36045936611
79645.62274518248
77938.58110669116
74697.6112253213
63671.384272748546
60687.84426059508
63002.12010007819
53444.904542876284
47861.65832885444
51583.28701041118
51666.92310237615
50143.490137627676
46768.51708467608
45744.006291027414
40765.77054092196
43019.5796474537
42851.96533365942
34443.34885197807
37173.38449549985
38230.478333673556
45939.88101635211
45445.51988973882
47349.180162233926
50696.701883261776
42919.85999102867
40122.855256976814
45172.089800904054
46521.40194470449
41931.63300358244
38735.979703148
40104.88343687091
37871.82521979715
31725.12538341664
32024.006360671305
34674.134532919554
31255.460138148304
30493.541125729105
29898.808813477117
32768.09231865905
38471.05099594093
37437.259283331725
32904.75189269618
29339.589588618004
25939.026607016305
30775.76852943135
23067.08745208256
27035.42413655721
32478.21682685974
35487.68280007438
34264.21936270676
27105.970804053693
25540.15869652371
28825.045621933175
Score: 7.824604888364889
Runtime: 786ms
336026.353494656
294653.7959614031
264260.56353330973
217260.20513814143
190304.3950868087
164641.6099919839
151693.0803164793
136016.93320862402
118948.39774430248
105485.1139268313
96605.16629947971
93650.86094995399
87694.39538684914
78872.77324876006
77343.76845639556
74550.83357164386
68481.32696907924
62062.32462607746
59685.6237360431
57430.976197459124
55291.97368534183
54132.96872233476
57158.4732233492
57136.076367717156
52559.63739778414
54916.54956065761
51637.707872992876
49992.04572269789
48493.26201347301
52520.20056074945
52671.42990741668
42800.829622349724
46468.06090593433
46441.788964432366
47293.292374053475
45490.45945828109
40971.04887608127
40209.32576128588
38871.616737062126
45848.77719758077
47563.03603479546
49598.405712340376
44375.43383744015
42096.68301392441
35551.82083499262
35224.49604552842
36037.363217231636
28840.467906001577
33524.23865197915
29685.759647698742
27164.705201348792
25794.217052621807
25364.31987000001
33683.76328751003
34601.52111176068
39631.21217177258
38505.67456334273
33949.78923814045
34464.187419407484
38909.32860481159
31683.965166938688
29758.013265685982
26632.46261035787
27636.77968801352
28953.921455108193
26140.07942710236
Score: 7.6790491652843755
Runtime: 644ms
336026.353494656
292331.5465898815
251364.9679177741
225516.96366776162
196865.663676136
169723.3144044726
153734.4140104263
144678.61421771263
131786.45392062634
121966.68035086278
111416.0772522688
100062.58991098231
94267.42172294432
89747.5798292311
83305.63800007645
79263.68344079262
77259.97499031137
73145.54870768145
72164.8673981172
69418.55775650406
67119.89087426996
63621.09478380622
61509.85874163629
55801.23333328504
55758.04537560033
53951.89484530935
50181.682007790034
51988.387824462356
52294.592430611236
50214.594394630905
47873.90930614008
39587.052751936615
40875.49297089846
36775.448640238785
38594.36289421275
40159.760996740806
36246.76115105606
40724.34826301663
44380.491709600254
47502.27270180947
46215.99136826145
37807.95729617322
44675.260867681274
43833.834820305085
37524.48771083544
36870.96150143988
28530.50016419488
29264.684757853276
35219.51532150091
30468.421753293886
34116.76668215571
33910.83976835726
32313.805207231457
34079.70123544497
34250.35598122755
28717.01098772134
30082.253876826762
29330.258716366963
29533.449528762376
31240.471086460137
31162.413666897573
28295.22867956336
26471.233367845114
38526.43101122289
35899.62295840518
35751.88275992473
Score: 8.379475172323176
Runtime: 727ms
336026.353494656
289098.9155617785
252144.52207283393
219065.8149323737
182446.11636968778
163185.84741473504
155016.69599909213
140252.79691064084
125468.87308057705
111201.86778856721
102876.63169233312
96636.0675023439
84778.70287289332
83018.70535191969
77454.15987663827
67457.61434390541
67490.46317992845
65095.69582312604
64268.37434015916
58056.695078064346
55704.26876658959
56310.25208426592
57412.60757729848
54255.521596078484
55007.92481117382
50953.73127784625
49847.032158931775
47102.30132721221
48230.828447792206
50909.20567800509
44331.3409665561
42869.65345125827
44930.57359795028
44097.987741672325
46522.19710941302
44414.824302374334
38414.41162175308
40468.95329288503
33134.70783289349
36328.22290793157
39079.74514638408
39542.24681148704
35415.469342751174
41668.9530844405
41861.935291306385
48498.5986010762
42560.726939289554
44034.47076887977
38125.29852806305
40601.69278488589
38780.826046235976
35173.280648396554
33378.79794821947
37873.26844515865
32359.836935426392
34553.70536971527
32239.41189600321
37338.43097154222
38014.25620223156
39721.48512444464
33763.28756433789
40952.201721842655
41018.889561164215
35498.66328202129
35689.80967334306
35534.71933787279
Score: 7.038295619208963
Runtime: 611ms
336026.353494656
300816.9528196155
256414.64581366078
223234.44270197317
196328.70052490648
170180.39939488427
155075.51570932864
137579.0376734326
128339.70181086501
116474.69269538892
104018.99320188438
98136.39624132485
88677.36163329358
88041.01080004124
85258.12545993751
78271.95720101151
71871.36405146953
69693.33930828537
69722.13290044568
65937.30373870255
62203.280996531
61311.95641022591
61175.16093255851
60940.11502318384
50752.78648945145
50551.635508681546
47856.66069869522
48271.66122849867
48731.79201178013
51296.699410146546
45893.10747727598
43755.02362833639
47415.48808178558
52698.89623306321
45764.84571481779
45185.031315108914
39646.35544708903
41734.98923094395
38202.576752611356
41366.86618995109
36799.25163178488
28507.234286067436
29538.74136798955
32335.10215924728
28915.082513674668
30690.571843512505
32887.823551638285
36126.22889629921
41570.287442312496
41924.34079916638
39531.514690694064
34906.51320560358
37381.27668507287
33570.59032473975
28527.990469820124
31895.86700607868
37471.78616519401
34043.6282082325
30214.369237067323
34364.91331932713
34051.433679800866
31353.937137855686
35248.887947840536
37852.445129733365
35028.41446333012
26717.272015657923
Score: 8.621083585591432
Runtime: 656ms
336026.353494656
300283.58736263786
253640.89246273987
211378.30606504504
183025.71068224512
158794.51997413646
136680.48888265522
118932.82666750644
115284.04095730338
115573.39993754434
99418.71794244711
88272.88151245314
82298.76449221076
77410.68694725314
74915.5941547787
69035.95054993255
70261.09331703396
66965.66897756026
59749.0318182361
55129.5898718995
53997.623525453324
56684.67408952717
55084.23242878502
52105.536667481785
47207.24524321777
44865.40315567851
48296.47981759065
51036.5147292459
50163.91224814239
43405.59881499166
42961.956398291164
43805.15356870287
40058.40538787656
39480.17961578467
42048.675226897954
38487.042253262065
37942.43250970976
41456.57296608804
33571.13079260534
33428.83293065256
36912.81243824954
37711.668899235294
31972.567121011038
36618.77303384696
32352.627700067434
35884.91955174643
34671.43780507343
40603.99415514514
38941.21389584346
38748.52392180114
30697.552610812418
27014.49943813345
32216.812213852325
28301.16340499415
28070.99561792626
24949.49888027882
25752.823182083386
30458.485393308634
26346.23614249589
29420.368558398022
23383.35166031411
28571.213551865734
36040.98173426786
32911.27874509906
32748.883726836913
33505.554694315695
Score: 8.094397507507994
Runtime: 647ms
336026.353494656
293413.29815017385
262072.01428211553
230567.36403146695
204157.06823155165
183788.27375838312
157262.3415548897
143221.6912456292
124445.68442982723
105008.87941307257
99059.47433613006
93870.6293527789
85914.23766914934
75165.69526563583
73772.6406303834
67899.37409834546
64761.00777479228
65406.487878306674
58879.193554432735
54245.094667459445
51907.52893597073
51637.100885700245
46463.81808508061
47339.00875004672
50493.823430092656
50240.07280945388
50688.43773536078
58994.41884823649
52142.5528070274
49810.3989850405
52912.68475247103
52022.017589346884
43720.78577227599
40808.83687326791
44407.416053908
40284.35424154198
36038.52925140187
40528.9697595212
39959.24985470603
40124.288527173776
32986.71606328472
34020.92046915475
36668.754810432845
35627.07564303465
35147.45625454442
33984.03255364337
34921.343825082615
30886.16890145046
32227.70110462934
33959.46217729699
33623.14175640236
35691.04313022178
39527.7080556053
35142.87539132617
38265.02011143487
39865.41239297218
36873.03581551081
33141.80833420186
28637.422908388628
28166.159389462522
31324.958903633833
34538.16099600984
32938.4619279948
31150.576731512116
32614.1718330289
31804.982515793465
Score: 7.526056965932599
Runtime: 647ms
336026.353494656
290941.0589737706
253358.2012048014
221513.1295783261
191630.73623627803
176088.64769181976
165122.1538023974
150029.32521090968
133433.57182918437
125470.26996792453
111928.76904947562
102649.52141607745
97153.41646436685
83188.21472145525
77772.5012932717
71439.46074401861
71354.18481252964
70308.72045212281
70685.44322153674
70423.85772492927
68873.68709101433
64284.42933469339
58116.86595838605
51434.947591522556
49502.894886534756
54424.359861967554
52733.72584473361
47004.02452303322
45448.476663423105
44800.10234411818
48928.69846118374
48327.0448408759
47194.542653758865
40856.2740337204
43060.73204080676
44738.92303761799
45560.204789474476
45108.601282440846
36842.18705709652
38275.43160330745
44704.907624525425
43892.082856538385
33465.194337792746
36514.6510605296
36933.87701615551
42637.19257095802
37132.95712683066
33496.80511567388
39321.00115491393
33139.13639100973
35410.14048549665
31611.639821702633
31318.135549616884
27382.19731064833
29554.164824451116
24219.61253022958
34016.971150060934
34917.229386498395
29066.444363111845
34882.94176271185
33368.788837488086
37292.692451521696
35547.39449217014
36416.78034543131
24141.06230345973
21626.49756162351
Score: 7.1426284404824605
Runtime: 660ms
336026.353494656
297124.773793261
263111.42688859446
218794.4280408353
189627.97709974114
163726.3562151738
142210.856486778
128153.70702860376
117585.04574984705
105922.5253816221
96346.50297279315
89456.63905993299
77678.6425505466
73428.26438258529
68721.21688400966
66483.69279846274
66828.11391584144
61926.53383446183
59472.58565957551
58840.880628062936
61969.647732858146
59237.4622178041
55770.80308235486
50578.04608053344
49767.360277163876
43506.89380080042
43185.4509766187
40443.29101108578
43299.78304044632
41040.487764194535
42818.10174987231
41976.70621675708
41214.181386570686
42055.314801253655
34467.95622927376
34550.21903918098
36332.486321699136
37975.72725492609
40362.19424338819
44246.89989958644
39716.69485079416
33581.2490654287
42899.62636501985
43699.35541546145
41883.842368004196
41238.01580717303
42468.94102481446
36477.91942452569
37291.15389439311
32870.543206566574
29737.723144248568
29373.281023204716
27436.777123114327
31013.665672000712
34933.50298801691
30299.798861212552
30786.497585343106
25338.79668246774
25256.691399013576
34155.66987722836
31894.90571024791
32397.24761427797
25814.0102631178
27540.610399757963
25193.5584297885
25139.21864160359
Score: 7.423892399051772
Runtime: 664ms
336026.353494656
295755.4247169702
256042.5633836439
217345.82889613695
193427.84831496284
174821.31694436423
153939.51308249432
139542.85253567976
126967.57580875568
118806.98402102527
102970.69463029671
91754.59176399698
91417.47852740638
82730.47593074675
80983.54270608225
76654.54820969618
74402.33577914702
71190.98106416408
61282.584920848654
57707.71060030631
60373.7558081143
61094.56951145887
59132.14665707358
52622.781827182356
44992.5317842114
45359.753593889705
48718.280004701875
48671.375071828035
47351.86980288189
39766.71037802019
41637.34021937821
40104.54401146464
42302.79607848354
44423.66021483161
39475.51251003583
42190.92448119352
37524.23934590626
38392.80549371558
42738.595467867905
40851.704378361916
43418.71370622027
40135.25477199238
38504.28282013994
38396.790901176646
39405.17413227379
34880.38034245594
36105.24667870326
41217.80772089208
41609.95042710067
36722.475470681544
38195.05012324709
30472.815087280746
30080.91455035159
29525.479503462855
30256.372590639476
32640.050752762938
30335.1687124491
40286.47386843437
35762.90974143731
26967.391521417165
33611.87960093099
29842.71921401734
29343.96144339422
28312.542672766405
27650.246067539145
30557.38243343579
Score: 7.49112483586072
Runtime: 563ms
336026.353494656
296508.01135038194
242920.56321723413
212977.4294166949
192047.89937009744
172762.99089898195
168093.46567192135
151877.05857086618
136055.5370324698
121648.89490248584
112440.49293875089
104869.13493941554
94203.29000798016
86390.35868424355
78539.18593617679
73774.10529528795
72388.09497939327
65841.37575869559
63243.08452291354
57120.93943538685
53882.68962461613
50469.062610217436
55365.70276388428
52300.83985811664
59477.807227395984
58430.38821382766
56570.337619957434
56587.73331232494
53332.422686635284
50309.80449959998
46613.81782858931
51740.22853593154
46397.304429261865
40313.55099843759
36743.63464583782
41725.774559136946
42116.66025061555
44360.65401966856
43827.54740260351
39173.82001368427
37894.38866949749
41371.22156940494
37934.35802463424
41806.838877381946
42041.247991677636
33309.27542602094
34952.83970416841
34530.41505919707
33720.61415903694
34777.00244809701
30769.84734059393
30728.091699666013
30986.339330841754
31555.787155485807
33725.22800422929
31841.692261782737
31242.29168571671
32430.317958432468
22322.81830750107
24577.218774755387
19688.120384508384
25883.584532833414
25071.621581520398
25199.058220825664
21546.473479158485
22325.453573005707
Score: 5.695119785854947
Runtime: 636ms
336026.353494656
297438.84112998215
254778.8688581487
207838.71724236093
172336.32938051905
143305.4998328854
129242.32489218321
120279.36350468142
102931.3809550057
98009.61675929226
93370.09543064893
91112.01281326728
87678.13641284734
82878.93149313219
75740.15151738541
70821.98323735435
68517.95838938991
65658.1957368188
62848.26826423705
60738.02184316137
58149.75452799291
60366.29567755002
56774.266135080274
51832.63954683998
52889.5154935258
45281.38715959523
40795.1576262954
46128.41555651758
43259.48944486804
41702.16631988606
37357.581322988415
36133.03277151391
40230.14914434301
44619.49471653886
45630.74288398708
44166.97653099589
40701.59365279834
36066.64310219242
39924.00947634435
35677.066648933476
36934.477237241634
43185.7511569672
30951.29062678635
33620.45581733808
36680.737553424566
32220.01051370934
26956.568724902892
31715.092415148247
33481.44493446394
31129.557111565
32340.309395571298
34528.741666653325
32967.04748191975
26556.5658774553
24661.16859584923
28098.17545551208
32803.031854471665
36476.28641904522
31830.51856452454
27472.20434561251
25456.570539615328
21916.372545971346
25720.708987620645
28258.361451414305
28344.176494833515
21758.410364574313
Score: 7.846168093535001
Runtime: 613ms
