336026.353494656
318974.606436865
300092.13716743054
276796.5027877768
257081.1027714403
239299.59652858964
223195.2029786482
207334.7308738554
188742.9768034149
175732.06776872586
169757.11868660024
164351.64225678708
154922.6392520313
147919.01885810265
142601.43360780866
132928.64779950803
129599.26344693807
122867.26270891239
115807.19218824121
108949.41312765652
100025.33399026685
92724.80755092949
88139.88886943203
88589.57673954945
82317.21168533113
75174.21163986163
71302.93396277948
69797.90214380964
67280.62424641948
63294.34444097542
64140.90955098302
62426.983763716074
63793.410819367215
62920.79446897324
57937.107752821394
55129.30054785265
53376.79499644524
51675.07234162169
49406.13638291519
46821.47749861692
46344.12517331838
46091.58663082741
45031.09152508236
44570.02372651076
42508.02968605385
42900.87712887946
42577.14573825011
41991.88182748035
39119.03711815383
37468.65814071156
36384.02172065251
36947.55895275027
36993.89450454617
36076.51490677429
36442.10335973645
35309.265703968165
35576.773545084885
35797.1942156343
35839.84664575016
34747.76836174739
33925.466176934846
33692.01379112942
32274.532832674304
31944.8098457406
32087.97795287766
32915.679325345984
Score: 9.408298466777659
Runtime: 633ms
336026.353494656
315372.76152902475
297140.02048706583
268237.5151459887
255436.48406210073
240140.48425780397
225580.1304569283
208198.72976987145
191314.13784202308
179731.95791404392
166923.10447724533
160852.39021516067
154993.00268149347
151338.96587215786
139596.0135962266
128410.49631794258
122872.15844307476
113087.35950439022
106157.55626616783
98399.83310015441
93665.2957903767
88954.6717179973
86563.88908484044
81928.48301379729
79066.5615815568
72920.9807616788
71221.94896908724
71653.66733445638
68987.15015117696
64553.86139738972
60719.60897007971
59214.759714821266
59873.8617799296
53941.25708163457
51989.598862370134
50647.47484347185
49137.28303708153
48209.49116915191
47686.326060042265
44568.0562808309
45699.36143230286
44684.4055222822
44411.72610356291
42484.580321855145
41048.44980609702
38257.48072716055
38139.27173258406
38131.649650738385
38033.422690629355
37317.39740932076
35962.79626162763
36581.18936190616
35457.31952058687
33961.07949744912
33721.04023009945
33818.93735204414
34934.94494668333
35167.38944391166
33430.44741314441
32849.42499117946
32903.809906842114
32249.928290298605
32093.574392373826
32231.01485416128
32307.245268046347
31930.10266699256
Score: 9.14494740489686
Runtime: 656ms
336026.353494656
316300.14958394656
294969.6975709851
272109.45242813445
259115.18229704082
254427.31346920112
242719.5513405031
235751.83451136455
224163.17952071058
213917.59623097425
202303.78085000985
192991.4694902948
177972.9602551991
169023.0672060584
158567.6797374092
155357.38965800128
149123.71253573603
137030.04668479535
132493.31367986873
126345.33842064936
119289.57242911679
115204.82292078434
108337.83019845265
107063.6212814671
107041.98104356632
105256.74633133814
97752.38915002008
95933.86607569548
90610.57516302982
86711.43593765085
84826.44744682578
80841.71916379411
76787.0904816739
70713.94303102436
68324.75840787323
65930.70940341591
65870.59937126079
61879.16471642807
56317.2870512145
54326.63256027496
53148.32146310194
52430.04033578502
51657.27787861538
50930.23827020615
49550.72078508894
47379.7787809674
46315.84572384778
46683.945182068484
46027.109443081456
44765.99678519412
43445.28399744527
41378.67608656337
40590.791531751114
41735.09771446688
39029.48258137967
38385.1183970419
37444.951454057664
37970.88854959478
37223.98902710394
37487.66787942095
37084.36752056789
37145.756097805526
37760.28585710918
35999.02071862385
34844.7696716728
34507.51230622313
Score: 9.492132229086932
Runtime: 644ms
336026.353494656
323168.432195167
299082.93978064996
279016.9945876558
262859.88906240556
235573.60915670684
211648.94811330567
201937.89044516432
187583.67255275592
179350.35586099257
168941.49965883707
161797.01051241407
152924.2793798303
143199.7714427981
137491.2697707272
124719.24132391128
118958.09571251212
109077.3345446835
103484.1605402007
100137.60676971055
94420.22962420106
87362.01061720573
82729.62998487224
80503.06669942448
77370.95518537356
76525.50386516888
72367.93975131767
65739.37434261144
65847.55307322297
61890.32054279804
57683.01869146598
55595.11510237474
54126.99091701134
53257.96603335149
51162.78364928311
48134.30486008822
45358.56732665353
44532.71990826991
44428.15151085013
43755.346206824004
42405.37777145154
42256.85097352567
39763.01971536478
38730.96960857464
38884.93174435113
36849.98836857863
35698.436090780815
35074.071170144736
35138.60821200354
33409.86073517846
34150.13529572566
33295.338518224344
31931.445822800673
32076.348252850687
31801.641090935398
31563.347430097077
31356.134819180683
32139.148260691523
30809.443142169996
30665.980830732642
31146.30614908438
31411.8952636469
30996.091439556792
31451.761348791457
30794.159979354466
29140.57710975393
Score: 9.225867512518711
Runtime: 653ms
336026.353494656
319988.97853636014
302917.15085300064
281328.567329896
262380.15604343853
249163.40313153793
233408.61544616678
219663.12802025015
208947.06216125877
195652.67014190066
186566.29404985413
179716.44836815455
171567.8643353475
165960.3701650144
155857.63037409686
146012.84046151402
137221.6461219508
131399.81609607115
123420.53190717223
115316.98676951122
112998.92863549622
104996.61785836286
98060.10517966992
93756.98401769185
89051.80239048938
83645.90079728191
84982.44623791716
80002.25668059013
77329.26902105268
78132.45679857682
74377.41987722636
71854.87569649026
69586.87987458767
66269.21273251143
62821.215244886924
60878.32102136048
57558.66967224603
56912.997006397156
57218.99040744908
57346.935846039305
55014.663000298795
52261.77014382982
49694.55782644254
47650.74776913054
46894.09983906453
45618.343319593034
42854.70318732157
40674.783943999246
38996.82842992471
37844.407609458816
37145.459813006055
36125.13275553508
35537.4405213012
34341.191756233915
33594.94460764097
32753.827287472523
31936.039085579407
31627.226241960238
32937.87863418859
32032.858458919094
31778.609265176885
30788.036934382104
29854.257866840213
30441.80644772425
31002.765233794104
30131.60005737085
Score: 9.080463014182648
Runtime: 625ms
336026.353494656
315599.2883373129
294885.3529509191
275294.38945174223
263596.48482694424
248103.35503040804
237298.24483337396
208458.0998300818
195498.54199315023
177108.0044715107
165912.48052498928
155264.43260890158
141926.37356904132
138567.14209075438
135392.7926815748
126294.79431896619
118499.8119192855
110577.30672391031
107548.9072462168
104800.37757280466
99257.21304396777
96186.93935650826
93285.59903170374
90272.84617044583
86868.37118940751
85059.26910127226
83719.8126063078
80828.46863681631
78934.5054116529
77037.5152100547
74074.93492359325
71498.85911606866
69142.1252768839
66699.51662471998
63272.9434195272
59607.353620812326
57944.21056986859
56231.863539088925
54945.311277349465
53094.020533614144
51596.9930370981
50822.963794451454
47678.400893771766
47085.17883300212
44749.42988280885
44626.788113225215
42789.51045481685
41630.687589874186
40152.942497620024
40494.10217185111
39211.2774679672
37884.79165865222
35956.78880464128
34891.12272687113
34254.00548296777
33959.06854894175
33088.39202978844
33766.51212835684
32662.22747682438
32064.564803149147
32136.84387358442
32247.889386611285
33066.32838944418
32701.30247972187
32916.205658628656
32329.274199366035
Score: 9.491062624955868
Runtime: 658ms
336026.353494656
317811.611991186
295328.63996887294
274868.86307150044
257271.6016647068
246837.69411302073
230093.0894505867
214950.9482621135
201872.559659499
191412.39546935316
183465.98710246445
177963.74610087925
164248.45387404962
159511.86610936708
148803.4420660721
145240.28465964363
134639.23534348916
125786.00780883881
116702.40440769205
110106.2104442118
101418.81719798039
92167.77338126436
88194.20728913708
81954.39596444712
77383.25802286546
72634.37332148786
68513.63925922305
64680.05122029275
63398.57596229802
59343.89841616339
55598.397673079824
54452.38392740457
52930.778406598234
52050.158258101816
49972.888602318315
46747.44143828024
44845.25839286394
46244.83003794456
43329.71543398702
42781.8875509427
42338.67812411815
41986.89281801324
41395.170255822595
40543.29023513726
40566.69959492266
39364.65338296057
37777.557615918966
37097.23874972031
35931.55013003368
34920.8241116893
34726.65947808332
34216.20950118312
33164.68457335319
32305.83150499705
31751.572935501063
32664.21798384538
31960.138850107
29817.164679661048
29318.841740344396
29439.04283555278
30050.55639820283
30451.55013686474
29310.922272334876
28874.584316216846
28312.109485265053
28134.64037719284
Score: 9.352491725974758
Runtime: 648ms
336026.353494656
320256.0510040006
292777.32579919684
260434.4103200682
247411.35917667096
228821.04928202092
207637.5934565616
198901.78873159597
183146.5724899024
172908.54433384901
159917.01073569132
150820.9111460908
142783.14847961592
134871.58169804432
130234.31280425304
121948.03003700713
117222.50122547585
107338.67363485583
100699.41530241646
97613.76987872175
93395.71397596122
88728.25051261522
85115.0206449506
81338.58183309078
78587.70760008857
74797.26328302118
69133.36033869782
66295.49792718892
63804.42507568883
60355.786778213354
57351.480502389204
55871.6344469533
54213.272144689705
51638.617315899755
50821.540960578386
49586.26291767539
47507.77680027105
47190.11574640772
45861.49124892749
44332.918355347465
41636.1203768429
39523.69101803267
39194.45714242841
40505.11466813858
39421.4394052705
39684.99939022252
38236.189872928306
37161.37208635683
36260.19893455416
36125.41234045581
37015.22036916099
37128.262514371
34853.72788859378
35465.248974738526
35556.7014433329
33919.57832980217
35297.51085104772
34741.176130005166
34055.33977934066
34584.08883649324
35352.851505791616
33034.43554491924
32462.63640911353
31424.25639423532
31903.63488038825
30780.849472615748
Score: 9.085854508593565
Runtime: 636ms
336026.353494656
317541.2791899348
288537.7962665067
263280.41297995544
248684.8551243825
231130.55489709202
218713.45340657432
204839.3883399893
192269.72897007375
179126.96268840868
177111.77987757343
166431.82995276822
154076.84143710643
149833.91791814452
143191.48225793403
134662.20646090934
132201.5649237101
123517.97917840008
115909.18538411248
110260.12311156622
102126.1126475702
94353.02932658684
89506.74203722556
89005.92561711314
87043.45713934442
80859.63143014113
76970.747597591
74962.66740114956
72380.94609470568
68736.52613603935
66194.14832424781
64302.17636263843
61149.57623755446
58452.39887121506
56866.84642870338
57004.98287950403
54421.29240047746
51286.042326071685
50603.604197646375
49246.38506174416
47847.8668764743
45751.2480958091
44105.87801030489
42493.32367188521
42801.260793272864
41269.436325503506
40638.73331929363
38961.483336565405
38508.727207209806
38461.098608539774
38090.27994324934
35517.17649993834
34477.02310991721
35159.918891101916
35288.781066103504
34831.44133629723
34566.18780069306
33941.52727867351
33661.58677929319
33211.65904487315
33946.1488193263
33506.94866578943
32686.932599697477
32849.036969729146
31748.461793350398
30956.135313765408
Score: 9.287634694391372
Runtime: 667ms
336026.353494656
315233.664975715
290624.57995914016
266707.8444136456
241463.41170620738
223926.23274851605
208286.81717955053
190125.41642473967
175114.64913633393
159810.99999192375
154534.48622846967
150743.6583932044
147067.56625265352
137538.0121486128
127804.68002100624
122516.87802063877
117954.61782740525
111892.77763322172
106263.93174775469
98492.26220852343
92740.45358095164
88894.40274608122
84203.80823287243
82349.7157200154
78661.44469817629
75044.13335384692
68970.61680995788
69505.6846555436
70757.34214918986
67769.99394086257
63734.85958288609
63247.24415846116
58984.59954971061
57989.76643843734
55099.07321481498
53535.134037986936
51708.8248195823
51301.98721807951
49708.004146437386
46901.776492107376
46991.258725221305
46094.06111803499
45819.84992714621
44094.423363902395
44817.80401651029
44971.58594864069
44108.82347197906
42535.11970977287
41148.218747583436
40491.13583448161
40361.77904291773
40028.68930969525
37797.66101691074
37138.91514829433
35664.378220097
37540.40655953497
35760.52507729987
33799.37022777877
34774.110832593266
33863.83814722559
32788.7899710028
31896.099111601114
32480.493920183802
32235.64622152562
31600.413891149852
30648.890427993625
Score: 9.605782794326412
Runtime: 661ms
336026.353494656
318053.07252495893
295215.3550559624
284017.31323825364
266720.78079237445
251508.90571262766
238917.27234721568
217411.70761811343
208221.38428563564
196953.0820162168
188091.0432218773
180493.5549178814
172087.7942323501
167080.59417819174
160275.70452272854
156320.2901026402
147404.54242528914
140681.29569837125
136144.99898221018
127242.52191426675
123079.03240109717
118544.41999747626
113814.76397634391
108213.76337967825
99852.79965991824
98187.70216506299
92669.00872179557
91467.81605490636
82694.28106361453
78828.37124939739
77358.47772343678
71974.71673130272
66418.11503146199
65090.30346271562
64289.88862173114
63371.612278036606
59664.39025462391
56202.076602253896
51830.6192592509
51725.22961446321
50153.948108677716
49523.32651384961
50166.48658619771
49425.80495368267
46319.78694739797
45002.27222951395
44542.421281489536
43999.310076697475
42930.40016821393
41712.7998973017
40513.17278674041
40052.628423967166
38982.97373204131
38259.28698536329
36497.81135243973
35947.98065629505
34651.81885297725
34573.64413230541
34660.691776718566
35528.19663366846
34912.060835459466
34600.87701140489
33046.54802268678
32797.33516805792
33296.92321570033
32783.546979265586
Score: 9.136383259857698
Runtime: 694ms
336026.353494656
319180.2230170765
302141.0509050256
285231.8350402194
265147.83040464006
247626.68320674833
239087.20388032813
227000.19921946185
216543.35365922374
207897.99069729407
201469.062708823
184250.93651091505
177608.26337236323
166205.43308672024
156195.78714378065
145778.56672344162
135971.7317500028
124945.29533903844
119057.4458538648
108756.04652476805
101938.06058013233
99845.21177090672
90816.83249542808
90101.6068960041
86662.84781164945
83375.84672075986
78112.282754581
76191.95571106584
72263.93046390296
70770.53222824559
68156.97694408776
65224.5203438582
63848.19290084486
61624.22687916708
58711.44124456382
56728.96483887714
52737.511875407254
50899.38022253373
50838.65230117628
48985.454739545625
48015.18668138154
45099.85991755874
44891.53529537585
44067.02949313749
42322.33726882545
40581.917037607825
39251.65924142329
39299.09464094355
39749.15496951216
37394.45299107422
37076.73281504619
37258.568056898206
36588.619698134
35975.19126527204
36263.29877968783
34162.15695506137
32670.11562178523
31801.690899477184
31270.5392773076
31519.39804811414
31795.968384646985
30851.866499834792
30483.628842152983
29120.08496507638
28018.132357811115
27938.52233212677
Score: 9.453183364029144
Runtime: 619ms
336026.353494656
318256.87454429443
303384.4252946105
286287.90258024033
266993.0082319557
252719.42451882974
238135.84743321262
229379.94393491288
216642.75288516417
206145.28271224617
194439.28966913786
186239.8296968186
176989.6260549815
171952.52357668788
161531.9193496965
146812.36822149064
137220.05381851387
125656.49916931054
120542.60227706625
115820.66501964646
111408.07079268307
106182.39060369051
99814.5204095288
97958.25160604657
95675.66502124828
90205.98862410986
85798.5470018801
81910.27041233533
74697.8460758892
70305.25504529115
66069.17307242962
64484.88837744627
61933.68322859103
58600.3738263756
56330.09670060402
54367.60672613938
50880.07456454995
48946.72887616742
46194.00719856018
46278.07340418903
42873.10634797023
41674.96137383055
39821.510660378175
37397.53703280614
35620.53223286429
35854.290613003664
35718.847056893035
35570.856776297405
34859.27836494112
34114.99726986128
33271.2228972221
33355.28875573889
32922.68540156019
31727.292765526887
32162.832272858628
31784.31496928854
30428.17901256603
30262.00315851718
30068.166563046085
30126.55109737909
29779.41018222527
30930.62938669262
31142.878201360436
29603.517273590267
30326.00929374035
30128.716628283106
Score: 9.325724767313018
Runtime: 607ms
336026.353494656
316838.1542166641
298868.9232481204
285418.5906752851
269847.22537258646
249969.44954534053
239745.21792810987
225689.5000720322
209657.76028690895
195003.1626229154
183688.69357273122
172037.78344132367
162920.45445421842
155835.54159268842
142331.75924802164
134478.77097538734
132345.12665392348
127636.73857874042
119916.4136153256
115913.94070406564
104872.07450419452
99275.28083695624
96900.56096306052
94522.49336137652
88694.45793649711
85728.49664457525
83902.7726406292
80688.36029331414
76894.39331099138
73331.81848283656
70620.44292378856
68416.76819879138
66981.43095286436
63112.48083876971
62183.27587418046
59158.42933197008
56458.59644864023
54797.89965869138
54298.96184765915
52335.87152830934
48996.13951855062
48035.56295918691
47202.41070215125
46594.46764244254
44616.99530692571
44928.26460918251
43533.6556616929
40795.00333297504
41106.741821615164
40015.465562473706
40291.515856842125
39716.110276748
37284.987191060805
38016.398897359744
38479.402114935816
35651.72161232652
36361.53603703983
35140.29059352954
35577.10715944209
33673.65394786415
33203.523574369465
32079.757669328206
31741.447512560557
31980.926105707196
32244.890651879065
32542.31748911945
Score: 9.670011543414951
Runtime: 620ms
336026.353494656
323217.52558570134
294850.3162318383
272545.84639119124
258235.51509407672
236484.35373171885
217696.56550859768
197696.4794817935
189150.1195220673
176990.2732332347
167138.82049931586
152796.2204917699
149114.37179135636
142885.01200307437
134915.5415804663
131950.39764834236
128698.3795959617
124726.291786104
117504.31174629775
114177.28087101821
105794.96431246262
104374.93561892273
101686.59727019703
98990.81413571522
93244.85615778343
89295.40616191189
85533.9740611057
81419.28002264071
78011.78163209214
72167.55165821055
66399.67007713215
61483.13840635739
61153.808502925305
59759.315897689994
58200.02569958139
58218.95187741612
53718.603549318424
53501.17024153481
54033.611991224076
53040.06161301998
52667.58808380813
51427.98203565035
50046.1139884919
48002.06449765276
45779.01527321486
44325.53163314596
44674.1228156925
40969.54405508029
39855.52703782535
40160.32411732079
37245.69724416417
37419.23012405919
35683.878817857534
35206.12754931068
35226.78018212241
34520.90331904275
34630.11304905597
34390.93132411407
34149.089800906884
33058.20626047197
33051.21479806731
32848.738876813055
33562.01083467789
32635.50173126266
31869.686065120746
33421.54187550645
Score: 9.519623885774987
Runtime: 653ms
336026.353494656
318037.9152681574
296794.5283026575
282385.0694581307
267073.03156541684
253687.37456465643
231577.42706335962
223627.96261880262
208175.8739064548
202243.69868302514
194460.4617870423
175413.03642138944
167590.05126679878
157282.98579819765
147102.4328385078
138527.92985898527
136478.05320567903
128459.08229247166
122792.13363927332
118771.2794732138
108983.37965296819
108188.01329193587
99239.62688934214
93117.44342879558
86789.34740843436
88072.28329757442
80060.40938359135
77623.76960405201
73236.73281432306
67189.47312589602
64772.11125601993
63355.64568142442
63973.15187620341
58786.34697645241
58938.14469089774
57676.51891769788
55969.47954467593
53263.949849909535
53756.414360864124
52020.71494241567
51309.85704524686
48648.74094080698
48279.93609610715
49093.48892414116
48914.82993748902
49010.297725029835
47749.4348741404
46258.669305278236
47049.80774213663
45900.25681324953
45543.1030425934
45720.208084693506
43751.53200928421
41821.09953039169
41773.62859898145
41758.43944977851
41953.75372558972
40837.057319713174
39490.1443093959
38988.41429094162
38691.70647381243
38683.125270282064
40010.83888823466
37875.67087704526
36338.947308257324
36258.00607615265
Score: 8.891789354879837
Runtime: 656ms
336026.353494656
316441.04773071303
292311.7325714212
272168.488595125
245669.6958278269
229524.6963319839
211089.5596047404
196692.59505399212
185315.28924524822
173368.2125312484
151697.1776773048
146570.85610329823
139433.10840762252
124680.8119437997
115328.52957724957
111882.49388263372
104517.93776405795
101782.59096239571
98964.07790202113
92540.46074389321
89536.7382885624
86380.66516026709
82270.8817960011
79068.4125396852
76876.65891952011
76605.93794263876
74449.33987050208
70912.18666891147
67495.3348425043
63358.25723255545
59946.178307291106
56028.22058481404
54214.27005066309
53919.42967203084
51993.47532390097
49538.55787590803
48455.23999341185
47885.323440822765
46229.24056684671
44734.02040126376
44039.24335758908
43666.74797289622
42008.687113658845
40649.20604826661
39362.185910590306
38900.14925243762
39497.83247648606
39472.43299424342
38511.72086960687
38330.15646094377
36157.181690178426
35609.006411564056
35138.811403777734
35643.88066441218
33477.312785295304
35044.69446782233
36018.39474493803
34872.64166151666
32968.4580828001
33017.49992957793
33126.15583467321
34008.1239660535
33766.27117103045
34576.665660150975
33932.072800915106
32153.356500436883
Score: 9.263820824154058
Runtime: 587ms
336026.353494656
320380.5250826174
294334.41771823727
279285.8630683896
258611.30397184126
241142.24500579963
227218.94707181686
210114.02544251582
194335.64263610754
176846.70512609457
164827.96565303838
151011.5344419325
139819.09533201632
132440.48937948758
127451.89262365675
121239.32678533983
118130.98265724427
114456.99433034685
108566.74181083299
105567.82040138786
101984.78022995018
97104.11331955179
94821.73390473686
93231.06567479087
84962.55002432238
84174.19083240893
80055.55247225666
75540.99957405534
73947.57943188338
71409.58587126533
68897.6931160153
66500.07047262804
63639.26737334625
64081.378400793714
63084.452636152935
62155.26923290886
59317.0492868208
57119.92184667891
55040.8588030922
56673.21068753111
53327.945321289066
51515.73047867084
50377.85344511135
48940.418914926806
47993.349277604815
47330.44002102102
46662.572761854906
45452.55353527713
43947.567552062166
42209.016576503156
42350.51245030814
41597.903627188876
40794.763712580156
40775.82040668018
40371.382666879836
39734.0013513445
38595.50810238421
37970.15469915002
37515.36605441046
37375.73971608561
38075.547850957744
37901.43892102217
36301.8532616405
37166.17554879644
36271.38324102839
34930.493469805304
Score: 9.047066810135737
Runtime: 596ms
336026.353494656
316400.64771352074
304153.22879676253
285035.31202989223
258618.11423376965
237247.40656732916
222526.39860677166
206246.99706239116
194227.93500923263
189611.9821111535
179475.63442111068
167923.01174794062
155752.17737009222
144837.2877888699
135382.15225658639
132586.6132809373
125787.70757060651
113684.01097516665
107463.82963803568
104713.30767226621
99177.7054126696
95030.4576248736
88694.04271917077
87659.0027668736
85912.45200910258
80936.12030535213
79513.50174695514
74665.76712844083
71508.96222806175
69106.41972087504
67788.00809586147
67456.68940164901
66100.02050878793
62621.96168939879
60511.157436366266
55787.35972933099
56277.66485958767
54599.380593338945
53715.79453235216
54994.74050459201
53410.90023131037
50102.25984992591
49292.66620822875
45818.90047289082
44781.55179680497
44182.527363184294
43566.12431554796
42017.61082332202
41303.38742676524
38508.77470126477
39476.61812233138
36760.10282307545
35552.80552215531
33669.89403610586
32806.450274091825
34358.35265435742
33802.13507326035
32621.638689664458
32541.04636948103
32757.33472289898
32085.410229489084
31493.073271620568
30896.888341347392
30872.53851438233
29967.7366330488
30816.00133160047
Score: 9.477172621484137
Runtime: 661ms
336026.353494656
319352.46063944494
294483.2962551362
270747.76207537635
249177.75793152492
233181.22750331665
217618.59705918698
200592.29424497628
196235.71729561556
185368.0128103627
172260.63803062815
160937.33268338925
153091.1649350412
148452.6114277195
136856.63421918807
124021.57536868584
114809.59916561742
109403.23231107248
103031.93039275035
97260.10137677741
94170.7578658117
87213.45970729388
82020.69912917928
76119.07635480246
73756.60365381188
70762.0882625531
66850.4659158046
65526.02142398376
63650.12240068849
61251.790745577266
58710.30630458675
55947.022009181
53470.560981802184
51554.708807925344
51337.25778474755
50820.34218305803
49362.7380634196
49911.18750369324
46415.46111929401
46033.13636190295
45270.52286070182
44317.075298818054
42564.34987081213
42661.89679127693
41694.687769199445
39448.396200114
37023.664057497735
36608.37998259302
36657.17568222769
36746.580778962314
35968.44279428777
35164.1397479455
34133.83706931941
34250.09390786163
32785.8389117796
32973.535491816765
32833.96839110088
32893.823368976045
32290.349486318933
32879.31253959693
32418.62443181429
31703.556288838874
31548.45630804202
31693.9824893399
31507.74312723754
32080.723555915116
Score: 9.799547962462388
Runtime: 664ms
336026.353494656
315063.39107505756
294274.1942745476
275015.8984864717
260738.81395799253
238462.28779076383
220728.94080384247
207771.41186026979
195648.11831861106
188058.1122932524
181721.5064465269
170808.28934756116
163775.80816259654
155031.1693784222
145916.3494521052
141233.478736533
130842.12829849783
122171.42251294569
116779.82089584028
114894.00676929596
116252.08187658167
113881.2774867816
105165.47592164925
100864.66367080504
95706.20794597006
86406.88988174376
81616.3695864754
77809.84234097268
73908.5352528875
69550.71983102278
66879.9725438547
62277.104471292834
59813.98720480032
54335.84032770585
51838.51445439371
50801.54314504096
47636.31504598903
49118.29937531454
48656.84386794617
44743.09698415963
41413.26515473586
40555.54584629412
40156.68876045807
38820.40501833343
38567.798971443204
38239.651275176606
38256.83457413661
37493.08508801015
37082.57149254375
36012.10551423044
35224.689113922504
35598.60983149888
36859.52265165838
34370.77896825111
33257.952914013644
33157.57878908026
31322.79195792389
32812.29343187559
33007.900600687455
32058.125938211262
30664.886466444645
30705.571062297964
30372.091393860235
29524.94146469375
30851.5268667272
30788.30275562334
Score: 9.5679303457055
Runtime: 619ms
336026.353494656
319116.88195367635
301107.1006587385
282301.94517276634
265116.3211907795
248672.3920465698
232383.07640761998
227671.41037773102
205546.13812726177
196832.42935400325
190784.4322045136
185112.14872024022
169233.1400208106
162764.60879575906
154844.2544276696
139863.8496905857
133298.30925779755
129989.76404862099
117599.78384149072
113172.70654486786
110069.8810204937
102588.95129640003
98510.40808041592
91765.3258798828
87197.84938091865
83918.76427232023
78397.32232769755
78230.56101063122
72815.28729914069
72565.65065586283
63476.15410009264
58885.811226192614
56198.2756937181
55502.112236199246
54704.44604457748
53635.117439150185
51430.09204749251
50019.606576833045
48720.97894039409
49363.643442096276
46297.93503340225
45684.13823599285
44453.9991887593
42949.2296551165
42093.14230548476
41686.84571009341
42094.414765565605
41752.928489073114
42211.187440017115
41639.02368448732
39972.46359903072
38227.8133447575
36353.877249962505
36222.88846032706
36247.90033168994
34445.816424073746
33627.938280019815
34095.69240556141
32803.41477057957
32917.9608451678
32314.052832657722
32101.584795770585
32184.627339713265
32346.316242545
33230.86801047293
32565.673491192396
Score: 9.65031244039192
Runtime: 611ms
336026.353494656
327124.2384172943
308309.6692399185
283180.0378196476
262734.72725078143
249667.87149716218
237620.40310801385
218322.53958023677
205945.22470258683
193923.0962920719
185205.64003202016
172611.26255648088
162180.05386097785
154780.84529231384
148188.5269586341
142489.12514875928
136832.226559772
133343.7989954893
127221.25584552581
123020.0618088879
118832.5997228803
114874.66936885784
108583.44495237096
106714.94599530884
100732.4763823521
94757.68119807252
93045.97639568888
88759.93435515845
84291.00362146585
80402.66769542113
76273.38569822538
72643.91820479157
72247.57904410473
71358.42916554255
71699.41251197002
71714.07255151439
71223.7425999223
66726.96337591847
64522.422262540946
61522.721613394126
62307.56292981396
59359.56048049483
57200.43853164491
54666.870893872256
49932.49138236307
49186.112141845624
46549.15974294734
45485.322427161955
44766.45276734273
44003.06016969544
40431.939796031904
39543.59500564119
39733.29151004665
38619.11690728053
37977.44720627398
37580.20758684013
36627.09550217615
35805.19087658953
35861.51041123142
35386.533926419615
34304.31455862362
33709.51073102816
34600.752739525655
34473.83145959093
33505.35058269189
32176.94732407433
Score: 9.647092506947777
Runtime: 679ms
336026.353494656
321137.82825390383
298232.7097897782
277282.15135660506
250294.93147190192
222826.26863639432
215901.53504268013
197010.89403297048
188948.13934223092
175026.41675753132
161258.0612645118
150523.90107671203
143748.7285183616
135558.66912449035
129953.45298966889
118884.67735152262
111642.01586490056
104241.88382308111
93330.73595889875
86301.59877253273
81446.40913973721
77963.02181770578
74310.48077658698
72578.69911172356
69465.09949887008
67118.4259111486
61845.10114966614
59977.84297738945
58789.75974215783
54942.90433216474
53312.19212482706
50986.50146381164
49809.42170513343
49854.29446094917
49685.75236937069
47895.47230116728
46373.507672786654
47688.82160359048
45721.23750984147
45238.27148534939
45363.468869541604
41719.251315559566
41247.18374547236
41001.539072823936
40181.78604479936
40300.32175754281
39797.05434748014
38309.285787545494
38149.442435335855
37294.63554326129
37105.265475378845
36946.78075901646
36321.22803597992
36595.601242740246
34619.522956302
33538.85048572588
35049.35318564701
34410.96945404329
32786.01581799888
33493.52768614396
33893.031707574206
33963.04690199614
36344.77368892404
36232.79040768083
34668.32158428765
34430.69205414358
Score: 9.547451046484294
Runtime: 617ms
336026.353494656
318553.40695750556
293883.4309192117
282088.4689855696
263227.37379952584
243503.70292322323
227089.20634553995
216348.20722670094
201346.6701427884
187047.9986926966
174103.90603349046
168104.92873088006
165282.33074990235
156794.80665856384
142924.0920164908
132757.52583964172
124853.19267273693
116581.70126771045
111710.04917307195
103760.72826820916
97489.82449559003
93588.95733405267
88294.48751623729
83732.86519070786
80270.19450297974
77971.24155724152
72592.06920633037
72259.34774439616
68929.42889680632
65816.66836954234
62474.11949622526
60656.92988869337
59335.41874413178
56971.97765609614
54361.204517069236
52102.34377353155
50249.216003473986
49216.15467476815
45995.71398842822
44074.945624647255
43178.3205460282
42180.69739729057
40516.23982201841
40275.055066799156
39105.464648042296
38906.2619717813
38788.741634213184
39494.83895509741
38117.03684444589
37337.1590588811
36967.74763997106
36283.270200728555
33702.92497586229
34346.98990231813
32249.24660352682
31687.565497017757
32236.21372233268
31819.275986445446
31925.12428784533
32033.406983610494
31244.738098086862
32335.53060838084
32434.94862758552
32452.39918135954
33291.12158856713
30559.531224262075
Score: 9.648023002291374
Runtime: 629ms
336026.353494656
320560.26837856416
295930.4309455624
278461.09293637815
262252.02952839993
247667.7615583559
233755.20852283083
228390.15228267043
211387.70938365252
199187.04740507912
186422.17550967325
178864.51411992993
168543.9860991135
157426.78722419127
146160.64392035134
140418.48425924988
130580.54272896107
122372.45518473817
113558.33690719002
108738.38285214028
102629.5163570027
96222.26305084214
93308.15706227951
87162.490065277
81457.5667359304
77628.11005700295
73014.00914360915
69507.09035657707
67369.26180018892
64419.3431555502
63266.906306516496
61803.29971446495
59792.831006620574
58468.67792164462
58526.86071331
55183.38092058509
51585.94694450373
49304.60013930683
47566.43116206967
46400.985555287516
45375.79549019285
45214.07692564528
44434.049934503026
43768.89940497095
43054.587548309064
42843.34239954291
42973.90406453243
42300.49123199241
42498.15386241232
43369.360580716006
41922.18325265699
39653.17324278759
37781.620304443895
37679.77784202066
37422.35406484864
37646.788673326126
36035.583090292916
36888.41533542698
38930.97406855158
38269.04274172899
36929.23159412517
35938.253748144176
36161.83714215689
34997.495059191744
34433.31505586081
33380.8488978317
Score: 9.134975370353235
Runtime: 637ms
336026.353494656
319869.4784577883
304402.4173714679
283579.26637645985
271981.65239587065
247755.22835657402
231784.51091810124
220757.23352273038
213691.49300398564
198665.12541110278
184700.72543977833
174169.5674361082
170238.45806778618
164711.91091459733
155709.52527689893
149703.13402560697
146652.161743269
143240.398019063
133763.82697058318
127383.62350089611
124965.90080057232
116908.88188925963
106166.91653346684
97698.56829431554
94474.02074526723
89649.62741085335
84973.13024507608
83235.18393309628
82801.40272640919
81000.45714830422
78100.06972065504
74598.65532580859
69111.545538751
60681.821580522526
58517.97777196485
56911.48965873831
54571.08290868187
53003.035267169165
49020.13691318909
47304.06237910137
46643.00065715724
43805.73367092396
45390.055827355645
43936.43309200288
43543.22058640356
43133.03321114437
42069.13471739635
40179.68928822018
39226.92960073388
39737.86301578253
38440.880263335814
37992.92758618704
36665.63902273956
37357.94923970609
37632.13071594751
35671.47022353166
35127.28450257851
35066.296100624684
34946.68235973741
34713.07937119094
33191.500901640225
32980.09412693525
33229.20026196891
31872.667324148293
31633.053601238902
32858.35770809792
Score: 9.525690761234713
Runtime: 650ms
336026.353494656
315554.89406785375
292084.46709344443
276511.8332217768
253986.76354179293
234785.18460930133
219137.81710155727
204608.7101891541
187984.86359311634
175349.9535339942
166258.29136042605
155584.8057671589
151968.50286069926
143737.13731095733
140055.0958977296
132732.73703232213
122634.74364470714
114387.15747289348
113454.53430308565
105541.21744958857
102069.17110423
96450.64977265037
92212.68063743024
86408.42865930292
84070.85429123584
79998.4338394771
79451.90768705684
76405.22537363434
73952.11985386025
71373.11966008751
68300.6207756159
65362.77791937467
63044.363316652685
62214.23578485554
59976.41180402018
59948.26733219515
57699.22829106081
54731.878517367804
55471.03112408656
55027.40912310011
52778.33172953643
51745.11831421751
50526.095975808494
49707.84282417008
49969.42341404763
48944.47181396446
48200.48298553912
46532.96194828406
44730.36132862762
45283.768144192014
44891.20197746419
43004.88676056432
41379.11855682921
41834.04564835276
42463.760014464664
42891.03772713457
41466.44197374752
38831.86008480474
37989.52088733531
38683.821395413106
39274.97184177777
37959.93983685731
36533.7605578748
35183.63725529361
35698.13347172872
34748.36130660258
Score: 9.541738364734101
Runtime: 639ms
336026.353494656
312344.73332044063
292650.2556432236
275786.5003239346
255955.50013889908
242586.90368047234
232088.7201968115
219150.2900766176
207495.84023240866
193804.1622389457
181759.76488201303
172666.34195839436
161137.38831284482
155152.10374202378
142503.05204381995
134280.51618024995
127478.81987045264
123588.57236078942
116710.85783809732
107107.35377155784
102440.18476450916
98623.72227015957
94578.15909171071
90124.55250389875
82980.09340235191
78437.77724056767
76224.08019631647
73746.90622527234
69651.1248391229
65596.34049426808
62412.258695165336
58062.302300739604
55213.83008426215
54319.56339457016
53844.49063620215
54155.70787704002
50967.947589972595
47479.017616132
46100.683521884755
45801.53348489619
44336.243203364866
42520.53836443512
39498.75226883032
39121.71124785792
38015.43745480956
37728.65603793689
38044.41064595802
37516.18334426333
38380.83739388677
34657.98789931742
34227.01572728738
34875.77044278305
33551.36653613584
33026.48512869291
34480.37849121933
33950.287048709455
32121.284620541774
31169.883587998294
31416.628667729856
31833.270390945494
31238.822445758487
31615.19842389192
31938.53232527626
32667.696610966243
31979.87780867623
30778.919404382283
Score: 9.284450271788383
Runtime: 636ms
336026.353494656
314274.48162360786
298432.15072825045
273826.6200881773
246108.14631003927
226776.73192080585
210894.3926317839
196337.52402512118
182264.90307176858
170740.13333062315
162608.22886794573
151894.87722444494
138923.9328684731
131193.55529687653
126361.20559438498
116745.05667783521
106883.88150307088
101228.49185626744
92178.81196455723
86998.42292714085
83772.23761902015
81203.06491810834
76476.77930744791
71695.85496572679
69936.28276246389
67327.11758648478
64779.6339912653
62721.758713601776
63802.288992904156
59451.07391588817
59669.400799532865
59215.48176142895
57150.23921257929
55937.63245960354
54334.699758142815
52747.88881007177
51011.08611415663
49857.09739800934
48398.59386590057
48028.66865133095
45937.43278223185
46666.61682264955
43011.57703845254
41390.85165532985
39600.895362050454
39633.395747315604
38841.69698975587
37481.29608966979
37168.569899062546
36316.311112757925
36857.65853168459
37226.48684999852
36571.752249213685
36781.55881732449
35625.02117451291
34409.38464240191
33257.37860280825
32881.2293982194
32689.93514791515
31437.562966047106
31651.447191756444
32695.60039348161
34800.484423371825
34411.33294310486
32833.43524484611
33561.754117326396
Score: 9.470876888016628
Runtime: 667ms
