336026.353494656
316513.0880985347
299726.66355110327
280541.2187495596
267506.7334429931
255591.48552460305
244187.72895440354
228558.87370604885
213169.25777028335
205095.46873938487
198448.27482494077
185572.59848492773
175793.85288920498
170489.48514784192
163888.1496804542
160459.3106042101
153984.45119929145
147879.1240088267
143475.98317459022
142246.64830142402
137948.57160377098
139733.78060775693
131892.4987069742
128852.63542927141
127089.59504604609
123598.0677156797
119485.53590698543
118705.71249826097
114257.18409214457
113560.42599582254
115523.85472140346
115117.34562155044
108616.43260139991
105333.79918057978
112529.19629635982
106143.85464677121
103601.49297874706
94776.60116605596
87246.70128501752
89185.11361294393
91042.44744068189
87061.46902101558
91306.90307284311
91050.46886366936
91661.4404935581
84694.6437769634
87368.70928598552
85964.82306667427
84898.08778863316
80530.2352213295
77038.13356214394
76037.11937436377
76520.17032155559
79025.90130087474
77156.1454963209
70385.9446301086
71405.25387061088
65520.69246656136
67482.94215284927
69334.74842696833
63836.22448992471
64001.56473183102
65307.62990962058
67532.40660789782
66685.31127657408
63056.49989622479
Score: 7.472693263908105
Runtime: 637ms
336026.353494656
318587.1671764332
301119.1733111933
283682.704411184
268672.02829908207
251645.23981858112
236283.05485215617
228268.3704072314
213914.1377469996
203680.38684210947
195771.06827968758
183142.8343037842
176951.36912944645
175508.7680486899
170802.8352278417
162731.46565372872
159939.64521901708
155160.55335467556
150231.41215865253
142955.073607852
136141.10833756762
138398.59765811134
134600.48960494532
132023.71565224687
133352.29880020238
123025.50174102931
118732.70258060622
114024.24400739593
117292.94609127672
113746.56334122342
111461.42599478863
106502.93088561209
101376.44507453292
99965.31255320147
96831.98151804203
98726.99689819143
96179.79295949715
91521.67078517633
91494.36392121026
90509.73124156287
92386.88965993458
98051.66973859092
86849.52918671118
88544.76719379066
83257.40578750655
84422.83375682312
78925.52185800379
80211.19711859462
77700.11317906732
78179.78377356123
79907.0652115503
85446.9107569476
74511.90748139731
72349.03497403298
73030.63599640483
69433.20129993164
65153.9527679149
67725.96410408642
64881.24243675014
61680.880671381434
66322.37950056928
61865.77157557749
60468.42723498265
60781.32773599156
58197.027855332824
54276.05361943653
Score: 8.682827760499993
Runtime: 644ms
336026.353494656
323666.40095496766
304078.04103662545
277506.4241832575
255190.46323276396
245464.75868980982
229634.49306666246
220507.30308039353
208753.59394485792
198299.17087267598
192519.1314592646
180770.9872245591
173300.90446320677
174768.22948255733
172263.3976040712
165225.80622930513
159351.48456605803
153170.45525702788
149006.77614677497
146749.62413069504
144076.9794394336
143095.06498834462
144531.11015107782
143594.84592592207
142323.89021991534
137752.53534345693
132485.29900697392
127468.12185636992
121665.19824717283
118191.74525258115
116574.69770224649
115578.91714768288
113990.53592449942
110204.81294542825
111583.38560588505
109388.51232055869
103810.72965552539
107716.31936591906
100009.03237292223
99107.19417433804
100046.75803566737
103501.0028476747
98182.86702294044
94925.85041334464
91041.0436703435
84522.26181726545
81480.21516979535
92056.91168671483
96581.37558516106
95462.29272246809
91285.08038736899
87878.2671272882
74744.24242253361
72572.65432297862
74932.08004293113
71012.53027239264
66954.92549595496
65086.89349743072
65597.89941550909
65190.06823602439
62501.24278606857
63342.93734593538
63462.40149318653
61353.7298849404
61360.35967210475
65059.973071847475
Score: 8.572862017722562
Runtime: 593ms
336026.353494656
323093.2153169434
298953.11804253754
287928.94106758235
280431.21067693195
263390.27425635676
252345.4694009641
238244.8352197117
225122.31759338145
212971.0051495668
209442.010847591
194108.21324889176
185491.7770123541
174213.47747209444
173631.24064376947
160701.11063530462
156908.08547575955
153226.70959005368
144429.1066009968
141215.20441969653
136729.7059076874
131511.76492009347
132216.4866558751
133323.711361759
126797.4538128766
121884.58269464134
118293.57535163143
118723.2112746404
115181.64598143558
110585.13612761136
109661.53454166124
111654.98259663631
108453.3213498574
109643.04194608063
102672.70545160654
91873.67028833732
87802.70985315138
87375.86510115059
89772.38137073207
84919.59334099128
85433.60363536219
85266.31670981502
82667.93723009585
75435.55347036032
76110.41917992367
72965.1697287899
74812.209714158
83497.06950012589
76966.91539899888
71711.99353165721
69685.72923271565
68770.52132024881
73555.24951760075
62050.00337276916
66776.33203625017
67767.25515706696
57343.53285996127
58541.65231501221
57366.132903484184
63629.02855721782
57833.64281831179
50365.65982729585
53724.33837535876
51243.54712260486
55447.60425491154
49549.36723038678
Score: 8.091065588328776
Runtime: 638ms
336026.353494656
320569.9311666551
298123.72424364416
283790.5677246135
271634.72323463025
257308.11790662748
246938.30446487124
232702.24130333663
218085.52726048752
207083.6428021538
198016.6038167677
186872.150865512
177414.95480762972
172457.85387812532
166399.34288645987
157722.00552501978
155842.23415918215
159815.51347429169
151926.60959815935
151133.47338103762
141135.73509203782
136772.50657573983
134892.78392355927
132356.92670898294
134259.41863621387
127784.43943702543
120702.78594408088
113258.07156799626
111049.90316389958
107042.91936284224
104159.6846669015
103847.49949536004
107640.55557683545
106735.17593553312
103029.31508137156
102910.64835395262
96560.34325332347
95433.49501052129
88014.57982999315
88348.0069127142
88792.64149460055
84573.46337962965
83547.80071441509
87683.80384214614
81654.16719837915
77329.26818763594
78363.29657960274
78118.25801276506
80845.3305129894
77951.09500880098
73824.10312649052
69221.53312372758
64562.182986622174
63545.05742538158
65860.98979870633
63727.79996757857
67337.76020706893
67386.90391668573
70367.39595133561
69058.97574703663
63604.34979455065
64254.084010662
52703.70608922145
52730.66464166381
51527.59376806988
48281.51500583365
Score: 9.29481272937797
Runtime: 669ms
336026.353494656
320946.14626912767
305939.27726763766
292271.2978720415
277091.275238443
253662.81758064928
242711.09982581384
235303.9352739834
224736.85539960422
217131.11901096406
212402.15382839064
204994.6907030773
199136.36947644877
187211.27763341455
179101.9173573807
169305.04490830726
168278.08193873303
160181.51499138866
150535.09315779983
142672.9757279596
137280.65486457405
134700.18075224187
134099.55090151657
130984.26804879203
131329.11861542927
125430.1991558635
120553.18256661203
114953.34585791691
115314.23462111398
119408.35606242773
118675.73452169479
119257.84155258097
111427.61834113924
102763.86422101257
104148.94692316148
99399.35086801149
97288.53183755137
96973.58079285389
96276.16594920073
90657.22018090222
89481.58737870942
95842.77249840909
88168.23492887248
89239.17611190381
77352.44257064666
79704.92099021055
77568.28140512746
73308.92249572366
74312.3599812561
75067.3681270996
77896.3902044312
72943.96686529
72982.02886797966
70339.99353319065
73020.17129497786
68725.22921117752
71184.29940259829
73350.31404163566
75311.48221617588
67631.00259201981
58468.54763416053
59305.77679213785
58263.98436466421
62936.85633550015
58416.60003181151
59959.95593778374
Score: 8.398807954394547
Runtime: 617ms
336026.353494656
321557.0103519533
304941.9387174516
280733.0025471276
261013.33978281028
245459.64588556642
233388.482558088
225745.6839567858
212482.69034294062
198284.17338539773
192215.90060826667
187700.64059072852
179738.9168957233
174914.9845672299
165884.75560135974
162185.99630187187
160378.53027433797
151671.9637066953
147715.63617251185
146742.31933072052
138175.81619224197
134966.2488514402
129546.89364208226
135779.92768040125
133137.60916274748
132517.79414303575
126686.6513019291
121435.58047446517
120380.27365576332
123587.932979566
120235.93839343567
112345.46053972055
115642.99681930956
118867.55203351718
115126.22218626652
110066.59249086199
104593.641662365
107568.9306719452
109177.33607339945
102296.79995108745
100601.58857306941
96329.11819638262
94094.73431871756
89281.96729543258
91908.9154848096
87149.512668117
86240.3822630346
80655.86879182541
82620.10172583468
77620.85348913787
74461.10309550987
69729.87210110354
64537.187825037276
68791.44020115871
69997.81324194261
65989.34422197135
64917.81065533358
67701.72751114632
69904.31651465039
60903.54857270278
62777.60080715318
62307.85836310555
61919.42935456368
65289.979373929425
59325.28413355061
58054.286260523484
Score: 7.98998390895302
Runtime: 640ms
336026.353494656
320710.71588921925
304709.6214186683
284824.3299767145
264643.9928047312
250263.02849320753
236719.74986370307
221547.033149486
211375.18995846075
203242.18305718768
196771.19996495673
193710.07657574196
174365.1353879121
165608.0275171992
156370.2829159461
147058.90419978293
146215.14802657865
140820.87076615923
138040.2919284076
132137.52448182608
125367.7142800906
131765.2300412018
126555.30984784939
123803.34869602087
117053.36788158337
116337.23768941984
125434.88753748404
118174.32399918663
109135.28485182584
104908.42669374392
107954.90073305875
107024.90544771525
99901.21382619171
99151.3454675948
104402.42160757004
104029.65019931129
100748.92516826764
92465.71963735139
93272.81913818848
91164.77252359482
90817.76307090234
87129.86887418442
77252.98432945555
76681.11955984519
80782.21063846137
77076.57200392516
73698.48636161868
69929.55120001375
69348.72435106413
68926.67679005022
63014.47269682943
69726.8132499108
69740.10036246481
63349.80372096494
66153.29874942503
64836.390908033325
65802.51224119346
61208.17094093413
61647.89830361793
62488.23739841333
69883.44661921143
72787.47036903973
64659.59252282655
59934.63253986922
57925.23157841884
59275.2138078904
Score: 8.395040766698997
Runtime: 618ms
336026.353494656
323637.8228220175
305213.65288642695
282357.50786672387
272502.93555762444
261113.70542930256
246600.49829655307
229465.46436904775
218139.19540984885
207229.17802940207
205385.2757653477
198642.90506582367
195945.60399197935
190706.87656569885
179089.03763734704
174757.67147708545
172742.0460219404
171033.7282610044
168513.26296789874
157519.1913484829
150540.7687990078
146379.51229665586
148739.4775318975
148134.45072281436
143759.83125205018
138863.7374097232
131309.53287516377
130137.99481835705
126051.05204836592
124689.55811469465
121267.35307544706
118626.38161017498
116873.18777803393
110656.64799297297
107095.85581752716
103862.32335274764
99576.46976827932
104953.96045676738
107715.6233939742
102341.70023054778
101682.39246820098
97647.31421079554
101799.96893108476
93677.694210194
87290.86196613357
92549.34183067862
93570.38063225699
89398.28191807664
81882.3007010388
82784.21983431239
90067.6895201733
89166.60048823964
86383.38337724816
84658.3968803367
91794.88749527503
85670.98560876629
87399.68422384438
78710.70885424454
71209.41067073616
72118.36909350065
71103.72344130625
75593.87707100374
68684.89048175924
64871.072600378706
66177.67686286474
65758.37926154339
Score: 7.844278948650828
Runtime: 650ms
336026.353494656
318175.17520287534
293606.3277428862
275860.53458599775
266123.70321917604
257943.094240747
248537.6951123164
238951.29991009715
227691.71412111787
213724.54580484473
204176.1133848466
196025.10094460734
191825.96243802374
185693.97303831
178607.62210235253
168814.6956169385
165309.26898707973
157604.2598407242
155277.84212789222
148170.65572016916
145435.94999691844
138226.64432704906
141758.3945975859
138279.4285440292
135375.28737206254
137466.12809361785
131681.28036152167
128713.54158156333
122798.41134263761
128817.95687150341
122354.97604990109
119519.88528420184
111464.54188862897
109365.48626451896
109637.76559480766
100567.04934957829
100936.2950961217
95894.52694082176
88965.20641582453
87179.61607901371
89039.88604144492
85245.36013590464
86897.50605930129
79463.38061403758
79236.63323269591
75512.9173905311
81265.86421130515
73082.0231701414
69961.4294408514
66457.07483267962
62441.367937656534
65985.92455892249
64364.262988387745
61868.386551287746
64180.65536961902
68232.50119048006
60769.62164436596
57480.32262571574
55861.18848659597
60679.6942901567
61767.68566894873
56999.440222870566
55064.47401586474
49392.32904801705
52359.90632277337
50231.93859640044
Score: 8.88719075204077
Runtime: 654ms
336026.353494656
314476.4135084074
295252.39289012813
282050.06355244206
273941.47955606185
259585.70863492097
243878.2811791059
231581.82814039855
219239.9238813861
201958.916777631
193013.98162542767
184947.8593343931
181143.96921438567
170835.49106952554
165284.45950173124
163805.26317670065
154290.68349141738
149027.33001143578
146246.22790005986
139341.19535406935
142983.07855425015
140055.6153948526
134376.0608120956
128723.59647349732
124394.78927488846
131479.61316480112
126399.96388048622
117582.70509278907
121361.39276475228
114927.63249711411
108740.56125430492
103050.27126860048
100214.50637305566
94785.54909622873
91504.23147527628
92918.79972471874
98193.44106230821
90970.93358699877
88204.11954712599
77335.85381975582
80383.57808444212
80465.7837065765
79996.55019978441
80426.39533441499
78717.7753665667
77287.33338172382
72387.84422523052
76720.59425454019
77219.09063174455
74169.88025516704
71206.15959610669
63452.86576155203
63066.98821455413
58304.6501046683
61086.211752404
58351.667106435685
63751.140115419636
69241.26580429975
62924.57294807482
57873.16322661012
58995.52443532677
67998.71703622
66472.56913409209
60073.73766569113
52992.84205378762
49354.2285931484
Score: 8.849302143173002
Runtime: 638ms
336026.353494656
314735.0836475342
294721.00432380225
279536.1924842286
263323.72794185503
247714.06722044531
233090.9389868886
217979.2357675507
200748.47330669526
185739.93000368937
182290.9793413867
176491.83708044305
175634.13382061114
167346.17622577582
170506.609567259
159100.76104063826
156654.3996352552
148196.54163019737
147643.49121952098
142648.9512249232
138059.55467253443
132521.68762927337
132885.66564219844
134261.13794767426
132805.06161178267
126974.0907031884
123454.78913476631
121438.05526612827
118413.90461950553
114680.96143344993
103773.03645981627
103413.33627940986
101703.9672377882
106654.16968063636
113785.71996452597
106145.31897037545
104177.94304614572
102572.38856247383
100732.28511010586
101440.06846867673
94155.9946522137
90166.05123840079
91337.44921644397
85573.16841877668
85070.09028044868
89507.940457645
91589.52033233458
84358.43930948817
83176.40476768659
84113.28866563471
82713.56787524572
79691.2717065771
82414.922176321
85046.76521920357
81904.87215037168
72313.51507626199
70524.7146731923
63939.246886195215
62461.69722645607
62153.46651933887
62670.35514802282
66335.04310923777
64556.60757752639
61208.71028212636
64606.04334454311
58234.092446077455
Score: 8.194268829508797
Runtime: 576ms
336026.353494656
322274.69701805746
310167.07660691155
291739.5642411446
275633.63734063995
262778.2815478466
254443.45760950664
245495.31974742148
239241.55959803463
229025.90261181523
216585.12265787923
203712.08033061275
201014.77550347723
193149.8323337729
184418.65488811018
174466.77440802715
163868.28864458264
157518.7122781795
154047.2099120951
147544.35578514077
142304.23686606486
134696.27807078615
130054.84770237158
123204.60461192981
117778.9490653762
120000.79082454494
113699.72893326946
109479.92199764366
110297.58715326406
107718.73175883932
101078.78358146592
106634.24546892988
105398.05017832627
101354.83049485083
94568.59373480566
88969.04060978456
88249.73121041154
86523.44224473565
83785.40328461601
76996.44368849689
79244.86211185667
83063.98094701082
75723.37512466295
73018.438694048
79197.50659786655
72619.85588637904
73640.3376152757
72029.26490706741
67058.69359721837
71033.89448053217
66767.93578459027
62363.119081723344
64006.84975179624
67140.85113723583
69478.25323490471
67720.78265925273
66615.65415133601
64888.11773997908
65965.90659312336
63422.663627995054
57979.80853718067
59920.530605169326
64713.00861007256
64083.68452656836
61060.46495948852
57407.66789270101
Score: 7.80791958334752
Runtime: 662ms
336026.353494656
320650.1810567388
300011.4598372375
284886.0608993061
271615.1823736117
256602.50581399858
244708.8355837779
233336.50009283907
221494.07293823163
210667.00661973158
203634.75014654986
196158.1019137072
194192.92720571277
182427.9397061157
175484.85689674353
169377.1383987268
157587.96480360322
149972.7713275049
139167.0329018638
135615.7540102878
135848.58032263425
134493.8114027745
129388.82274359216
117383.3676731923
110980.82831906514
109564.13350436949
104228.58206408913
105534.22910982842
103428.35078840097
97951.12910555198
96835.37860980368
92842.46769495217
88450.21713791043
90150.97823016404
89046.52646775385
88835.42116203459
84572.5687598876
78952.96482771626
81100.11616664739
82225.2844173376
78745.16683738277
80140.52689850269
75918.72669289926
66931.16019693062
68774.51876889281
69187.63987443267
69002.8743565476
67857.35860999544
61756.72214216687
60537.84666188366
62642.47554363492
60159.619704408564
62183.036445248035
65727.27053689833
66619.32260324353
59591.328329469026
59578.55623453143
60345.3376896752
66660.23050910649
60865.497900757415
61918.21090227573
56257.46824827508
58648.09446430864
51042.33553834159
49880.91789950546
48472.08193905103
Score: 8.798773373935177
Runtime: 666ms
336026.353494656
321192.7990043579
300862.14902061765
282055.00903296605
258873.838564535
250505.74198603898
236027.55850756788
226003.63788520824
219099.70394195186
209570.13696207586
200262.74230664244
197235.48873090433
192472.55695314784
184085.0554285273
178631.13484136405
169781.74277394233
157412.80560018128
154455.11408866104
151337.14277287462
145549.72629308343
139159.7777912677
139999.03575352227
133658.1403024893
133408.3228503622
129113.78672038949
123499.70350045539
121699.93151007024
122550.60785989124
125788.08137391029
126151.99523661542
118115.04311611704
114909.32431627273
113250.06874393197
108343.32185251487
109066.97479223911
98341.58272650288
97261.10730152458
93397.26987922731
90370.24033928076
88127.77073312555
84349.17651829126
86946.7364234144
87540.37249751466
89503.78037485579
95724.09720680946
91593.68744541967
90258.51855520337
83303.20970957704
78115.68921017337
78850.24371301665
79279.91083656155
77645.50776759081
73260.37270989743
72656.20314877623
67588.1897768525
68702.73416120549
61054.48283878416
61720.64201875559
64416.33845643526
64788.83529896644
59929.26355280263
54102.974658390835
58748.43532919595
57013.68762657183
59821.2256641807
60864.328724055034
Score: 8.062161866675075
Runtime: 628ms
336026.353494656
313135.7000544598
302590.8575920158
282901.5607182187
267251.76433225424
257956.60185993856
246218.24041097306
228018.48923279508
209987.76889240064
193545.62351385766
184354.2939563773
179128.50108641433
174186.12062494855
173798.45521406218
167755.2526707934
159449.46176347983
156729.67832077437
153440.49653136331
151755.82598485262
144555.24272363554
142193.50658284087
139660.79931808775
131002.05521012329
124805.81393682299
119304.70088032933
115694.07123701127
116308.40487021893
112174.41854134886
108839.02565232854
107818.27341688775
104565.95308001533
99240.37521006311
95647.8992687891
94106.58335961968
93667.55447674396
96270.16574228794
91829.10030643357
88337.80090370303
80582.06345732699
83707.44798807346
88870.09668167839
86590.72381891952
86444.16173697439
85450.0435851877
83419.49451873705
80363.92613548193
72899.83081719355
74846.65906648527
75241.79555409506
72404.71639821217
74707.39539153487
74333.05739625715
70310.73214418069
71532.37595937253
65145.23057758312
68717.63030962438
66673.79950276011
62979.113518034486
63406.90151223236
58616.36877534014
62556.88718471804
61106.724421494735
58386.05885843436
56053.3390210656
44706.84645289342
42295.25010592283
Score: 9.465694420872918
Runtime: 627ms
336026.353494656
320581.5344958304
303868.0390962295
283960.0338984204
261626.75722912455
242970.81588979388
235016.0609791306
221534.6482080803
211146.01938158783
214461.23806565494
202551.82665737925
196380.65130407937
195338.69312888553
188899.89482919083
181281.2645213719
174553.04293796746
170381.7910727984
164372.6726862686
159161.55977739033
149633.81273974007
152219.06954050023
154866.02803776547
155171.94605654274
142757.9703418809
138744.52057469342
142234.6019023226
144958.29380753878
135346.99647581627
124543.42958635058
125529.71981618807
123112.91145299324
118207.9793035316
109514.62051070335
107828.056827003
106155.47280594114
99532.42543740048
96767.5937904613
107209.06984659284
101461.76394102117
93809.6121354264
87580.60694453001
88190.84618801854
86586.91179557967
87689.22027099424
83796.54015077285
83909.68745334598
82338.11901488504
84090.79636340201
79234.26493883727
77462.42270783035
84715.44965313622
74506.87404556532
74423.72523774565
68257.18762640377
67049.2503515243
68397.40152308818
66579.80836779696
59959.181124399714
62606.78470096977
64076.654398662315
61471.52379477346
60645.809842985414
57325.79610938865
59853.25034439727
64701.08125343902
69781.13898041358
Score: 8.602691243371064
Runtime: 652ms
336026.353494656
320326.78255911986
302246.81535797735
289072.3547557953
272378.59771331487
254905.17215551832
248907.77812061968
243661.23652283647
232178.80824283647
224361.77526987554
220127.42244200557
207196.99368090177
195286.3379855366
180797.0498642507
179713.37236026904
170327.0884596423
165655.5217103703
158023.5675202575
161284.72609806975
155396.77690817448
152162.58944699273
144497.78217662827
147036.2140385482
145724.9747447771
144150.4156335601
137591.99108998038
131618.2992702701
124841.32310084546
119840.22426241449
114618.55300734354
114414.86190043116
120483.7569703017
112198.29041282058
112589.69991686477
106082.0162763128
107245.20463136183
105229.06420169072
104192.40842853228
101226.82472535814
99546.39941566339
93103.00506481565
88142.51195725835
89163.64001453969
87608.1365887906
88955.94102849034
82044.85353812088
84204.10799711524
84034.3966877393
87155.90936528514
86270.54223260687
77570.64668729754
81557.74909631412
77426.69246403764
77568.11983805898
81550.33236730826
71469.2379343108
68718.72004388373
69219.07984557273
64216.08409288572
57581.33681833192
60739.70249398473
61471.390963815196
63225.21154853949
61095.1350995846
58163.44857685354
61847.2926789945
Score: 8.493069822733775
Runtime: 624ms
336026.353494656
319365.38176939025
296968.2371920604
276740.1829959566
263919.2339275787
249052.77325377375
234125.59292130536
222748.45204144254
210557.9432592583
201672.79681376525
198171.96167639556
189640.39491403342
181257.72664326685
169312.5919131674
169623.18847550216
162893.78762044225
156839.9702090319
152243.29585280977
148594.21225454457
140316.09911814888
135200.1366073529
135263.56927389372
128067.93407659835
125434.0707957652
120802.05412633074
115150.98884555598
110497.53994818301
105639.67933286108
103524.63900851004
104260.02973458417
102228.21548059263
105857.54368101261
98421.39921525952
98108.86408096884
92250.89559058135
91401.28137671664
78240.19139272229
74722.265999908
68010.27043048928
69277.50810726098
73178.59637690251
70867.26406281629
75313.092503651
71215.93240592733
69888.34621766633
67738.8061173003
68318.26239257657
61527.4827230003
55135.19583665482
58238.97534371251
52328.34455990594
51516.99994788098
49828.0366548857
48185.55549547989
50594.84249027259
50352.39318209145
51522.41288556239
51812.7856057185
49430.956625940904
43888.02274979024
45596.565561044335
51083.215923931755
49532.97263854976
54570.748982552126
56782.294865341195
52466.58364109758
Score: 9.201137451051727
Runtime: 648ms
336026.353494656
315448.55079512496
293423.91327532026
277775.9843589478
263354.85812434717
246098.81267641048
237973.80602564762
230928.54666149896
211806.3037199213
200474.07048959978
193304.31307715562
182572.4378696793
171827.5490790024
169361.86707561684
159450.53036366956
150899.95174668336
147058.47828529694
148560.77509482254
141270.33869337017
135125.88523185757
127134.44659785998
125611.82201333628
123900.35060902742
122803.4746883955
114984.33804902136
114989.93587678627
116058.84926668281
110422.8142191045
108107.14202014465
97794.87928559004
98174.7660160898
96152.01672973104
90864.04425883241
94340.38057526317
95807.31926136071
85600.03418610677
76684.5840901692
83640.96232500701
78711.00288135503
72318.39954047001
71924.42046724245
69644.17432895453
74854.62741087074
75541.43656549235
69422.34889835086
71102.6336326132
62038.56004583247
65085.61333988038
64706.94377750285
68823.8813119176
73677.22560162007
60920.18048709334
60146.361479873456
60655.39651515505
62197.73237259437
58543.25006210294
57711.07379852134
61964.364697778205
60576.986825552
60535.38131695806
59691.149030104476
62515.294919422246
61983.04707811254
70080.02328970363
63157.985011682984
61252.68978647336
Score: 9.137815036850865
Runtime: 642ms
336026.353494656
316810.38209722127
294694.3770531874
282271.30936618283
265017.7804760043
249120.59910183062
233744.74197193177
227173.52736173733
217636.59416289994
208275.23113042154
193470.0741760837
184267.29328280062
171717.55915275484
167960.82182526652
154144.3118440666
152865.01024139236
150669.80681273845
150472.2981292482
140757.95806161987
132854.88676449895
129908.70816299312
126979.40020615469
129299.4787367594
124427.58771548254
115914.4873473728
111042.65210943812
110970.09137021421
103853.73436603359
106824.35867113115
101589.73980490524
93034.2923526117
89692.66797659034
95329.46373361965
93454.31262859501
91760.5270293401
84146.19633132196
87019.22953458657
86473.99961095901
78795.94643528767
74022.0783569875
79084.93360284432
74774.11834375093
74604.10529398645
74754.1827383525
78052.86030010205
74564.30224886551
71931.86381463261
74355.9824503975
66684.0896774151
65275.54999115851
65347.7452849623
61914.90237033843
61750.885959003295
53964.99512446952
55194.122841007855
57409.17539463698
54571.403933935086
57188.56796321254
55757.42397833346
56551.53084535828
60394.76802574117
62605.649316676245
60057.00783309609
57012.41389791479
57207.32913123913
60846.981623915344
Score: 8.895857233520513
Runtime: 672ms
336026.353494656
320074.565710407
296049.12546565576
277688.6387894273
263535.30485003215
250354.2996474692
238279.91907137883
224136.97656333365
216887.02633553892
197744.5591965927
191061.57131432384
182676.9067708467
165691.33361397087
160607.8407684151
158016.51062637242
152488.6065469727
148059.2775643322
144843.86593242
140448.4775537932
133040.91760807764
132056.48868070974
127063.29506467111
119830.36271740797
123394.20404826727
111356.42896902174
110474.31446223514
111095.81216834976
111798.707257203
115044.60440346375
112919.76390522599
116239.46358186657
108002.1716747128
98030.26406759316
95003.93880489546
98567.81928225516
96591.65985475648
87651.62435179457
86087.27595118775
90367.40122141656
80021.9979601549
81693.85985627813
81285.06057327295
76821.80079257707
80176.29769872126
70454.3973499284
74673.45670089239
67673.7200941542
64082.017631983195
62847.88498151212
66510.9322311864
68911.75694022604
69987.99340976901
64688.828375680685
65104.90713798535
60945.038757077746
56584.05090332348
54898.158367666765
54993.33412738852
50667.7974909245
59564.22184038292
55041.029538850555
54590.64111844746
52545.10569546189
53028.27504203465
50403.379597837105
57171.358111924084
Score: 8.618149115128196
Runtime: 571ms
336026.353494656
320863.7954440429
303259.7405079349
287931.75549793825
268486.8267652195
258148.05406984387
241879.10916581607
228902.41252185733
217995.58202582612
208819.69232487006
198568.4642207143
191536.54642701207
184456.73269954076
172468.2288721419
165081.48105482088
153995.80087638312
150913.40759251284
145242.68181525986
142392.84077040438
138245.84438541945
133095.39979888636
131555.86332667302
127379.91194939677
120211.31166121698
119622.01341144508
122949.10623045544
117032.0348641078
113476.38458581647
111972.54799567604
106675.53414572752
100927.62149292845
103007.70423975844
92431.05288782112
97801.50725525054
92379.47589811494
89036.6120904053
89423.77992284947
89474.45654331327
84307.35955751853
81101.81358214033
79580.94707972823
82094.13468452595
75926.5142302452
74449.13121702788
75494.37495642793
75333.9886523757
67944.67212796285
65491.70527391937
66628.90368780027
62983.340666045464
63737.369404105855
61523.30026159694
60977.17387216401
56454.54469302766
52962.752687608765
54830.10343455573
56272.254721488105
52172.784567831135
50759.701250743754
45259.301615432996
46161.18162528268
44614.812760472
42808.0574655449
43772.544768616695
42174.910326728765
46488.345988155015
Score: 9.045247008890914
Runtime: 621ms
336026.353494656
321351.6029116758
300915.1341415735
279786.425587892
264107.04561283777
259403.93755714266
245787.76193184152
238662.70763586115
229888.85371579157
225566.8723609358
209495.35999963962
195804.20186897475
187090.3679474374
179534.74606634455
174690.78945362606
173260.43164038224
165614.6999889705
161534.9793654556
159999.54147283913
157110.65567657078
149803.87522328921
142852.6026456919
135459.08367305252
133395.7250511289
130645.95390069761
130741.47919464314
132528.3260644467
123458.31908060137
121973.78589664673
123682.68473357885
120756.96202791367
116116.11487604916
109103.1688750222
111690.30822633243
102696.4976298681
107996.13297026088
102287.43268249405
97095.67627663187
90411.55838718684
94950.40130200579
91522.9519148252
89202.94759299712
87113.42740539573
89698.30692792758
88615.05590723979
85793.27125458985
94830.41441082032
87351.48758160451
85681.21287162343
79616.62391678557
77845.83893050627
66181.75526841458
66242.93122753732
65246.39539711274
64601.08751994177
68738.66689956104
69679.67533673893
73683.37838398198
70946.88729814522
77236.50565782934
71971.812421849
72345.2466578257
71880.3670264043
69462.67421461862
70076.70791320485
65471.90703022682
Score: 8.953504231751733
Runtime: 714ms
336026.353494656
313840.2641822286
294546.59746953245
280239.47930844314
259347.59710056012
253650.9935776719
248875.28616214808
234748.1287619926
226643.57231258682
219722.89418681565
208240.74125965024
203417.2832725537
197086.31475094074
190267.44456680628
178724.95389657732
178295.88615857973
171638.07173792378
167121.961211056
160754.47255181006
156603.62587214558
152726.762221492
156916.42185450284
147995.06641914617
138339.39351479287
136561.14690929852
137203.75812920622
129642.52641733023
128633.4176734524
124193.17998876139
129005.39247739417
128327.98811290615
122328.0464366643
118633.06091595795
120257.03206007047
115472.54497492833
107591.0829463696
104815.2604222405
99863.35492478023
99854.04185432477
97021.4743932185
100837.76731918268
99027.04623814629
96337.54554804946
98072.19433193794
92307.76339451356
87900.5852652531
87417.7009118259
97060.31604337027
96371.05314025602
92547.9392524591
97206.92762786383
92350.71971542983
89064.31064396356
80768.0941288724
74907.72776189187
85390.72006976382
80756.11578498478
76409.49074962246
78297.83605784197
74646.41592999957
81876.19538701426
77387.84310676639
72780.0392097449
74592.24932221696
72409.50299866672
67857.39856889623
Score: 8.932078857315476
Runtime: 661ms
336026.353494656
316546.7448237759
298108.5451699397
277563.98300011986
259541.03637193525
245921.91605578174
231067.46993615455
217701.19149136133
207902.46642292966
201905.27596887914
188745.87525923632
183467.22991936092
173366.45741961314
166351.45913886966
156075.1777405138
150064.56207725298
149322.34778103937
142141.92452618794
134130.36478536384
134199.1717928501
131205.72164183456
129901.35867312463
124132.51663694985
124038.84547634245
116689.78762605574
119486.26236334012
115229.69701261472
112025.80782134259
108662.43307720034
105865.4578328609
105460.60878315759
107966.34730171265
108347.70934061012
102273.51759405706
103832.8364283303
102200.51513578629
95340.16471043658
93851.8674168647
92945.37919181476
89943.69299112743
88780.85728805649
86760.8241113177
84165.84020468302
79826.0097507774
78596.8105978112
80916.23097226545
83645.12434468894
81562.88868143082
77215.66313812045
75606.45837787067
76137.55366545575
76996.26754261933
71840.8493702172
76832.53756676339
74965.27142018921
68958.61024254061
71564.49153319758
68640.14927069891
74833.73426837845
78450.51631685931
77492.86449852085
66678.95933264312
64582.79623376618
65677.38435033963
57363.93147900393
55516.405660218305
Score: 8.508269860458359
Runtime: 675ms
336026.353494656
322625.5727762087
305593.52367213357
287738.5413002026
274615.49283957935
260918.48806877143
249114.21683741038
239960.6307891116
228990.25112512533
217963.18986357164
210132.68469779938
200406.75133913115
196291.89221523632
187953.0125654659
178153.38294945707
169594.61579077557
166927.46114177897
162226.27587227538
149340.31354742267
152015.58425507596
152429.0138108758
141956.902407433
139149.2376272444
136791.58285077583
133348.28025808473
127041.24369747975
132043.4531985926
129225.76107795682
125865.46292981289
121284.87686793027
117654.48855944678
120411.3349942188
121880.39070775882
115279.62103986721
110286.73865342868
109079.14508846053
102551.31655126925
100877.29491521689
100743.12586328678
96027.04968937428
90417.89930492987
95082.92047412912
91480.17992675494
85171.51826855658
84070.63777137059
83434.96955691716
75950.13494644841
75259.75959721132
73275.44863689209
69335.59910505968
67177.81335132761
72688.74264040876
66534.10545445496
66017.2767376698
64282.93730050639
70205.36536610739
62206.266983382775
68355.75362309965
71011.77031124971
64175.02266393977
63929.50993035989
63723.60760227234
60373.35934066167
57885.40095602607
60947.80773682559
57984.89170167818
Score: 8.274260061559689
Runtime: 613ms
336026.353494656
312803.08969306364
294835.2072064728
281140.4343863282
269770.75307537604
259488.9416095121
251315.7373437335
241721.60071996495
226712.33206061833
219643.59964730617
206578.06597267068
206964.91457497058
194873.52319908317
188345.8222422365
177820.77004900615
167753.67565268467
165385.79259104125
159405.27649315758
150817.36476854794
146486.38570025493
145091.68505761196
134842.9461305879
132392.92497868085
125618.87726259162
127199.33293376061
128941.09596661369
128170.06960983423
116283.67471207293
119559.26646127003
111819.33267301922
106049.67626393454
102926.45393600818
104617.9649798131
116063.78805021291
106375.44979674302
105518.48361755154
104154.34138198671
100659.08355455159
97121.91238664743
88124.7315456435
86268.95355068673
83343.2945277498
76515.94979108585
76349.2265430302
78024.8884836408
77379.93761858641
71962.79130822285
72780.54649215656
71751.2981639814
71658.50270957049
66471.27280258852
66680.03396033322
68620.01591580627
60142.68237010543
60460.39523050605
58738.162970518526
54406.296109319774
54340.19978667416
56052.20790938122
55393.305381551676
57039.48051601403
51259.37537607161
50445.67642016689
53100.72191807888
49941.43104710327
45540.14279485365
Score: 8.82023883597107
Runtime: 592ms
336026.353494656
317159.02337581647
290581.3076119779
272280.24369980715
256558.64933567913
232573.654360761
220195.49498377193
210317.8200142578
203610.59994948393
194366.7435346658
191533.78014794018
176255.89010357225
170475.35337440093
162697.26750205472
153558.35647406615
150484.10276239697
142161.3956532357
136974.4681353441
137724.55078740395
134155.8835920842
131424.43206767747
131703.774556213
130701.25358360187
127303.76692347857
124328.07566722605
124813.37774812983
122428.13059358891
112530.49221376417
108453.70138578347
108841.54623020047
110792.22661275741
106522.25712227041
101836.76119611006
95120.90808696725
94617.88229136598
95976.86728936015
91506.94634893298
86273.01303349927
87374.65010000941
91430.82230488349
92090.05573457883
89882.20800803056
86052.66130281502
86492.5936045116
88223.92195475764
88733.22995725852
86338.92554923873
87039.32968411445
80693.67085101122
79946.20131885403
82034.36937318531
76126.58061317605
75465.96076925354
69094.60424815086
68634.49004797345
68834.87746549935
69765.96883648398
72492.19524653179
70940.78529979155
76233.79465643017
70783.84800009869
72158.94421440632
65633.14637703917
64487.152330649056
62889.02089359098
62107.67760154764
Score: 8.229170449778692
Runtime: 614ms
336026.353494656
319783.48280700453
303194.5609661231
284613.14702499995
263184.27939924056
250266.950675894
235388.1528844889
229165.7772081237
218180.05008006134
214150.01013021407
198023.07371345168
186201.19183351172
176150.1270000033
169541.87232980772
161783.15828569603
160717.6403495121
151706.23802104976
147292.27738881687
139083.90006214712
137959.67822961166
129619.16196650572
122521.31817013334
123872.06523330546
121944.9196393917
121262.68868762306
117100.64705914687
113204.52268146287
110068.32072257684
107879.72163784043
98554.56970007445
103685.37047599969
101122.73122422151
99139.44795307599
103270.16220686365
97772.40114515807
90761.54171866098
87958.41106286706
89283.3479462417
89285.23724386521
81823.86785401257
84170.64766590438
83088.0409159519
85948.36522049147
81492.71387414107
78629.04974641907
72081.21276469834
75739.88635143534
69581.55588027419
72893.29413887938
73492.2478653999
64952.24425749346
60045.54486906675
64022.2349334107
58254.21302763506
62843.398306732706
60277.42157652199
55099.69456816227
56937.61665101662
52592.86015365458
54472.770884577236
57520.89788197493
61282.04461353949
62260.88713397928
52052.386104027144
49606.2491463536
52129.49014928032
Score: 8.987875639391527
Runtime: 612ms
