336026.353494656
316819.0621943321
290500.2089368609
271641.0405863696
243604.60877538667
232982.05628382694
216802.7198819243
202625.61039121877
194585.3812921761
180487.03845093475
173526.98701398014
163727.16197137776
157685.19459284676
154224.68275018016
145837.4562791596
135349.52166019854
131596.35824697322
121711.29522220226
113795.81725674779
109486.43661615299
102692.87174315593
98575.90378854648
94999.65145861985
90801.72364158696
87904.38136856478
81795.24732607903
77928.71862213088
72451.38824227138
70535.92970289341
68246.11625979099
65065.45708348155
63978.96636068429
61652.38188366851
61232.60523365777
59878.937112092564
58423.78680580086
56206.98977053558
53940.355174812474
51645.80457661659
50371.91561711502
48524.74651210489
48375.97991529896
45513.828398555015
43303.981937266864
41669.73247115977
40869.953613448284
39225.609170551026
39297.74611328649
36772.61381479264
35949.99171510522
35691.38192967204
35140.90549028568
34623.09746473735
32982.90550255453
32797.95122690081
32145.58582142399
30632.6372102042
31019.876595949012
31270.400088805585
32084.064054474013
31511.903813459165
31851.169637245854
28861.274762111192
28990.789400866248
28894.25725695458
28533.858230412377
Score: 9.197456631616994
Runtime: 643ms
336026.353494656
323177.8071052505
303507.13982941874
281204.37097001413
263959.74009686214
247645.64414023678
232902.74074028552
218032.32488334164
205100.45655152434
191715.12138209646
178998.43072917123
169823.97344578363
159107.23347913782
157697.8767209938
154556.15954646352
140694.9414637484
131959.89423053738
126070.64750943275
114892.43103526128
113282.43599836051
105649.38893615696
103619.11372549766
95375.17551961297
90121.535735999
84434.44426535316
81080.30178196763
78548.94793737178
75711.66171063224
73759.47332431722
68516.48039965636
66490.42468931666
63920.83864857548
62460.90122537623
58195.86512864212
57032.37988264361
55248.147382103874
54037.079794938894
53856.7784642176
53022.24061259193
50829.05636960468
48050.06636301434
45796.86142344787
44842.34990406239
44388.979376839336
42612.53297316434
40685.80997235831
40612.13790068129
40674.89583202971
39428.100638415424
36628.15943593508
35360.532444954515
35139.65725906241
35936.09263777991
36100.97149678911
36962.06501605217
36287.14381287951
35960.1867670931
35921.02158704208
34134.39069318377
33620.957092733785
33537.578289372264
33562.552786163455
34022.210873033684
33328.75548776208
33318.505628933235
32517.874206528773
Score: 9.223425546960213
Runtime: 591ms
336026.353494656
319820.57362974394
294959.83973122126
271358.1178384748
258978.4064644179
248424.06527960245
239251.27493629666
225481.02426598495
208064.7721688779
193488.51968462893
177355.5903159773
166168.38875531894
156675.08944831556
150332.09547792142
140305.89194197
129502.74151953722
127614.75609463852
123919.91787520377
118266.36038688695
110253.79977384383
103851.85593203953
101903.72895630269
100585.80451097472
98670.02854100347
95163.52647333866
91285.79432244357
86252.7723309021
84713.33705524688
83168.77439448013
79752.11257428485
77069.77542367857
71838.94092252545
69721.64581197269
65120.90196249196
61325.495990991236
61594.33674111943
57482.28988071102
57533.189623205704
56758.603221161335
54916.7521406347
54482.4571975725
52160.68189724363
47585.95576670236
45513.473820919426
44506.59522080554
44279.96138900127
45171.59402803037
45559.83021981981
44338.70998454744
43362.254400519705
41397.325653329615
40057.3912288003
40372.097890998986
41058.82922266729
38669.775098816666
37198.3823361714
35367.20876048867
36236.64799002241
36031.70158443132
34406.40337071525
34780.58204711846
35002.21767844244
33522.11645606773
34040.42538458622
34845.87656828581
33633.477722834665
Score: 9.236119225151793
Runtime: 592ms
336026.353494656
315869.6820360321
301018.89318423864
279286.3591279108
261905.71353215433
243008.54603787887
236431.26132352796
230062.60709653626
223314.24964198444
209767.26631143884
203971.6033216686
195435.7939542691
184115.93379296624
167979.58927090172
157593.93154131036
148309.34470716145
142737.63681094738
135584.80555139724
127764.43754990486
123227.10401154905
115911.45197771875
109471.60609402598
107953.9101888359
103151.85646493651
102022.77298757629
98068.37092418788
93422.85364081131
91435.79810431293
89622.5867424882
87043.96965894947
84601.79105594289
81949.31587129035
78254.5905367775
74557.2123593356
70511.61216132484
68159.30787408254
64622.3401996409
63531.549692660694
63191.58909710922
62597.698726814044
60286.341025869704
60801.274403545896
58063.187633918504
57419.360792308136
57095.94893707234
56345.64421284652
55809.90197429012
54137.945540111046
53375.26386090111
50825.33771643377
50171.25682715327
48989.693442952936
49407.4145944161
48030.281701490756
47525.45861172909
47568.01925799726
46310.57126399138
44923.546066785246
46078.3898908145
42053.5220528453
42013.15867037338
39624.50178760108
37986.12498061422
37315.881478701034
34900.668743985494
33993.58494316058
Score: 9.000859560684194
Runtime: 616ms
336026.353494656
316032.70317653683
301032.872607901
281459.1667129568
258274.64911746772
243668.26305510785
217341.52542817235
199764.41166777673
180585.68093770876
171392.19454556363
160375.09700949152
148708.69255227398
141594.05083685633
136402.16192090858
131131.98823475622
119377.23423846628
112158.77026035602
110942.50370517599
104216.12042988732
97444.16257610344
96258.05321854189
90720.4582650731
85833.79400521856
80245.27812034564
78228.1311918258
74879.76252660132
69693.24525013058
68476.43587042007
67284.58196545082
60009.034208072895
57095.97427244823
54123.48619474682
51739.76015105422
50243.73074098082
47549.09990107384
45004.25351934003
44348.72405428653
43349.24165961662
41949.179970143894
41105.84109806671
39179.1216985457
37820.838304247685
39036.25170688149
39385.225181083035
37871.84595261255
37627.799695771624
36778.06285831314
36211.15914407434
35100.28187381819
34626.515888832524
33329.674234302176
33362.34195312312
33661.185652397544
33244.677021425545
33719.60988425209
32506.78541528087
32250.538542153383
32700.038807289937
31715.171615307805
30953.196601748856
30135.791469216085
29602.795965133428
28746.901413006995
28886.082213318758
28006.278073443882
28573.261226581446
Score: 9.617349448727182
Runtime: 668ms
336026.353494656
321491.05035028973
297124.83525788545
283352.27628046443
262784.8944691862
245584.1874779496
228838.877127852
210958.16167542987
189638.75113833213
174052.8687105938
168427.17335399424
160606.98871888957
157306.16931376103
148036.81425589172
136558.53507587835
129635.61879725514
124612.59131296593
113961.73900068073
107323.58273689999
100427.21740063369
98835.50066818397
96634.5916954255
91979.82569775045
85073.63152149439
83552.41672147188
81363.65226120602
80710.8603104133
78856.35070373896
75142.44595926008
73571.30624741843
73115.2836652365
70974.10969392481
66812.46009419643
64275.22682251079
62581.04861100179
61741.60085629764
59322.120773718845
54416.08218860385
53389.58774392882
51475.05386857542
49441.06684568863
46326.88489187127
44957.31346499864
45165.606635655415
44244.097240498035
44160.05025928585
44029.70383993195
43046.927486114095
42593.10747012965
41054.7314687071
38608.07485987758
37564.00259714439
37491.988725073694
37247.212077076874
37037.74288034902
37230.18001335047
36988.469860632125
35552.27772043087
34684.13459984008
36199.31347844051
34720.38020204406
34472.62542851042
34067.14785341328
34093.41739867451
34500.76385744394
34032.51926250933
Score: 9.358931975849316
Runtime: 620ms
336026.353494656
322845.5421248469
298469.34964470234
279407.0608707485
267556.882231817
258968.6730291772
240119.17223600153
231804.69840331122
216937.19935500645
192609.34546832988
175741.19626454788
168031.6963668156
158071.38821631824
147416.9989743645
143899.4569757297
140518.0682501009
137273.97684054132
131551.19587721687
122015.70360371203
118118.71731849614
116586.852952128
105490.08050924937
102169.10109490693
100739.40548905345
93616.1343590428
88884.06625095147
87309.81397639067
83424.99912092266
79453.32715429238
76829.39476027447
73390.19750112874
72140.14091693239
69185.0489450515
67193.23534524778
62111.13630613128
58888.89717240332
55599.64046615113
52431.7173968855
52013.36108681746
50318.95079048372
47994.99248825755
46583.79762279336
46591.31590817692
47166.02584496245
45287.162089028854
45484.32478374321
43471.13383055539
41309.12076047425
41346.238056348724
40199.52584559121
39881.216864684
38270.85394386535
36258.477686161874
34530.619750573576
34364.6968338627
34368.950834329866
32646.891036136014
32524.056613554065
30364.935471101442
29706.471957129026
28107.512781911184
28759.60501574867
28005.472894893435
27812.46612537343
26709.35520914223
27002.619017017347
Score: 9.26128547288066
Runtime: 599ms
336026.353494656
316930.91282300616
297371.62974292086
276864.06112434185
265005.0856556748
251905.7788919918
237048.3053307129
229555.2837221305
213759.8664377971
205394.61311818255
192134.91607667366
177979.1425384538
167160.4002154628
155585.42563659934
144777.66597289458
133351.91087563
121223.53599525291
115002.31565320959
110273.63991405425
105460.11109674079
100942.31801366872
102937.88913048116
96954.01175586747
91575.50112326315
86576.72320636713
82198.6041508076
77549.33780978459
73000.53712394714
69395.1392631544
67181.76642138517
65410.04974181932
61106.180026856586
60263.06804784587
58967.32106003511
57608.47628481868
54442.08147261525
53361.472862549184
51866.170015028496
52777.1662928623
51419.426509582794
52178.23292834106
49751.11440938653
47134.18199630336
46960.71333016868
44723.16578676935
42265.03152145995
41247.97297540022
39608.29937458257
39817.48787826072
39989.316861945525
39045.89312695833
38394.06441212058
37576.583386427454
37579.00686797896
36209.1886014099
35475.32508622572
34908.85536434268
34955.23767602178
36045.971916464354
35200.944485928136
34900.50553877162
34797.57120707916
33699.21625024808
33383.05510467297
33244.061866719356
34286.6962982076
Score: 8.891957558692033
Runtime: 588ms
336026.353494656
318643.479121918
303351.2987062115
284305.1305751099
269444.7292058644
248636.2123746582
228633.93125157212
213676.18521064767
197418.86178477752
184859.6247616122
174706.89484034028
166972.37582139712
156945.32196030158
151735.35696092516
138358.7420966363
129336.98322251746
120821.4791890294
111640.91527453512
105571.65507697301
95479.63385635562
94376.60489627019
89244.09637563933
84510.09662340592
82664.10729369747
81737.69449018377
77695.72787137565
71420.71352388078
67925.3661416109
66963.57862158076
65122.22622332785
64897.88552201503
61677.619248942894
57980.41510700753
58138.817444841305
57106.111749979216
52546.59304978012
49662.68799915575
48262.156915656706
45821.385280249815
44890.665405754364
42525.47958245427
41746.39577217079
40543.71475246715
38728.26027110765
38278.860694036404
38418.090674756655
37669.187300302845
36132.56042074984
35526.87972282035
34664.04763951149
35887.61388575601
34803.44575874203
35457.26409027404
34130.28888461005
35047.766049896854
34472.75791340535
33297.95852236547
31574.268106626092
31715.8380990424
29841.663589441505
30780.750971428566
31245.978361000598
31328.25201542377
32494.228136043184
32492.678147050763
32008.89695111138
Score: 9.367989668726748
Runtime: 654ms
336026.353494656
314366.2540892385
300439.41852598183
286280.0730310855
273726.01106223214
255234.22522099424
247386.62176788
236729.5348272522
222117.0524021488
207396.11707059073
196233.4230272132
187235.43322375463
182761.03963032292
172110.85295633206
158991.76966538565
154314.4662477654
141692.19620029494
135920.09681322705
131040.0989635967
122386.90195092773
118132.43143578143
100270.77251318045
94834.6198053544
92149.3002122278
85225.93377976956
87315.17674607279
82842.25873692927
82484.6269620473
79954.24388530837
79020.31873854526
75223.71373783365
71560.45292301047
69053.15871946297
66872.44878549349
65716.82199534662
64195.2021845894
62727.45215720435
60972.8838139066
59116.46070998637
57138.86973758989
53087.074795705164
49444.293363633355
47658.579226779075
46944.88741460793
47111.217997722924
46419.23406523455
44997.45447766543
44058.419933445126
44087.51951100466
43726.33139780439
44338.25292917434
43031.242218190186
40012.73331454981
39907.22821986938
37565.87244276812
37128.44892488435
36737.96162078669
36794.39790609289
36172.98709771146
34737.35950600253
33713.17592561159
32302.760377560484
33362.57740068942
32780.35255427708
31194.37414209717
30356.57913997509
Score: 9.304074200460517
Runtime: 641ms
336026.353494656
319829.5080580796
297011.45273797406
274849.7297659191
254210.65702371835
239402.47128391959
228001.70289227282
210595.86936812577
196311.10588156414
191557.82837115342
179453.04945297918
170856.0496411443
161404.644393517
159901.3881211167
156992.76286514712
147748.15418406797
137606.8803772941
131675.90847287863
121415.58470620029
115209.91186922528
110781.36994954235
107056.6318936727
102792.8048213707
98132.21978011711
96629.69048502519
86385.38067791956
83944.72422625095
80961.66970087696
79712.42712268306
77366.38498771489
72915.19819682415
69584.43731061278
66493.0556551396
62223.272064229655
58776.0928766949
56401.7253483598
54584.477702039636
52152.410755302146
50522.19701755431
49405.742077352756
48637.84398854118
46556.331689724015
43769.53795216931
44053.240201563756
41732.706166804994
41091.84638944632
40442.86656413921
38513.660113533515
37553.72031678752
36834.24960715752
38050.53861666288
37759.325099334725
37640.71001733818
37077.68953464506
35628.14477645177
35724.88082187529
36534.60290608385
35199.98178839151
34517.454021974336
34487.608455471316
35051.80639221243
34031.353072807564
33103.160431947654
33667.45421723261
34457.744471849735
32452.293314446943
Score: 9.789544856764493
Runtime: 604ms
336026.353494656
314896.5652115148
293987.3179240071
276980.2694817814
263737.1253136758
242180.03109393513
227216.24078404278
208826.45624915845
202539.69635060919
187443.37451047555
176975.95213946103
169731.8153360173
160564.01009767407
154405.12716975747
147045.38220842948
142022.63523027915
135040.2471312328
123733.16377509623
115298.1407912678
111050.88149341317
108013.25010088418
104250.40473001395
101539.88046716404
96527.89652136403
89550.48043247103
83285.16912862517
79772.4305147856
76659.76129174205
73860.258927092
68049.04212880897
63414.98148351412
60863.57397532166
57903.93680250922
55183.536275646824
53295.53091431718
52066.33632108912
50326.74055811232
50582.6377179793
49495.84198084003
47841.83592451261
46120.24778678422
46192.36422120114
47472.5872654272
46084.11812848162
44676.78802468938
42734.38944904997
42114.452624680736
43086.8110446984
39812.0629230582
37467.34221004564
37207.805276681764
36211.85499010143
35816.66917804303
35676.879111533606
36411.44534358096
35554.42860231985
34559.64623043257
34932.692077550266
34983.54298618167
36595.56787943841
35054.08323911582
34821.54258927043
32928.9777228745
32419.22904139799
31870.523605048355
29761.425175110497
Score: 9.350130475757718
Runtime: 626ms
336026.353494656
320040.1320745178
305376.09252482705
290926.08216373
267442.31959703757
255993.80157243568
235270.39962556725
220966.44998052972
205402.43912910245
189614.0766680812
177031.98146449027
163976.12489753266
154832.62683242318
144914.02699208152
129713.27842844972
121381.11884084696
114811.92347349213
108532.61359713385
100236.2228332815
97712.99650327163
90851.47938376096
85893.72330617772
81419.74684355251
76613.0792721618
73351.95086939167
69884.43783988156
67171.3197904379
62212.75289982616
60843.23876585296
58454.37026231753
57405.796915292434
55623.36712637357
53762.00251004805
50535.12891762772
50300.92857662247
47623.047650880486
46101.42324132681
46212.558392134706
43242.72669895857
43537.16613864165
41323.0012678351
40366.27598074365
38679.48045783302
37835.75185525165
36782.767792207924
36198.33300679765
35000.303716543334
33762.33572670908
32829.057043555586
31932.801184137632
31549.636644886214
30987.304075623564
30223.71245707339
30119.076087494865
29335.932165593164
29258.976310753344
28563.836518505603
28482.890035250795
29199.12542958155
28486.13646361711
28239.01513226553
29480.14863400508
29845.867161340902
29609.41185971091
29810.685038213785
28585.275703660798
Score: 9.498458182430083
Runtime: 681ms
336026.353494656
316018.1507954789
296203.2726058467
291026.47001070523
266260.94344779354
248922.18223796386
239630.53776269912
228648.7288922268
219134.21030856983
209851.16932428264
195916.9401100137
187650.963526405
179202.2554008488
171918.23081607374
158672.85080712545
148376.54167700888
141147.06881383536
139319.75148402117
128803.1882798672
121624.15576329094
115153.00590139335
107080.69198672044
103495.25111847185
99402.03105838645
90412.11994434048
87696.64044218414
85262.53069939524
81307.91494200593
79075.41956738329
75318.17239963314
71340.86196211443
65584.11795183993
62033.7816622203
56849.089937213845
56162.71509403027
53967.64894204909
52351.14298070798
51876.361088985854
50010.85581093829
47525.68156872734
44869.31271327768
42817.443493678635
41576.8613431709
39625.529843795375
38658.080207787585
39065.16519153092
37895.135113969576
37192.81679334075
35927.588298976865
36487.4885235294
36697.53301481157
35888.00024443456
35388.50361444934
33980.44277406816
33504.289548466666
34347.336125768335
34173.28689830486
33449.29483436826
32928.7080514275
33210.99055325863
31865.09753992536
32209.49510285423
31267.459059960347
31867.745897286546
33007.09938540599
32640.414009639302
Score: 9.083983687962512
Runtime: 607ms
336026.353494656
315548.4021822952
293339.9606683491
269955.0979254661
248417.27055688252
238363.83688023777
226329.2750740268
210845.3055434303
193083.32430207712
184656.79102788132
173344.32579960584
159688.95098204326
150101.8666054335
146651.26026389434
137719.22729239296
130328.39394930493
126792.37526231972
121978.29186699916
118757.53475882161
115371.0289730674
109564.61215059827
101908.30407818894
95271.16854634277
91529.1422606809
84670.27198128725
79019.55509890565
76393.18243277766
72511.73463819748
70457.8831054331
64911.756646085676
63841.64632760156
59889.32618216031
57552.42076720374
56964.29602092222
56316.45326600978
55873.50350889488
52407.96736028029
51275.49132767707
47497.73318758831
47223.90647108952
45043.15305987295
44119.454811157164
43615.78137185944
42637.21917330969
41610.42888141382
40649.77122845579
38762.84029246951
38472.192722140644
38118.96342866273
38666.530978242634
38386.46724797093
37266.376073793464
35861.018604076555
37345.35917742787
36880.566115206486
37621.58929041556
39051.60952271597
37581.356676745614
36204.73935104852
36078.432636827354
35143.05277762481
34218.48402955319
34480.205478339165
32894.514257551884
32796.271319550935
32662.503686227603
Score: 9.118238815621678
Runtime: 589ms
336026.353494656
315300.14041760284
299689.1033724667
281160.0526592596
270863.7646645795
251057.85970435644
238718.51746896957
219703.11793330463
207122.5251027344
188075.3174618811
172310.20443835072
164257.21061937304
157672.2742855493
150320.3841339427
149285.52492186686
140188.79832770917
130795.97609732031
123893.81678347426
119837.66720270166
111967.08560708143
100897.94579668036
91215.18105459942
88990.4401678552
86668.42262632686
80285.94921321352
74007.5251091916
72376.86875129283
68209.03017083016
65546.07341530701
59260.02168699614
56896.151470182325
54675.10508405934
51523.8278121333
51428.15216452728
49811.76304649885
47995.896956759476
46699.43763733603
46388.905052462156
44711.592861601624
43351.27054757874
41840.97258469588
41322.21596622104
41558.97488200247
41406.73099706281
40298.522262185594
38950.355163214925
37576.50871318921
37240.32660494208
35961.1457947489
34760.41431193393
33796.70482313742
34429.3960075352
34150.80435458443
33941.579938440234
34073.1076084534
34477.795123563286
32833.192982336994
31542.922323230887
31564.615125085216
30681.650244893048
28934.951126889253
28590.427839751774
28298.167791652722
27680.639269590727
28045.937439558635
28573.595447940334
Score: 9.547763394699174
Runtime: 608ms
336026.353494656
321077.4598060381
301346.2353753681
273095.51103716093
254353.81975662158
241158.64501396383
223688.01292076704
209481.87933150076
201875.15416582592
189541.09089838222
176293.6835498475
170489.11517779474
165874.5980046773
161922.9625072505
153036.48542916562
146383.85097408926
139075.1752825137
129743.98176089334
125659.04407602186
118373.69795067742
113841.51472011817
109468.7310397938
103994.59343641755
96511.89192877334
89744.14894223891
86729.14533949023
84389.55425829354
79040.3800870958
76915.95388377512
72077.26749324956
66914.57621122475
62356.948702728514
60677.37832889472
59493.26783370495
57620.95221120766
58298.42083835046
54671.32374193381
52884.94939301083
52843.22983547726
48427.06795749464
46238.823354388325
46894.412195242665
46750.0617247048
45287.75707633081
43988.18592180675
41834.736353705404
40964.110048704715
40624.65587965558
38956.98205192059
38797.096295744916
38813.42580211068
38137.927001159784
37106.67949438744
36743.3648385225
36368.95262083084
35924.66331851283
36616.06319070481
36717.10207395626
36524.718817749184
36050.00028214975
35820.730072982136
33979.20310640776
33914.718664973945
32943.13319670835
33062.25399665692
32818.42691486489
Score: 9.74836760226271
Runtime: 649ms
336026.353494656
314302.4985926507
290968.5634058518
264649.5914617969
253851.6826056248
236261.9758154848
224562.86756947587
211516.91256536837
197751.137624391
181156.61582440644
170747.3162904963
164114.97869963053
149988.72170880582
146078.84615226256
142806.0929780701
138498.099995801
134683.8043190399
129280.55099067593
124180.02773260341
123253.55517141325
114636.46292690819
107998.38559984895
103996.99518593305
101938.80764222758
97944.74652047655
92264.77536239989
86089.60451557142
79875.67367877172
74064.50973754027
71152.0042174917
68117.54037529431
65993.92960614395
64928.61533963336
61941.26083950152
56601.40970346153
54969.19993397304
54823.07837418085
51759.037996718725
51788.26848121961
48371.981346495966
45723.4230591164
43158.10564006992
40482.360285217226
40721.36831649761
40065.62160222588
39432.91085366306
39174.340319748924
37727.11207721247
37847.61571242296
38151.67675897285
35515.897822718856
34317.38986934668
33848.234074006126
33221.87560562684
32210.144917299694
32478.9158323905
32105.985063539065
32246.425947051477
32185.539891903838
31730.281381406105
32375.836481515067
31575.37765294248
30764.973022518952
31428.067360293386
30984.280400104497
30876.558998325436
Score: 9.290193976674399
Runtime: 602ms
336026.353494656
315157.7966045962
292959.2949863874
274216.60552298167
258555.3396905972
239583.35096581493
228865.78221664534
220479.85467148916
203511.16591781136
189791.02908459282
177751.6928072724
173575.14884633996
162608.25240609646
154742.36661549011
143496.3009573248
137418.8783219572
132633.0040013361
125240.55645563992
120576.40722008287
113603.61144526619
108956.36040603316
105524.21248726302
98560.18907140187
92543.69433859222
92474.20537393387
91317.24153107869
85981.66878307059
82462.47032041944
80542.20932705692
78015.1169844019
77335.07086640298
73823.85441540822
72320.94701596814
71186.29651840254
68140.7012477095
62629.19499179068
60736.12531163531
59331.80420032457
58081.9758072225
52316.93614003605
48879.68580203663
46747.45582116252
45350.13030774867
43742.61839053969
43543.987793452405
43616.62903275071
43248.20085841811
41986.60681412116
40041.83302606908
40462.04544734864
38377.05597247644
38487.989878933506
37442.70386009109
37088.52588173282
36411.070127869694
34139.77683882908
34552.02365552173
33089.612235971916
32369.38521515682
32400.33621538619
32919.084931858706
33427.50688526288
33021.57378778561
33716.70566287821
31940.084188288445
31938.185959810013
Score: 9.025947030793201
Runtime: 589ms
336026.353494656
318783.6329025488
297789.1268170713
281414.0446454333
262708.88221810857
242945.00529283087
229883.30400617362
207658.2780568015
186813.53152087526
177988.74508296914
166913.07505681913
163625.28427840152
153584.32810469353
148767.79145980367
135524.23091096565
128113.15435606203
118051.52570168431
112843.472597264
110711.78236531744
106611.91786702385
103088.49444143985
97568.34643365274
91402.95752102042
86693.56203978091
82034.51363236927
76821.59672670123
73044.52777102051
71817.41203072002
68801.29515320554
66711.27055172034
61347.776679641574
62014.927249974215
60241.651125198034
57903.39203344808
55601.26055560173
53685.78938892338
52156.23760545051
51781.524743032875
48438.32986173836
48650.12111241739
48259.497968852884
45928.69028064661
46414.48201255604
45538.21738623461
43812.117472188285
41910.32645808298
42429.70756977181
41758.2856920846
40567.36546177115
38973.76860882208
37809.017730683365
36613.33746687491
35634.540425959734
34244.6708601599
33535.37010396613
33677.22657870429
33742.776615525276
33220.72339655776
32977.43129958206
32268.643464528403
31356.442473278297
31950.69320939488
32121.90335014557
31937.820208089164
32110.987911106575
30663.74599915417
Score: 9.510414565749649
Runtime: 607ms
336026.353494656
315692.1819476725
294243.8913685478
267465.91206219606
249783.6314060486
237064.3046290711
230108.18611995952
218087.95444073633
206921.40931613476
191003.7209419691
181633.37445871186
169776.14278481
161686.1043523732
153024.04099732067
146929.62062165345
140495.41289343633
134975.81954606765
128229.41008060801
119885.3324373468
108918.9732475943
103279.95238440142
96928.94103954242
92987.79001122125
90314.87539489268
88519.46484621495
83774.47567429369
80577.81256236094
75071.28036274899
70303.10677129828
67680.50351259284
65762.22269156719
64154.98589724265
60923.7937275651
58803.81749584248
56931.77199003261
52918.40924290493
50586.189884660154
49799.51593783752
47587.35761034758
46584.712923488
44871.294126825785
43255.407301967636
43561.29577442676
42092.11081512115
40120.61018621146
37345.638765792566
36175.86313958633
35375.74717590407
35104.521399469704
34830.12766796635
35228.34537955263
35448.82518373586
32913.92915014868
31997.789742744186
32429.54760805108
31963.98134657086
31352.36130491512
30050.961324596872
30659.93281267432
29223.351430716986
29832.393207688794
29055.868854937813
28846.26540450955
29289.201630743803
29307.656317914076
28818.678668066994
Score: 9.181568890216909
Runtime: 648ms
336026.353494656
316306.89553800813
302234.6639071934
282647.59661477717
262622.07656823297
243024.57170148275
231363.7490548337
220385.18069101704
208774.21223636335
193555.51599012618
180571.41345986855
172457.09398217857
162293.1511862004
151155.6372609587
144396.97013061555
138854.02140790343
128312.16385237474
122303.3225194927
114027.36358082923
109670.16269942062
105824.31459348752
104263.0544761538
102662.15102995058
96443.72421042125
90958.84227837833
87944.90057275815
83659.5880481817
76545.99882915706
74301.81089257887
70031.0666913131
66639.68546103888
65141.86034560502
64865.07790355269
62092.74044672732
60350.96421870695
58731.40494437921
55521.88099583512
55067.706642383695
54302.40875398948
50215.56361414108
48436.9744711433
47299.66912283252
46254.63418735058
44537.10718857663
43572.75709070641
41882.94556370759
39541.34356740041
38839.02862718313
37728.97274004364
37800.736000318124
37479.975609685884
35911.41011944783
35092.91170754816
34000.20636734846
33951.74907987939
34651.35869527618
33824.21342250811
32485.87418117421
31930.353399610012
31444.95735038659
32028.338857208837
31475.51052073558
30444.544198507654
30877.22261812418
30903.11331591104
31771.392714887592
Score: 9.523355957386721
Runtime: 601ms
336026.353494656
313021.49709242134
291396.9458531236
269062.98910359695
251124.32555764564
239187.65376598982
225164.45406671724
215873.4439783629
200163.36269149624
184507.08667278878
171856.25391834872
162180.68563499398
147363.74945992895
142900.69221187025
135535.37635566058
132954.07045785495
124386.50686600448
115763.04926447837
110806.20503603951
106919.49141197029
101223.38988605779
97203.44415577217
92809.78958251733
89070.63525066664
83781.71705836874
79387.64437492909
73880.11382892707
70419.37998487106
67644.72755022647
64335.37141795713
61314.08034597105
58912.173941086214
56479.09195508322
54734.7810942851
53570.21929247547
51722.68737409236
49759.35507718698
49845.96138358013
47293.76579759666
46286.33808928026
43024.09389267366
40619.864816078225
40096.366417023084
39369.322802042334
37389.33251808655
36492.26578416415
35984.58378059702
34948.727491650076
35889.2243824305
35535.955282969844
35237.20704267682
34389.5932941806
33885.70704765039
34671.00768948075
34417.047135028086
32110.693141544867
30553.96165214426
30741.537868237152
29976.648047907234
29886.341637574427
29733.51221538063
30824.918362361594
30200.932212750213
30356.22043986098
29335.21652586204
29423.20254694465
Score: 9.60425925472814
Runtime: 633ms
336026.353494656
316336.2031689597
291256.6588777857
265858.0924801401
250531.30195832675
230657.5347488217
214525.35948017318
193718.24693479444
184279.21627048677
173278.19924475608
158430.66488043143
144143.55978787507
135135.3142763534
126173.66637736866
118054.22451813097
106823.9911512082
101856.44085109977
97079.15679522218
93279.35909810333
88970.94799348191
84332.21981939969
81923.25312385663
78671.45185138108
77349.75763672883
76903.34747176523
72923.36810814186
71073.6766858766
68172.19305188122
67101.03852246939
65532.993181055455
62196.14227220146
60602.02308039994
59961.84238579189
57868.588882413984
55729.7889807161
55135.04047657984
54828.91651295767
53088.11898223213
53341.400786347935
51639.84511571427
49333.64474130573
47580.76328788019
46977.316976712704
45724.21809286046
43724.746427407394
41777.04040240407
40585.88147018576
39863.95974494796
38578.51626758808
36045.9355904365
36438.03813408725
35308.15138654777
35373.659656588745
35106.59710987658
33742.47777592098
32590.140562434455
32354.441069017554
33905.7609409602
32790.5254295576
33220.92774799338
32868.23135072704
32141.18720141271
31904.121612979092
30465.866410490326
30161.412830487385
28487.59094484633
Score: 9.330602393082634
Runtime: 615ms
336026.353494656
324759.09554959554
304878.10509758524
276857.04325789795
248656.80582222718
241762.39113214397
230473.6024259146
215878.21099007127
200204.7874545201
189659.49670372132
177554.0357391612
168287.64939206754
158874.67783017273
148452.5828938022
137828.50855188648
128270.58499378954
121915.86223961097
117004.06498419178
114354.46569401587
111593.88377050908
105993.37960978132
103066.80973487247
95806.50701122949
93666.2598636562
88177.16404215172
85180.75526139741
79801.78510219412
73296.57830354387
71361.94548000493
68460.07739839389
66867.57396507419
66125.70261959356
65215.77145968754
64285.73275951791
61009.524321937584
54508.53334328964
54380.610481721415
51689.73690358205
49211.92962246312
46222.550015370034
43906.430067278925
42223.361419363864
42373.20029317399
41940.50579949423
41025.71135516885
39111.55490284094
38423.28705110737
37776.297003882515
35155.20133034674
35034.64209592817
36205.356225665986
36200.02825813661
34930.71391830039
34691.275424934734
34432.56206337789
34120.51777323666
34605.97416985551
35466.93436833299
34409.392297365644
33442.02309324109
34274.717506795605
32794.582806703365
33212.6011715393
32702.157337582106
32583.162382288283
32775.14501717207
Score: 9.088195851267644
Runtime: 672ms
336026.353494656
316393.2283716699
297190.149008851
279264.16867151373
267696.21591043693
254402.21933327377
245544.64114457564
236470.35738833278
224611.86047108917
214730.4404778582
201101.872497625
189763.91457627804
178329.17337393464
166597.81789872874
152322.71732278404
142072.84494788703
135923.9612732066
129395.02660487822
124337.42645634185
122300.20736355819
113899.34816265778
109873.12725962106
108098.77187247276
99831.72523433586
93028.38839532799
86813.81021140654
77692.79514449478
72007.89175908711
67055.4087042019
67219.10792865518
64983.3868104861
63413.4835027729
59833.1670305742
56480.54780180888
53566.061920256296
51599.32541476003
50116.21781073678
47947.43780273667
46872.296006532466
45568.612595358565
44642.9877119967
44209.851524554906
40763.03241712765
40801.27416338749
39522.25980949866
38744.070149293875
38475.64200256068
38105.93568926409
35345.53021974269
35202.65087500992
34870.298664443064
34101.92384290261
32861.37084679427
33504.53172609385
32729.128450624434
34763.98204545171
33031.931164254675
32595.939015371565
31489.750188595204
31016.39735911037
30678.00063199407
31143.92999742527
31089.551744530687
30501.8443738946
30773.77176437215
30562.774176634255
Score: 9.477520759058704
Runtime: 619ms
336026.353494656
317814.2631113789
300164.2360622297
275526.3727943283
251370.97226408773
227681.63212775454
209636.69505173553
199830.87434773386
188092.52295130855
174764.44524636882
166488.10739672426
158378.09068176243
149458.54180465935
143445.4663685497
138578.37138687042
136423.88769490545
133212.4953561812
128628.25073995329
119156.88324856592
115888.86208904967
111154.08095477724
107953.19577258993
101071.43506292516
97096.17523698512
91648.92464119237
86468.89311149983
85498.21965555572
79558.72089612174
80006.97369222727
80146.42598408092
79588.0903814328
77774.85434033767
73797.8365112233
71459.23617832625
68374.18653565706
69189.60170598136
67097.03105665643
65247.020857039875
63334.77781508248
57009.9040981981
53488.74625045836
51580.55281382172
50920.00279848291
49534.37286220472
47942.48666384339
47486.527360273234
46659.8723266335
44675.14084813202
43482.05253144496
41459.739644751746
41710.41562467287
39472.175597281144
37819.67599062359
38377.69634901278
37297.18384218069
37422.937791184166
37355.66686983561
38002.04765855384
37228.266490731316
35689.681668516016
34875.97212470593
34198.967208572365
33548.886151563755
32982.33490958667
33068.73877092547
33203.18726192849
Score: 9.206765513386305
Runtime: 626ms
336026.353494656
321636.1736126172
294276.79322082305
270966.45975107135
251706.31054475473
233413.61743408412
223715.836561084
207598.83147208457
191501.477780278
184675.61340462574
175661.19813923026
168314.1499567992
159025.25928192533
145267.78407307342
137067.98894938623
126503.2583120068
117365.30134658175
106794.07035300235
97998.82735714152
92971.93223537777
88557.93318603674
83591.44338002556
79262.00387404174
74268.55123600466
68969.50397434122
67819.03862489299
64541.05711367264
61799.91933940438
57800.70784472235
55126.36812405657
53747.590781806284
52618.492538448896
52365.46356801031
48527.254378723206
47577.84630525645
45465.436154416464
45097.2510185881
42979.513322615705
42555.28027670699
40396.01680127768
39797.0802525906
39178.32307948275
38060.15307293495
38739.67410229405
37715.227570001865
36507.44455889063
36332.333712040665
35806.06989490094
35131.564130687184
33793.18842300522
32980.42588698677
33722.256125443164
32759.08636910651
31558.388721703483
31665.78841851126
31875.677713016783
30486.211944457922
30486.75563775135
30965.47042627105
31862.939186349635
32542.81090570417
31432.87653747381
31176.372068216846
31101.089336274345
30022.574962417286
30561.775511365115
Score: 9.270825513849829
Runtime: 609ms
336026.353494656
317588.62356707983
291634.4787878311
268336.24660464964
257148.43395778196
243467.86166831097
225171.95709271607
209178.81672240194
193044.7443427744
179815.92558183082
167688.409268637
159515.84699283098
149622.60149944067
142905.309875405
135220.50633821974
129295.12702823989
122671.55945027844
113350.14494537938
110997.21449364325
105894.84665654125
96890.89522981072
92318.46780594248
88588.43754673042
86276.61230436007
86371.55801255003
83804.79113183255
80642.27381771899
78752.32649797648
74042.63461279745
68764.54454470187
65867.14885503153
63387.85748821747
61710.78599868778
58339.659817495005
56624.149006492415
54956.9353468504
51518.933187819515
49574.30996804667
47722.15865389885
44044.57681546035
43135.224448075845
43642.137434699915
42430.50967434508
41877.16634487039
40335.17744064257
39208.628517523175
38688.76381462927
38786.98997301481
37023.54772812426
35979.74034625492
37152.14854731455
36438.562616680116
35299.67044982025
35784.30571851982
35155.609112082755
34024.53549822411
32478.250534449227
33202.63500033776
32452.25551154325
33575.34027297231
33910.644842967515
33763.05360394449
32490.74035084365
33193.91436564772
32595.601289283797
31143.79619207246
Score: 9.511126994326942
Runtime: 662ms
336026.353494656
318404.93977888906
302878.0984203129
283884.77855100686
262645.7685913679
249748.3768080915
232018.26727572404
216417.14318252265
200230.8117216311
189644.64932081886
176313.4005444648
161685.63169773732
150365.10361590033
142067.55218584783
131263.25689749
124398.12627887829
118738.90841944085
112643.04606854556
108470.00047627647
98632.87636685978
98762.33647202332
94305.7666363322
90760.86669041886
85694.85072164627
79599.73716600957
77616.55633855062
77141.00983626426
74145.7849900121
71574.56686695591
69379.64846154844
66673.7891026969
65072.74043568867
61049.15804643935
57221.58585695819
55874.344132461025
56995.38898669018
53154.49067403595
52178.44118649507
50018.99600255662
47952.604833783735
45794.451011053636
45977.67063358016
43177.70304656118
42496.13021141495
41232.008824990124
42098.718987989414
40911.2272760102
39519.094049624764
39392.19587417741
38216.33259350961
38261.828045370676
38428.79787692525
37225.01592694028
35332.21634340387
35517.44881186571
35115.34460641675
34181.10659631673
33266.8112429039
34042.517561451896
33586.7570127614
34532.930722514764
34762.16469977032
32916.69945182417
31474.832057898046
31838.757314303613
33057.77921581732
Score: 9.219426400753633
Runtime: 618ms
