336026.353494656
327712.69945916085
316289.986830381
297176.06752928096
279118.45658469666
261618.20346764562
243001.24110193906
224975.20887687904
202717.5641887917
179878.6203461643
166168.88858670858
157949.10001702263
146757.85901750275
132414.0540842552
131883.7510264039
128508.67164913558
128825.01055879881
126446.15387448683
123314.37495460782
120338.58864362238
117592.97724458516
115031.8123858227
113729.96427652599
109334.65628506664
107596.97156559354
104243.65438152078
99221.0891980499
95433.41755316632
87545.00375261497
84576.0579601592
80739.20680569591
71060.00061728357
62155.317093284226
56023.67823255188
49969.34405018753
48869.02280837192
49837.344823543885
49306.87026295129
47413.768874302674
48334.715801496495
49224.51100601826
49660.946644503
48934.16244893284
48020.77138761411
46975.53520721466
46445.98512694592
46128.27539140707
43941.52447237694
44143.5277853715
43058.47588135361
42367.31393699751
40081.920866781045
40045.9783158517
40444.605345315045
39674.54806581711
38929.285248634566
38665.262384656475
37191.52936410781
36948.493545912555
35946.83867964417
34821.178365278785
34490.64818404378
33544.55573265182
33679.63180087714
32392.77847114705
30867.82597665029
Score: 8.64839950348214
Runtime: 642ms
336026.353494656
329570.04936349014
311018.89758503897
294138.53945520055
277149.8514300123
256114.88110463205
241680.89321210308
233676.9261408076
223849.23037383606
198913.84299338527
184809.07784761055
172352.07293172536
156572.6716569038
147212.13879458926
133698.86549507699
128579.49329383459
123799.03981978456
119449.69175922731
114639.30418294806
110158.62861534033
105702.28815045283
102951.7023301547
104043.17479540603
104043.22325344713
100842.7275826259
98539.39132663721
96713.47716625994
94547.51609828405
95147.86248329985
91193.0773086075
85937.40509888087
83068.37742473895
81206.0822367993
79992.41320714992
77667.61786115113
77701.92811592043
77800.94368202484
72752.4387737345
70271.90921509481
64346.18758347524
63156.98439918069
61579.75667033137
61547.60441257868
57263.18713792954
56597.20359124393
53300.49804839514
50835.01184015304
49830.33448096277
49103.52202886898
49063.83727894886
49648.912387016964
48740.28037821897
45158.554176610334
46110.32586564723
45593.36393809632
43885.50816120005
47518.0889278996
50621.29332607823
50077.60660852001
49309.896787798796
45614.37038106727
43659.26533624539
42779.7401826354
40269.181433223
41450.80158829575
39515.043071305154
Score: 9.049605917455086
Runtime: 602ms
336026.353494656
327828.13582872855
313225.6828043023
304644.74228437967
292022.78947290016
275546.8946509122
270633.4425350932
261363.7832234157
250495.8166756632
240631.4321683424
229247.52897222416
216296.68910064688
196289.76857300708
182982.31425841487
170403.77806897857
164213.90963031034
157991.19604488497
150486.6878049639
140761.01875679946
136259.9039816065
128286.2121140088
117459.11003102384
109714.45077893343
98076.14758271474
92415.8732483507
89824.50622709273
83306.98615772129
76075.016723684
72874.30762677592
68905.88198343605
66793.15018285412
62556.96620286183
61002.771781863135
57380.117280018916
54042.52061177521
56086.98962053399
58557.637798471194
59312.368424002394
59794.21819951817
59772.59550747786
57395.068571824195
52705.726691512784
48075.493347378884
45873.48641726137
43094.68835355642
40747.988787195296
38457.60853157726
37204.77946498178
36811.83558735645
35647.48987753043
35316.125279048174
35585.5553159574
35333.60653278703
34297.82856013182
34076.96950415373
33653.95773777346
33932.64312306895
34435.93000913276
33783.0702621512
33629.89747709144
33231.48430401418
32992.20259463994
33802.54763513523
32763.407918665638
32384.22316385063
32570.101647573803
Score: 9.525597097488333
Runtime: 571ms
336026.353494656
329301.66441782436
310228.20822893246
295636.6378049598
279794.9363890567
261069.9983350732
256599.8789566209
247546.70733952106
232012.60715698605
223305.78710467578
219017.45204621804
200623.3394799085
188819.41299680292
179184.03594453196
165433.36918954764
159300.68561765374
152766.00551213286
140270.08304287225
131613.7263681775
122804.59024923024
109594.37557475951
99222.46806147818
90819.69034724696
90746.53509687404
85849.52594770495
83725.92225065765
80391.09463788057
76841.72187058024
71554.5209220258
68745.21940766793
63813.268505497545
59446.93596609144
55899.543433045714
53002.17632668495
52226.40298404741
51348.45897649106
50300.544446914595
51876.88829413652
52059.353211515765
52092.7199491801
54282.714082844795
54381.4553643405
53170.20994880554
51671.93174414244
50669.831256315025
48293.36939287942
47660.44622495838
46656.81276357663
44603.715415557315
43903.026265556546
42834.21808357217
41933.82872012868
41804.58311677108
40856.09371489642
40200.54386697852
40200.45898766439
40781.740571088594
39023.15349915045
37807.77171438264
37213.02984067987
36841.51183111922
35760.20077987521
36183.53561137678
35237.56111297799
34344.46670588987
34561.311848984806
Score: 8.845973851890852
Runtime: 615ms
336026.353494656
329731.0403339032
313640.45422118675
303916.27975657623
289217.1543122746
271786.9548939524
255976.7554330408
241476.17921836753
221657.7319092137
216317.2699516832
207065.41625016136
188802.794937156
164701.41628286388
130013.57231810063
108375.81344368648
104198.52289335172
102822.13832993436
108031.29757588592
105836.8362187649
101579.07949029487
103312.82634183828
94657.18934451615
88759.45171790764
81362.21203779997
79525.33959875916
78069.22894331095
72689.84086485652
67849.90020288099
61501.51849763644
59108.91007637293
61406.638371294954
60463.838022712334
58189.21649101568
57984.56713563701
55678.4019216464
54061.06259950999
54486.77292648945
53975.02801783461
53635.13961227126
53518.01565770976
54171.35768989328
53816.39557567639
51903.10942551113
51086.96723698266
50009.885395490666
49282.856937892764
49252.218574113314
47948.794984455446
46598.29736154504
46057.95348673145
44908.87195432397
43735.69016472206
42583.61227541108
40807.19739496252
40193.69395657368
38735.36368617397
36787.91470901351
34938.37585562919
34121.930602114495
34464.02606089466
32752.847532605287
33257.32757560414
31807.081968918377
31099.520599353462
30681.513098071588
30704.748311643707
Score: 9.213525254468868
Runtime: 662ms
336026.353494656
328998.7497092677
312438.9792001703
296276.9083400695
279637.79885178246
264990.46091675875
250883.40945262238
243798.41742835977
231340.3386939996
215581.89951588094
198206.38725934704
181639.0551469895
163365.7324999445
147521.83404548417
134889.1014844217
128863.30442344552
111884.56805908453
109186.90006921423
97824.4937529059
86859.748321734
77489.27016307303
76200.52634598118
70859.65102544153
68634.1515118972
63451.194243029226
63587.25339448685
58504.17922401673
58045.05177937598
55179.65667518054
55396.084326654185
53317.138180486676
50726.18557647804
48429.828196951894
48156.7927513417
48074.51503624955
47520.92039703828
46509.98891404369
45878.69971315688
46983.96148216257
46803.55984769673
44408.27767722716
43833.893278192234
42012.03481947709
42008.23312053172
40145.84822657355
41195.249432301294
41205.967598861695
40199.5345849452
39737.754213654225
39012.63561368512
38893.211695050464
37964.278074812704
37587.10831344052
37420.961717318394
36617.76003041884
37290.26184758696
35782.685406651624
35637.01586575167
33772.37942293215
33100.22468937189
32065.057119931098
31726.63591367672
32523.009885091018
32511.113790080486
31425.992852441075
31460.72058537812
Score: 8.787781711871684
Runtime: 626ms
336026.353494656
326814.33250379644
316103.1631523346
301019.6676169719
283866.38923731656
268800.86804814654
258454.74243234913
242729.50703853375
230521.55140613165
221877.53758298818
208592.1640785415
198193.19800577304
183111.42888044464
171964.45787504388
162285.57912761098
150097.2144733808
137036.97389635677
122853.30652501633
110136.65336605348
99213.08730006822
88623.29798891777
81379.04469130238
81409.11036606597
79557.55894065711
74367.69024476716
72352.28784936733
69675.35013672448
66743.69902170371
64920.660483741754
61269.02866762312
59222.29790363079
58654.75431531078
55872.41957799072
54225.451075103054
54174.235032562065
53600.66298701805
51641.08376772887
51400.6475778904
50487.69125578557
50404.39202950754
49442.08000468998
48417.297665426006
46457.31011520613
46217.94030369249
47868.822515808795
46431.51314236992
46594.45026963218
45658.0978821631
46763.68762446737
44953.64736037399
42354.49045577718
41551.31253394698
40253.8462234835
39231.698713980666
38708.68091657748
37399.31608791705
35970.02228972521
35884.28421250521
35645.98311249136
32986.719824113505
33221.60618197032
33114.79541303366
32973.12842923687
31831.91246981963
31165.111767979924
31181.82779072975
Score: 9.73793239822665
Runtime: 578ms
336026.353494656
326062.6135308517
305603.70771104086
294826.93249727075
278564.134061419
266544.38726916263
252092.14464106804
240289.27740330575
230251.31781801808
221164.67007611878
214512.977104873
208487.03163234878
199087.2154293755
192806.00199143487
180477.11971572673
169646.65752348566
153183.80478761706
140575.90941714216
131258.28411013394
123454.70815235109
114119.00578464055
112630.25268671804
102750.05059522176
97970.85850962494
85752.63889079589
79647.4973058957
72629.37888419078
67655.06196276654
63144.33861459605
57754.55805382532
52830.27046207979
54491.13899598213
54460.334909190926
52987.01287396809
52356.17155026452
50153.354281790605
49337.835975671376
49283.4669740237
48698.89059351523
48722.144524966425
49328.78972994668
48742.0686544691
47535.15039190352
47790.80906166933
47033.48187090689
46264.127681426835
44965.48575784915
44473.85605971115
42555.96295307645
41242.96386667351
39354.94323802367
38231.90827017708
38348.0228200598
36500.92189224387
36141.28052886315
35478.09924526021
35575.64389761387
35154.91710183751
34472.26219487739
33405.51230992014
32215.785717374398
31732.942821115426
32725.897705161475
31881.354665673247
31044.742401562875
32046.10625803415
Score: 9.083671308182117
Runtime: 631ms
336026.353494656
324676.56340144377
314765.40749023797
308233.71375971194
295935.1766599588
277738.6518991957
263526.2530963114
251170.15172745122
233121.76121470667
218881.70895037858
213537.2811937303
198723.32095078242
184437.30219873975
168799.2061657481
149152.48579023327
141582.69328861753
131640.9787526744
119597.60287729015
112038.45464365048
95784.66195055527
83722.36822299418
76696.52003460606
65000.39336236554
65166.8634889146
61650.95244625403
61108.31550538542
57598.261734340515
57119.19503620807
56085.785955179505
56225.8396612786
54837.98218931269
54510.63627972568
53200.60955850875
53326.89047679405
53151.20237181948
49541.44839387803
49613.72264615258
48680.18520733243
47905.86500654272
47245.250284986854
46707.8056379766
45714.68645795863
44624.528695884546
43011.04912623365
41741.76306489234
39202.86654575445
37947.26130084955
36769.738953960725
36049.87495917269
35350.1837909565
34532.99137393759
34471.60928745595
34550.565380049025
33477.393394396415
33218.82456905459
34453.480206314875
32502.59295592745
32193.414854168783
32625.07567788283
32327.459145347864
32162.575524633445
30635.011516767605
29833.01935905635
30046.396786420497
30093.40064715994
29586.38757081213
Score: 9.506899359963523
Runtime: 637ms
336026.353494656
326247.02752268774
314473.73548971344
294162.14522380446
278304.60783600266
265184.4235320888
255705.00230214593
250101.8587795542
239085.3121450364
229603.49624293766
219035.4312109
209945.7739430771
196425.47741600644
183884.04233987693
175582.2403379681
167275.22251540085
153288.78442390397
141587.46188130524
137480.759817737
126911.5791159771
119785.2857669047
113329.344635756
106511.86266167847
98222.51173071346
93116.00963471003
85706.11218236067
86231.24040217962
83119.41672457347
78663.85502114834
76385.22552390184
73719.0757092877
69467.40142543704
70317.28884215922
70439.51822768206
68864.17427289682
66748.40640229096
65713.0871161236
63797.309323914844
61689.82707401007
58748.917047387375
57713.04976156447
55803.27716207599
53843.46528408657
52687.24814450072
50547.16505049854
49294.633707556626
48140.178898202146
47113.81008106905
45619.39025862948
44967.865527108246
43280.049535694016
40955.39363105675
40963.82127820301
38683.49372201709
37889.65207478277
37650.85980394109
36645.66866868668
35892.2020487002
35576.94959728581
35546.83420701844
33246.58057842485
33739.081412077816
33559.23999518919
32565.098141760896
31651.043416411572
31338.247297217025
Score: 9.407068543957587
Runtime: 599ms
336026.353494656
325918.4157982919
314275.8234118034
298221.50963651476
280975.0448901455
266918.39813768916
249304.872115627
241202.4654682894
227324.3963530876
211448.8867099343
204241.99387678463
189043.79705158784
165707.89445148592
152829.21723376017
148964.6262971977
153875.11949942494
147216.84723689817
137443.41215651637
136181.10213115034
132874.7057518154
128424.626911691
118654.2051973669
113387.23431882571
104378.86599406529
98305.88928185134
94199.49279692095
90245.64174185586
85283.349019466
78018.21653087303
75621.73448316792
73224.67553755348
74007.14691896307
67059.66477013394
65218.86577374636
60740.77920533022
58922.97577941351
57959.290584872484
57466.04601384497
54876.721327165826
51410.628537902616
51152.13116691067
48742.74305872426
46221.62610429103
43960.73992300232
42850.135864816206
41110.05346239032
38406.0686233645
38742.22207309525
37931.827379148934
36745.314926819214
35871.73474278347
35487.28971470322
37175.40000471937
35633.6004847324
34773.14592749388
33523.72319039924
32828.35514710054
33308.87236326681
32039.45158797207
31979.12968700997
31188.14077715432
30258.613832765743
29674.345334100268
30012.86651727566
29094.797323294315
28535.34863611641
Score: 9.482783042599937
Runtime: 586ms
336026.353494656
327185.66850517323
311448.4717915314
299129.56195756927
282855.08296723344
265981.22815098625
246969.08930799397
233534.7401399758
218889.81457445573
213425.0161564853
200148.57387464272
188493.4431988161
176089.7062645123
168729.52500052695
157049.52507399404
143811.2518626614
133090.67925625617
124546.4601054328
116192.12637673972
107566.04848360924
100112.32441621636
94150.3947829218
93685.1919923928
93698.51434747617
93587.89812914717
92390.37998880299
92573.87840486046
92485.15934610285
91593.41017788756
88497.29621646018
86775.40013485328
84185.29422786298
83222.28184594949
77343.65340883518
72216.93578425994
72242.25606351095
68762.3431516798
63235.35611545404
59538.20865083165
54573.15634908571
51948.62754296912
50144.31449484228
50563.64073354174
48311.56192115314
49324.560681717
48939.21468982924
47788.483570369164
47731.82447824758
46302.45914631697
45941.92347781829
45567.313821296615
44503.32986993658
41661.88507714111
41495.390647931075
38724.76167548705
37855.283386670744
37656.172671487286
37972.48960181143
38183.9459283316
36916.41889722849
36645.93377788891
35753.90087884916
34589.94630962019
33877.21480512721
33573.01659619783
33132.95771022457
Score: 9.14423300616415
Runtime: 671ms
336026.353494656
325497.3996847071
310914.57283862313
302154.6102717929
277576.4124032851
259483.2929345183
246647.0837405207
233111.68368761925
218373.8528909207
205400.34574079103
196802.99735401693
180514.1625152986
176905.1999543521
165858.72771305498
153595.97660868283
146059.7925356108
139817.8833017556
130504.61024076554
124622.3864740043
122362.15348712681
116401.30536607797
112783.70629244219
106982.24470053511
100112.79336877396
91281.77937650002
87076.61145978635
82907.10406267241
76263.75339670415
66817.33304621937
63354.81158015285
63164.94067775798
61853.35476974705
59675.95317985015
57102.127029480354
54112.53806941616
53638.6702314166
52398.2461645801
51233.82600247582
46813.23051348603
46475.36232459144
44260.97336534065
43029.142174635366
42654.35185804685
40487.73714662194
39763.1479400159
39465.676466122306
38123.28043717934
37000.817666141964
36225.84257103369
35855.94745745198
34866.51771761151
33810.96601503683
33908.02569188548
34111.282352602786
33211.94192404542
33986.91943580481
34075.17941199666
32563.649522848013
33824.84489977453
33505.27800471581
32324.43930117097
31032.03061650689
30105.43203101217
30106.878504644534
30776.36657705303
30812.05359141527
Score: 9.574039189351907
Runtime: 581ms
336026.353494656
322972.53984036663
310813.8214799875
293003.7801225194
280825.87616773817
253144.88560588186
241417.6581642294
229138.62502967738
217898.36895508924
201142.23058984973
190628.51024227173
172443.29905203078
160023.4972288394
146778.01046233403
137119.12341986393
132551.346612791
124415.97444396175
120825.62084670234
118768.79892200347
115360.54928518235
110923.5784902483
107207.15484313907
103743.49644053595
99248.38818211872
93619.26619151991
86235.8672622342
79651.48802012806
74046.20286788796
68753.7913189561
67479.55557516712
65681.15672076972
65807.29105321261
62534.33587911272
63173.69081852927
62944.635969787596
59930.20568957005
60198.17721012275
58260.65732889824
56894.944116665894
54727.25630380966
52309.29071908723
50918.23495322664
50005.6763264742
48171.48860449141
45740.65244476089
43337.08568948544
41374.82586672729
40238.177306251426
38269.77643539986
37623.33183936787
36823.29062376128
35670.876860693534
35021.34323415637
36348.05740661446
35758.1616492729
36238.398085761764
34774.724240557625
33950.46654358908
32915.171107065784
33101.061492312976
32700.390224235696
33642.40242101851
31913.105658321067
31918.845321205365
31398.010528588053
30777.55522246973
Score: 9.138626607227286
Runtime: 591ms
336026.353494656
327507.92749063537
313712.7447959508
297869.9470527646
280838.9220256755
268564.2357405541
255094.0169803091
242813.286997222
233580.29476250865
228224.0690251378
219761.94967362945
214899.36297471597
200055.20479410674
187057.66339913043
176210.0988788803
166392.1087494202
155821.6021575501
145400.47009335097
143755.07537907443
135632.0673799032
129922.13733121415
127593.43586683321
125476.97624474941
120248.8192576934
116137.5751661035
112046.21231723425
108606.46498529782
102896.54971601523
98507.06684248592
93155.17248873558
89385.64027214069
81770.38820155818
78704.5712243518
69002.21815034784
63880.90916973378
58099.28878481263
54347.60940522556
51138.01752757072
49785.682270120786
47675.8750332163
45042.38163657178
45329.67334919512
46898.57628919288
45180.56602832803
43241.22751265473
40547.67434325721
40618.03610709962
39647.16514114595
37898.14948110854
37994.87328329073
37083.201536729175
35743.7929510867
34953.532437494294
34503.65822029349
33671.663235498025
33083.34725892518
33301.992474637365
32461.618477369484
32010.24322146161
31369.802976431434
31425.806172700042
30638.3466767938
29467.18391132339
29547.770856641542
29243.040530446764
29584.506680870258
Score: 9.308951710007264
Runtime: 557ms
336026.353494656
324073.76230877364
316489.1392739255
298924.119772846
281977.80652101536
269867.8120233333
254935.00265181484
244286.27774006917
234696.9199131258
221746.37567117173
202163.79216474065
179012.83954314148
155726.23411929203
144511.7488909449
136137.4033513997
126431.88898181744
115279.3761036515
106350.32458411809
100408.465825286
94498.0364099828
91734.81084360511
90537.1477737154
89648.5123525713
83831.59717415334
81159.60420980191
77493.5689670785
72175.37593102785
71750.34635639498
68203.74212642458
67447.46895032404
67534.4551536082
64256.36601193595
62731.58122831061
62557.50293755372
59130.41410377849
57196.58757441008
57523.92415305459
56438.01577025766
56194.36726277217
52870.95564418966
52366.65028014043
53085.03853538079
50471.61386749453
49600.73610205683
49447.19687986577
48081.99512113466
46478.00523880387
46039.76680098897
44390.55966299404
43305.884272855204
41968.18868446471
43180.208751431535
41471.22554949791
40677.93056945866
40050.273284802235
39551.38203553049
38447.38485552155
37721.50185658792
36473.36126200288
35260.14596938133
35239.631873544386
34119.61424522316
32743.969588066786
32140.83163379055
32316.73836994113
31889.176376694548
Score: 9.606305205754351
Runtime: 604ms
336026.353494656
322425.70128171396
307270.33239923697
290311.6350656911
282760.821412965
272314.35604150867
258397.12093552126
256391.2777087704
239104.1660237245
224753.13858422014
211196.4890985072
189997.2239585438
173964.5914694597
164210.32843124756
164367.88977417254
153567.05132682988
148825.149976916
145741.45232972587
142181.16303207594
134677.6327918826
122259.10340265394
121376.06936682394
113527.16334513326
109639.12829249458
102954.05952704664
98458.39462772374
93092.45355918464
90163.73661698788
83283.56761691812
83361.96966992658
77427.01824982458
74922.47764800904
68140.2775643923
64412.52277766366
60545.83925139271
56923.19298513869
56413.775482907564
56043.18560737199
53795.62956099045
50554.263628165
47449.34367813001
45334.75716729922
45131.76397166255
43576.09377416086
44087.98250982422
43947.368025089396
43553.463148553135
42518.99954425014
42167.53521697742
42576.29592396896
42341.49202521537
41361.4052067041
40254.65157614901
40224.032429154046
41147.340348123435
40885.41757925388
40293.165510739695
38972.4072403318
37340.3497155734
37923.63334875415
36130.09359603855
35003.51977973681
35661.38950248344
36387.972610539815
36093.4412462645
35777.837321777035
Score: 9.11578956513056
Runtime: 581ms
336026.353494656
321675.03405271843
313122.85397945583
294734.9864745885
278428.4591880566
261885.69649047413
247949.67366785096
235685.57420190723
228903.69285561546
211653.72249943623
196968.71240365514
184789.31511888592
171420.97591389593
159434.80563307443
146497.73947028152
125335.30247702649
112929.280001483
97334.2222907707
84575.3679686853
76920.1727938042
73670.40673977413
65659.46765684246
58718.9263448507
53438.10294605448
50383.57770968712
50894.05903513303
50897.903366910214
49836.15061579688
50315.9937196447
51031.88694070958
49468.029292369545
48661.46538634386
48710.246644315295
49672.86210340463
49011.79288518386
48075.427247781125
47233.630135755
47148.23530521193
46937.166757720384
45610.15283657522
45857.87438545494
45109.15384457821
43903.267856699356
43501.15407884797
43713.71983205648
42933.992235169084
41727.58859515462
43186.11758276195
43576.077124523115
43281.12125206859
42481.785171942254
40431.47533859117
41076.25599918044
39077.44666187597
38044.10239782058
37114.596256066514
36497.75043701342
35970.953753648646
35308.49197840624
34891.497684658556
34720.75142597084
34187.78591000395
34197.87213962067
33767.94751722233
32822.03107142704
32722.45042668244
Score: 9.048706815600262
Runtime: 573ms
336026.353494656
325030.60949803214
313487.25213526166
301887.35531775985
290425.1537207055
275888.0368656143
261178.03416767338
252190.84602933237
232569.54370466454
210434.74870768853
193448.78419563384
176001.23198803168
161971.81987167153
143655.1844297636
130996.1785573588
124486.21061254956
115236.58397010321
113432.24186183533
105319.74222430427
98766.23654751362
93586.26111079904
88408.04310609291
86541.93561563766
83292.67008312848
80055.47731462985
77936.8296921567
73614.95835108377
75824.32585101429
76486.0993446396
75475.53338577814
76761.55873150192
72733.58374643973
70492.71211302381
66498.12456787998
62859.2880781011
58049.0606787026
54495.38194676699
54480.724286535486
53001.632671416475
51403.56358407799
47655.11557893191
46976.80542932381
44881.173405634196
43571.834357630105
43658.656534942114
43300.58988479787
42421.72678976329
42772.33233627955
43537.693727439844
43537.71796312968
43713.60306207367
43512.911625974135
42064.62539673796
41039.568685508384
40141.06043931891
39365.494312173796
38691.860772468804
37319.61221222599
36758.94865941338
36278.997785286265
35036.31729686269
34725.669301942165
34119.11485405776
34564.009695172506
34432.962455493944
32841.15082139872
Score: 9.227295543929865
Runtime: 622ms
336026.353494656
322411.67281883
316794.2569462383
301956.93087311194
282512.8898577505
262269.4536745081
248635.28418039271
238840.49903633297
226202.05340307674
214675.27179148415
198724.8788558929
175981.6592683251
159921.02258080087
147017.82700253648
137452.8497686239
131687.54231192672
122619.0818847524
121440.50240646585
122912.47270280203
122018.5888898738
116226.42953074025
112324.1320767256
108347.11674683774
107205.14030182625
107569.9386484112
106259.26318370178
106179.56427332325
101767.28162518176
96344.8430226412
85344.47327432032
74753.79010279434
71304.9606699342
66256.10373870746
62132.13501177807
60883.95503172045
60667.412718600404
59661.781845511985
57113.96807787992
53930.19024287859
53004.96767939875
53148.446559538796
53684.21702690211
52329.86656269276
51899.39079993553
52921.152679673636
53211.95525571436
51777.236349243394
50818.912436163
50372.78682662885
50115.31425666217
47777.826616760365
46656.832882151844
48554.574206916455
47699.077164997056
48198.13025441788
48026.30433821379
47186.64052529064
46807.09823331787
45893.85889811048
44825.91647083435
44902.8516748924
45713.69833990066
43979.62690158742
43229.487747130246
42588.95934106567
42458.418265117034
Score: 8.492561804201054
Runtime: 609ms
336026.353494656
326567.01378866745
313509.63699663366
301039.1706596732
294550.87228377693
284296.5436192485
271234.1193931862
260394.94400050747
253592.7026780709
236585.74326993525
225739.94122833293
210475.66742462397
205482.82029664193
195828.0785906953
175083.79853390687
160882.89045701278
152581.93371685944
138953.6654844623
122425.39441947345
117480.95591215412
111344.42430842677
104342.00798268038
95952.88590671214
95699.14917647079
85753.5620282605
87832.97436628805
89467.88493294582
82352.6662229571
78487.49059420369
75664.82570012858
73997.04218769739
71802.20017308524
69244.48587762198
70203.12774127438
67052.33519639901
65630.20840675454
63289.768350124854
59740.38343721979
57519.90730255359
53569.964152405264
50980.89232086375
50253.30632437951
49164.338010096304
47629.27628591833
45281.22023894032
42870.70648295098
42332.735853418766
40942.30571232198
40728.31982262027
39706.035699938686
38556.67708551182
37646.16898274643
37259.71044646633
37653.667576113156
36714.78737013367
36988.88783423803
35427.510119839084
34443.658975184626
34599.2951624347
36155.06150217275
36646.900150057285
37004.52570416184
36398.200977443325
35820.14872954162
35868.65958834194
35152.449470176114
Score: 8.710917457720788
Runtime: 636ms
336026.353494656
325400.4787513982
309174.38637695834
291787.98579054273
278955.58083523833
261212.14420647285
245848.9253870618
239570.7142144276
232578.29333560035
223643.13964705606
211077.70839357382
193606.48016821474
174628.28734986152
154279.27541104308
134598.47968025305
123340.44608503158
120453.91095376748
114892.37705622289
103354.0309883016
92803.41586722818
82687.36402945335
75657.3457336879
65329.42146322874
58361.795290127324
59053.38506414414
55516.92391053857
53601.04249266245
51940.53285923576
51990.257034133916
52283.12029962674
52154.03810123084
51458.77085905407
49939.38883976675
47573.34873316887
46809.607529157365
45676.50637881967
45207.71018307772
43399.10299236264
40783.957995188495
40445.3488302802
38221.693407495106
37682.440865538316
38300.546826568396
37792.93589435921
37084.89436538544
35303.08563619027
34487.78981382195
34430.504395115204
34108.300396912055
34212.581342158686
32770.00618887941
32564.172616783653
32122.793846790388
31717.03045795899
31739.153304716656
30598.31359123936
30066.943057437267
30035.405551146585
30244.442315074626
30352.7122613139
29469.81723680454
29909.304324303226
30011.619517987903
29541.146970150738
31024.09369558306
29445.715141921795
Score: 9.51879981731051
Runtime: 580ms
336026.353494656
326686.59432482923
319609.3849042967
294296.20601324685
278258.4719684629
258601.1390343775
245592.5454385198
235149.23796864206
228171.98621272278
217065.53762151394
196075.17172390313
181159.96251991304
168612.6782557532
162787.48238887195
150406.41636399124
142025.73429315543
143488.26480869172
138750.61718118386
135375.44756951762
123040.64717816522
118423.24760371972
106228.40468952102
103875.2402308247
94065.17713729224
93290.21900767168
90136.89737212034
85046.67695799336
78080.57408527329
77264.065610717
75517.7006510178
73901.79555655854
76560.03151462747
79419.05689874403
80776.27981558563
80594.27232701662
80585.14455908234
78418.01319125274
78929.43685176314
76964.77906373888
78944.34333657991
77472.29270161738
78803.55196948195
73842.67921902523
68565.78010856464
69425.80632487703
68781.08404376231
65728.25666849305
61290.227416413196
62292.1666523292
57248.276326255
57372.97359644564
57367.035035874054
57220.36996548073
52877.15077777314
50197.49055621667
47881.42032069672
47044.81713883416
44577.51261663655
43268.094875174786
41900.642817659595
40038.438895076164
39306.87318683411
39791.1782436542
38790.51892571217
38011.76453523017
40164.697253305545
Score: 8.37924850926068
Runtime: 556ms
336026.353494656
327052.28641001025
316739.9563140875
312969.27403932007
292941.17459527106
274905.75868541776
254090.46069352658
237525.79157059191
224751.2307829311
202951.5181219895
192464.6545066966
182750.89600244223
165125.47759713142
154074.91953793252
147826.50272443917
135683.71723405723
127641.56981581893
118332.89527000955
111703.02680278661
109053.21325832036
106180.83528536661
94966.56687078852
92542.67982116734
83123.64633875297
77474.63296204504
66240.44033410742
60301.53400408277
59128.04993297446
61389.60827062317
57897.80161565079
54580.86801494638
54476.38739968547
53209.75549082119
53798.98020267899
53134.62428205439
52293.84911019316
50538.185441361245
49956.64663762312
50662.200317427145
49679.16069418953
51362.57083482535
49115.717082340125
48699.53996959391
47872.61115746733
47716.23653737732
45773.14013765357
44645.447324718705
43523.97981815556
42880.05318709727
42084.00392843683
40751.11603018185
40758.80387139447
40173.24082271194
40666.07871735246
39586.91834470556
38642.373267578405
37651.135238916126
37261.804020205775
36872.878798485224
37191.71863300917
36758.406717624486
37538.78551265631
36586.63248535742
36756.57074815382
37388.58420476024
37522.39189025169
Score: 9.446012892830192
Runtime: 610ms
336026.353494656
328045.5477823874
311552.7443513217
290878.9477129412
278165.40703413397
258756.0288076099
239491.3614234906
222784.40956432009
198848.0564671064
186747.57948969692
174642.52647203626
162449.44278688196
143254.4109053705
128702.02104249173
122053.01743862631
100572.08888844452
95052.5941605421
89952.72823754168
86275.73229305122
80932.60837548912
81901.81512260973
76036.6238272175
72329.827158962
70697.65330981492
68731.68987746448
66086.68450925346
66164.62790787108
63697.95434702713
57655.73765615871
54761.64519120537
53314.794158572375
50960.21144501801
47817.68539277099
45641.60156313716
43212.390212846134
43055.220118772966
40846.17871890075
41119.0008374668
40342.51145680431
40369.398394734075
39329.394931234805
37772.74393183719
38911.44268668761
38481.30212764515
38691.18758193875
40225.52874493011
39712.85543102285
39732.987234047614
38948.59598276423
37644.24794144138
37273.15519430139
37098.49237780017
36108.46323722412
35432.3973468541
34725.090007373015
35240.02746424418
34879.78799948126
35479.19593947055
33648.17516870654
34435.25186652843
34036.97360821346
33528.803635874145
32104.419903384143
32082.521466302413
32636.775169052893
32702.071812157803
Score: 9.37389595519226
Runtime: 618ms
336026.353494656
326006.95649352716
311417.84033268364
297423.5722067639
282436.5397124258
271204.6484993236
260292.76203656022
248756.52036641966
231703.65469237487
222043.12042511557
208983.66025207468
197584.50827722548
187421.21457340222
182231.94893467982
173526.5682287949
164403.34879252847
156824.89743225265
146832.52374629432
132932.73424516595
119408.75610066157
113620.48221055223
106305.51861625964
95364.15827048676
86436.60654743708
82461.49755221061
83754.52376538399
81304.52376194713
77963.91508133053
79539.71945655058
76334.89634214467
74389.66777194149
70643.48913903667
67004.26422713803
65773.1645799676
61968.379106428074
59043.08814888764
56612.47595904277
55224.43121520252
53051.60804781566
51367.596915832626
50633.594640471376
48893.42526255094
47098.614689016205
45298.145871758345
43664.315200313446
43089.3292570374
40436.633316422194
41548.52466246064
39757.81929831458
38790.905374222144
38715.63147397359
38735.40806433137
36334.939805826434
35862.5905613774
34955.96937269529
35371.17863622947
34028.52770340291
32913.13097080475
33346.04843415909
32556.365323844846
32636.31490164452
31540.439313102743
31482.091855913048
30394.026770594748
29875.02543417283
30056.312164592815
Score: 9.080802555040341
Runtime: 629ms
336026.353494656
327551.3276639222
313454.8852038337
295971.32123643387
284465.473030742
276887.7091170848
263939.34582823864
241275.33220593288
220931.88488899532
204251.23077994157
190632.20303003406
175802.9666730463
158345.78297958983
148688.73145564244
145636.84917831552
135033.64672536566
126385.85481859342
119771.89518942195
114472.74115494113
106585.08949482565
101366.54158019334
97499.45354176892
94325.08315849671
86371.89754729386
77221.85562056559
74730.7033717433
71959.42513000332
65560.42735823216
59648.01859662796
57101.50295360219
54081.09930246122
52410.448561044665
50109.912948978075
50578.96918988182
49026.246122898665
46868.53597421767
45652.597768044856
45260.91329862739
45115.92761554242
42883.59846401128
41677.96591620229
41583.16851897825
40339.85433107997
39195.27674012368
38492.52705335097
36820.235621852284
34893.056154183934
33570.58682873354
33635.1445941821
33926.013439259616
33739.77643841765
33340.877392558075
32271.100089287116
31962.348493530524
32343.33680036971
32235.245963481346
33035.83904120467
34111.11679268621
31929.899878525724
31736.6372288403
31968.091757141992
32698.041214990448
33313.45365363054
31406.395149315485
29599.479924996645
29333.317127000497
Score: 9.547382486894765
Runtime: 633ms
336026.353494656
325733.27484540327
315359.5293682951
302227.74011705775
289886.86226722057
275506.6357775046
263077.00166693865
250260.87575740158
231006.1156201229
218255.5893783912
210437.83162532502
203342.8036902006
195431.41572694617
182640.10608320055
175485.49124750803
166002.41350237784
156571.2319120102
149887.9400419662
140160.42092895703
131677.16618568642
121086.76897029074
114689.74475530269
104835.85633788683
96034.0895637265
90131.16529114751
82306.30021911372
75923.22915800325
73434.12254512099
69633.14417252126
69172.12022542686
64939.2483951275
63088.6626559751
59954.816152786094
57925.54807540389
57352.222803920355
55287.0057811568
53703.131713182884
52009.83991941783
52139.14305247967
49848.05854996269
48000.09644190749
45988.04549855073
43554.84971990158
41756.45399805677
40670.41850345871
40358.61597988365
39075.8196553283
38312.884251048716
39473.273516697154
38956.90121997612
39142.149262841485
37846.525465503364
38162.87784712355
38244.079586927306
37073.62190223023
35617.48470771762
35720.52093232794
33437.925240435325
32509.94594386198
32066.7108334817
31959.165096977245
31900.06964136653
31545.478774521143
30807.06052410499
30595.11683378492
30151.888830571923
Score: 9.38753074635896
Runtime: 602ms
336026.353494656
328786.6002400364
317244.0075290053
301137.45504771924
290850.68491493276
277059.93987083377
268215.64544066717
253827.3302236761
248627.25270473422
239441.02688677752
229186.64048868188
220547.46997945837
211976.38459208622
207519.31095065727
211165.12597499843
202801.12754929723
184646.52514663138
177300.45078411762
155073.61728874454
136275.99192369072
118245.1211169302
112571.25134435671
112374.13713298149
109330.87701061924
108801.49829808633
102670.05985252562
97427.48063556319
97535.57398013903
92375.36102777661
90036.08893482771
84916.42371951765
75311.97914210019
72016.11479143875
68558.67909906311
65513.69546824721
62354.54569712182
59479.75571629934
56739.31100310198
54887.726647029616
53736.547871970826
52957.14659096784
52048.98535851614
51879.16274015973
49871.67243452412
48914.707212854744
46012.72376346088
44594.00967152542
42712.12913936394
41416.33848676681
39497.86093086555
39340.06706958088
38609.31684300623
39428.347896519335
38877.796414590666
35549.2887279193
36253.26524724929
35600.14891091747
36107.78595143705
36982.79067085152
35402.18318098017
35455.78497791566
36121.87416888897
36403.763152670064
34711.016125765746
34553.83660545465
35681.052249367975
Score: 9.344411452152508
Runtime: 590ms
336026.353494656
327841.60423373553
317121.23168466875
309180.54636807117
286387.86220961367
270765.73579809396
253962.14632481892
230651.73805623932
214305.34836188302
201636.69205319366
183018.48099521725
171511.57671372252
164049.55870045724
152538.87174490778
146087.16064634945
137377.10421999716
133112.13353093932
126426.02184425508
120394.01292158081
116666.49011491548
113523.36221324465
109592.25460318959
105361.96633001628
104030.04366764378
102385.49974465325
94708.19264404655
94718.35493830807
94531.74099325159
92869.6542832039
87314.20152106047
82175.3534911425
76001.81195550415
74250.70425002139
69549.63216914584
67046.28642557278
66431.00182960098
66689.91295992167
66279.02443149744
65372.87456108094
62867.88400566137
62036.92807648828
60261.14977647258
59349.55828093374
58461.19228919893
55399.06072086489
55601.41012891877
52106.030888488596
52125.63488316967
50443.947802734205
47593.86008018981
46378.25058816058
47424.87826644513
47017.444853602
45155.92697460768
42529.85481418289
40926.33868299426
39682.17583544388
37796.20582393305
37568.82063816657
35943.15070020883
34231.45430554909
34537.26090495265
34250.4037550096
33595.81299553308
31826.295211784138
32272.81385150046
Score: 9.21023542621924
Runtime: 564ms
