336026.353494656
325947.162546893
313864.81757211016
302618.61209993454
287204.42421342124
276320.36077062105
262419.74032937025
256672.36607566086
246152.30488864164
239184.33141315723
228852.30541487754
215973.39160877606
210878.35523529327
197167.52310761678
187793.1091584766
176947.7018245017
173790.78170111706
166460.46849797037
163833.66018192284
153089.53164091532
142868.3837795615
138436.46868725118
132503.16137593333
129989.85481766818
125281.71373144964
116703.43784862317
111632.30089651268
110298.95570112937
103744.2232963715
102906.52745548452
100137.41889860977
100055.20962632232
99884.25636072598
95248.9503428619
90894.04983897312
86130.53981344338
80917.47259188324
74584.72869001955
69071.95773416264
66258.21800410449
61703.449587380856
60201.749807745175
57755.64819701445
54464.221117010304
53363.03254063194
49139.7108255321
47942.043603040176
47178.04425960789
46479.387215503026
45124.925976054874
42798.10011623913
40778.20422901017
40336.513078203985
39633.3453283889
38523.063290461905
36921.94916965669
36879.472279787675
36471.619997373906
36427.22618617922
35842.65311974871
35402.00666426201
34750.91701536169
33786.873909657785
34207.288629329174
33548.57908597336
33278.15485712383
Score: 8.930766867478958
Runtime: 588ms
336026.353494656
327800.16454285634
314335.70842175226
306098.9454374395
288165.2388258936
275977.765329485
264000.36049474636
248573.8279106394
236399.63303047628
221929.4420767124
211297.3987813664
197757.85283690158
187949.82283384888
172578.232535824
167918.99758089124
157091.15443897477
151121.34991719536
140391.57582038298
136650.16227704321
132548.42775632834
126189.36511195486
121941.81286339073
111674.35812840327
105285.7605209166
100375.39996564371
94156.7184802795
90538.47040295196
87420.89269587595
84061.96870400976
83814.63095160335
79258.58410004737
74409.38519667459
71512.89521897193
68921.93767352418
64335.745529554704
63464.76119683558
62896.51179552324
60280.18052483467
57421.10560695545
55151.23281125036
52869.16838071456
51310.51658987892
51302.75497943792
49344.184776466755
48712.40982666463
46120.67248765162
43999.8371047107
42419.176886272915
41282.710144261444
40659.23507741371
39737.63407658008
39309.63638640367
39657.34013171144
38624.820777335575
38606.81261616467
37396.52263730585
36541.01989071111
35893.411693701426
35602.84629991425
35284.94089531816
33811.91965627517
34447.2757174336
34138.106751336345
33338.04760707739
33125.55748874914
33443.43409459318
Score: 9.121219970582983
Runtime: 649ms
336026.353494656
327460.7380004012
311825.34742613725
305102.91080083174
294433.0365638787
281867.0002473004
271686.25445345166
259783.8483993493
244952.93810591468
235744.41440171123
225532.64552205466
209563.9502467122
195140.32220187792
186430.64237608938
173291.74737988078
162762.24330649164
150730.98284974683
142949.53157391702
133717.2070003146
122033.82086798323
109258.18682759393
98847.75766026438
90109.50973422988
83128.23061242988
77876.85184659729
71394.35554543554
64559.8342768581
60440.3430344252
59393.30790731376
57513.22237295898
52601.82622826346
49846.53991661302
47653.1781789632
45813.0204214195
44366.261992121574
43095.26121662326
41513.13720967742
41127.07847235203
39567.23749581306
39355.41345078443
36151.11112110036
35832.99682391156
34747.20180285464
33986.09489549937
31927.113295297066
32824.073236648146
33540.05584313186
31753.912736588154
31823.323105589556
31577.670456226006
30913.965307265476
30473.55745251883
29782.0635281092
29582.654388924755
29970.645623674478
30540.173072082034
29472.630513112308
29367.992964283283
28910.339265225488
28610.34039741457
28419.142872499448
27268.49005804889
27546.016799165045
26642.695921309813
26055.810230386985
25694.76821299177
Score: 9.50070839998175
Runtime: 607ms
336026.353494656
329323.7628469772
315158.1275496352
307750.35431004077
298112.6493647751
286283.0227734795
265578.9197715452
244921.17788229717
236526.3186818533
220038.27145817922
207803.20616283783
200211.60028938446
184707.73642997284
175680.79471941397
166913.91229178698
155166.6360401202
145779.2852612896
142544.65940708257
135597.99281783754
128462.23910570545
119503.88722705912
110474.84551791973
104237.3395466158
98696.21551644245
92854.19010093203
89618.29536153475
89221.26041166313
84392.21550822539
75743.93010800611
73448.78406682622
68049.32361525588
67223.6534348009
65615.65912929621
63008.62048575038
62637.14725886525
60079.526840393555
57319.23254209266
55919.515315326986
54428.65673290246
52849.16891582002
51112.185877705284
48373.97167594204
46812.96807200618
44639.07175334016
44503.886091878296
43378.315869968705
41782.94847338043
37690.13243477474
36980.73332494185
35059.18705324467
34664.425127571594
34286.9959694152
33295.2362966922
32705.194888428356
31288.18136825768
31293.495986302758
30865.461340699276
29615.323473874527
28649.295842392556
29794.002881760993
29386.980509567948
28861.796632398873
28249.717313340632
28581.13175547104
28210.84388367453
28918.757858128098
Score: 9.179524508845477
Runtime: 588ms
336026.353494656
325093.04742713977
315595.84726559505
301164.6780308254
289944.26873257896
271827.4989233571
258338.5611605489
247420.55586269064
231043.19504958062
213829.21599606654
200918.56272089927
189335.2379476737
186056.15876828306
179037.99027812388
168055.19354122406
159926.67844742362
153551.46418625282
144847.52956909902
135876.8887905689
129673.72737392856
120776.13979994757
112406.11615163596
103950.0256326532
101831.98163826062
94431.38081440164
89082.88453764918
85857.33548979108
82440.7766257283
79062.55091960829
74041.60766875972
71624.17274454351
69465.12192770609
67987.60292630013
66770.5670364893
63304.74653480959
60008.74771796982
56529.01668518023
53219.752035538324
49997.18689536854
48088.600694453686
45475.32355730693
45431.45895797417
43521.03588955791
43682.498817406195
41896.28756863446
40274.75532197603
38117.63848298818
37010.87740412773
37939.23967614392
37131.21008053159
35548.28948907067
34076.6092017115
33680.34150225491
33177.26032970877
33048.16730585931
33386.62743973362
32506.656153619646
31146.997748288955
31178.06204264143
31570.02870778338
31597.65606637213
30391.046396189395
29361.301227260585
29216.948143815025
28557.178899305356
28289.100588759575
Score: 9.176392697375436
Runtime: 615ms
336026.353494656
328700.6631361495
314411.694441457
297639.00876493676
284805.200336552
270566.7785080093
252463.85329960956
237287.88709978005
216215.84210414768
203837.1970298001
189634.11410025335
173973.24723823502
160773.524999346
154690.98441069853
145484.28451945868
140636.81068964483
133159.19052693952
127341.05940009376
115538.78368501135
105519.90653397227
98650.08062445279
95677.76955597178
92731.34876969518
87226.19651984854
84070.18578704391
80413.11200314474
78019.50314217676
74176.15809171
68383.63433402876
67030.28852492954
63870.1762113883
61399.02007599351
59456.60978392993
56243.83530995935
54835.67612088507
52080.03746237595
48933.189312030176
45116.061012043276
43947.042506208054
42958.91916241004
41094.61991583181
40085.99374825761
38523.513355301686
38956.10804429585
37230.390513809354
35898.99179064831
34269.74905155299
32897.146130906716
31902.82190845054
30827.550192665953
30675.368030516376
30185.616346314484
30167.99176598873
29742.070504949636
29484.516820081928
29058.648708731136
29135.57392974227
28912.89092754571
28562.38679798295
27832.50131469009
28343.737205584584
27031.088943947838
26671.187392403404
27016.169179300385
26217.477661569894
27140.07228280353
Score: 9.699087641512861
Runtime: 613ms
336026.353494656
324881.5988243503
316400.29273890343
306090.8101094461
285839.10697047814
266614.66170883185
254446.21613386102
241671.15501129985
230200.76428126547
211284.90044834092
197274.75147003008
184459.22194283182
173004.54697472075
163355.22687997288
148773.33104025334
137642.71216551415
127676.22540665536
120943.9181071437
111138.23173264075
103369.98552468473
96063.0814126606
87311.28955098505
82421.31973309889
79356.60926260611
75714.33319393365
71592.1677060523
65148.13870943475
62723.23645499345
59585.423895511405
58068.3386748994
55942.83872280233
53971.98375315944
51750.26610412474
49962.9218425346
47184.948073417145
45556.62646957976
44055.21848351862
42394.375954394614
41024.83057932473
41458.95331389624
38671.627431086505
36182.36550827907
35890.80066409451
35258.93014720128
34188.56114012144
34811.38931137063
33853.327379644536
32726.930125414892
32833.22559982612
31286.93862294053
31587.87307544705
30835.775100563475
30110.497542821195
30231.375212533836
30122.531835877588
29532.618560854287
29574.559363886565
30161.230058612404
29942.740874679137
28864.99355955239
28342.949559186025
27530.022725108247
27849.801129419964
27352.04686688952
26547.20497604846
26583.58752628627
Score: 9.482237949875413
Runtime: 640ms
336026.353494656
325138.72997842735
312711.60224236746
299123.26068856934
289574.6820951197
274695.07636303216
263572.42333217594
249395.45374618494
232624.3759459346
220378.0665481628
206836.8204784872
194390.3545388011
186889.64573619902
175685.10744096574
168811.29110481503
161283.84197983812
156667.63911725234
142237.8962109816
132294.29776948734
128943.76097973862
119220.82835569428
112135.25817160806
105329.63665686204
97416.04614438071
92669.87770356477
88921.68610490067
88795.59604115928
88160.41627031511
85981.58683896047
86155.96364748549
84924.18487855355
82498.03871153471
81016.61468039404
79211.99453020359
77330.19100371483
79009.9714799697
76925.23191440068
73534.88858743205
68267.96696614605
64397.54683810191
60607.620025876284
59672.6731919278
58450.07127901074
55256.22623677363
51839.02715256706
50399.12218034737
51213.61804402357
49188.346427306926
48295.06052775466
45832.09345066039
44971.96308934662
43830.408573808614
41581.12580279673
40669.348313339564
40080.64029199886
38817.067372376434
38557.571387203134
37716.72309353766
36519.56144418256
36595.384327227584
37930.96800855695
37091.48468632431
36409.64982924494
35758.495708537506
34375.779210089444
34609.56318931373
Score: 9.321759970938583
Runtime: 624ms
336026.353494656
327091.16810459184
315436.523856107
305144.6352989243
289795.943266172
276409.5408911174
267315.67699058756
255941.67280671193
246018.4974147274
234325.4480060644
222080.14780915086
209096.69453507598
199030.2350431165
191740.42760554323
181538.80110191618
173100.56705378348
166680.13225677182
150310.29823487203
142741.1848385946
134179.40098082894
128024.70495267338
120902.21638599102
115525.68692354095
109533.73097012298
104997.23918648015
100504.15254389748
90071.59559019755
80724.4116427027
78029.44389536961
73401.16747233982
71952.18618682162
68708.16629109412
65712.7935298896
62335.7852610545
61034.09516708514
59583.66965331381
59410.01936972881
56643.1376597115
55636.564557581165
53745.56086538184
53848.95571617958
51689.10537149254
50012.52917547052
49039.29973344465
49013.37895734971
47215.27245041528
45822.34100299104
45951.31811469397
44303.871925259664
44349.567737014906
44211.846171718964
43838.79182700942
42205.22806316012
42114.148559496374
40487.53986888116
39447.94859503691
38316.75840187107
37343.13068980743
37189.06569561952
36919.68164841098
36779.57538914281
37900.15921361129
36335.13293349159
34819.55303003087
34812.760129336326
33825.988435173545
Score: 9.08168485963743
Runtime: 597ms
336026.353494656
322990.05037482525
309542.4759923087
299477.74978724355
282059.52013072866
272064.04602374806
263268.2748513573
250423.4429030444
241124.5774052731
228183.15483988082
222884.3986959509
212338.73081185092
202519.03272634896
189471.16201471654
178350.42385952524
168038.6983197275
159307.0703294807
152012.3090696606
147399.5664754093
138069.75964402835
133545.24581230612
127959.74790661388
121265.07808467059
114891.84419903754
106912.04086199685
101816.00681419412
94694.72213797928
89791.90786209349
83915.73875962985
80242.80307126236
77038.16762240109
72907.41623081916
70775.4371140024
67765.43633911971
64681.83684904009
60455.17780420008
57441.589254868224
54907.27975436884
52647.49818558057
53226.62273768697
51979.57578364644
50249.143120515015
47172.04261016908
48009.40646756921
45855.76462509486
44213.96419663975
43196.47365921053
42295.44414916059
40997.13176869043
39071.48143109074
37677.87057065468
37441.78054518107
35977.81405553438
35308.686093344826
35832.39271657305
35039.671299927766
35328.9641999374
34035.58021484954
33256.4209634759
32508.50388542635
31858.750157158003
32498.274806378693
31874.533218864643
31483.277760446377
32175.93905314345
31910.936685432323
Score: 9.16097545837722
Runtime: 622ms
336026.353494656
328337.6369896801
308095.7759317003
296367.1637218475
284446.0338651432
266850.0675277669
261117.44241965795
250569.74941839726
242658.57312491405
234103.5850613649
218593.62607643192
210332.4044927675
202809.75089398175
189041.9226095839
180772.4526263079
168106.08268375698
162299.99036934576
150178.9021321785
134053.88076943794
128189.02781945413
124006.12825373128
106092.0771750712
97003.10463259138
89741.83070246228
83466.42957229102
76494.37421076804
71425.31589566066
67948.94322346886
63438.45845207256
60329.89568992651
58106.2621344022
55405.550855104026
54929.40903350213
53070.68954802916
49337.60686747962
48766.392995616174
46635.161939212834
45245.31005535213
42687.45099727385
41961.33882711453
41868.064744286465
39838.26547162011
39169.48360457872
37596.830499663185
37175.4688464164
37081.01274197992
36111.637151957264
35417.11819449746
34588.532921088314
33947.71376111684
34238.4308229864
34000.09598362931
33190.24626617329
32354.211712752385
31270.605593630822
31177.26729186783
30929.99089327259
30978.834794144565
30800.560581942947
30728.51725832802
29804.032315307788
29626.417861809594
30102.998304002944
29587.80893278951
29737.864323171492
29472.59129750199
Score: 9.265334594027363
Runtime: 618ms
336026.353494656
327076.7599446452
320341.86204538273
304353.92759942234
293171.87992301316
280513.9491803989
273872.63443633576
261726.3105473368
248726.24393353748
237889.20179904217
228337.0415451863
217463.98303804948
209880.081401776
197047.16137768043
192428.86213158412
185021.66630341945
180053.8220818606
172163.14538069107
166552.30252351591
158021.49632201964
150698.3435878262
141749.7847293575
135715.07016435525
126909.91314412937
123087.51785978152
115409.64579171903
110733.94197671808
106963.99312071975
104199.30420810363
104261.87264483675
100159.8886504948
95885.69917952285
94997.62627566721
89917.09962633248
88010.61625705547
89334.21132033742
86399.91777067355
87024.15846529204
81922.69703092352
78174.1452173081
75755.87303241614
74045.38633619783
69547.71045113537
66421.58893782485
62920.498072872186
59576.80912930887
57437.527366306895
56444.67331324917
55441.60940898903
54227.15800085973
52811.20359014618
51945.54111945858
52058.988599891054
50026.12730201611
47124.06182277379
44851.39679657809
42275.75927216028
40048.4269556337
38679.62136529735
37432.34576447707
36438.55665673638
35206.4624393396
34806.03273606321
34464.36361153769
33652.01817463083
33623.54775790515
Score: 8.921726056337393
Runtime: 596ms
336026.353494656
326153.0745939443
317123.2656894583
301778.5827675136
291666.7944265833
279775.01538577804
263715.08601727313
253592.3104622589
250586.21067662726
237226.39851324284
223655.34296096544
209852.43630958468
195897.10644544283
186947.77386135145
174705.8218328718
170243.59161901797
165182.81920904148
152106.3070216186
136316.87041292863
127645.55681184733
122037.15784594933
114515.0266466377
108957.5967636007
100621.5136889028
97730.65718120184
94012.00602605891
89353.87379923533
87094.12096709956
82082.20769792744
76047.7757934366
72228.1967107237
71204.82199917072
69192.71251694177
64546.775985979126
61134.235009013806
57466.91617533718
53638.95247638692
52805.801807610565
50769.967298757074
49508.42055642149
46997.13795475845
46047.05993236346
45951.2681765936
43986.01870808384
43209.10228597971
42412.56671464929
42514.25506046008
41881.05635658756
40656.84553898302
40333.90702968441
39719.85912505023
38523.54121299264
37350.168557899655
36591.54751894495
35112.99898610542
34409.20813828256
32972.9226380484
32633.435398096717
31937.341251041133
32391.115503691766
31928.09684262688
31823.89742300911
32085.0661464158
31768.238930449854
31931.139972390505
31203.2064170209
Score: 8.870202356005773
Runtime: 586ms
336026.353494656
331457.8339004653
317564.00232204614
303834.59592471545
291323.004725219
271100.70890460827
259501.84099139136
247393.09463076046
239348.393008656
225394.16882515547
214988.61931285416
196982.02318452377
184232.88753737524
170619.57835552163
160015.2831589517
153924.88347292287
141416.81025404026
132685.1742377844
117429.25020582236
109774.8622400168
100276.87694026851
91542.06009618867
84399.86651464392
78334.47469562794
73648.52664186693
66102.31241494679
66608.00007154349
60167.637402869244
56613.829473242964
52834.82795296449
50756.76487112968
52281.492819848296
51042.98039356085
49551.66991610461
47364.18152804307
45777.57220838259
43317.13866613242
41251.476445850596
40379.735678487494
39333.82344159394
38275.02934469394
37895.56448007323
38958.059302100046
37079.49189348498
36204.553364426996
36443.974149549744
37415.348417204994
35995.450935339075
35614.73890471056
34543.85203853072
34158.83324152739
34137.69779257094
34737.382953284556
33957.46603672122
32298.392271696055
31861.618922029993
32482.10849187565
34248.28973412698
34077.44069109899
33808.573527319604
32775.10648419295
32928.01679613122
31381.875068756297
31703.41365606108
31993.4409315618
31438.711867046855
Score: 9.439602581422042
Runtime: 626ms
336026.353494656
323084.22104618413
303694.4722810132
292567.1271754866
283908.0852542202
272347.9821280881
257204.16867384512
241983.88806892658
226339.65213885327
213778.9919607499
201855.60197237405
196740.89106242725
185998.31460019865
179045.6923299004
172673.0974407258
160830.32924049319
151158.31821615755
141594.30526522713
135228.61033159026
127881.3358781711
119426.75678988516
113118.81907236516
106305.33708974523
99677.64164260932
93633.09129058215
87445.29103021939
83056.84440610475
80028.49263004884
75115.64793302106
71821.55206742139
68434.42358003685
67122.05300383881
63134.02303994369
59447.33040226111
55033.03347763192
53860.07474004862
51974.74285775972
50462.08128129323
48964.36829620294
47243.064916414965
44820.26219147254
44267.47389541397
42396.72235313659
40757.463835585695
39126.55289270699
37747.81199279319
36974.495816043185
34868.42548659754
34811.2144156702
32595.672584599557
32341.525337845804
32527.243377975705
32250.323103695362
31958.54649849073
31367.46081196531
31737.32960032832
32239.01311692664
31548.691593109354
32934.72263525614
31454.195711951525
31290.653106996662
30923.242668938456
29900.39051917606
30423.2150958514
29358.313081788692
29210.92226217173
Score: 9.182254233587068
Runtime: 631ms
336026.353494656
324324.4634991078
311698.34395025857
292404.29640250496
281732.69368362176
271891.6518621666
256243.5655887179
245898.17383940506
239568.8493018101
230928.79064169203
222469.27564538654
212074.38603850774
196693.15191417007
188788.8529697274
177744.96860257644
165006.95205834872
152030.45970160628
142222.75457682944
132279.2476133803
124854.10880822368
117156.18554794186
112393.46358020732
106613.91865055684
100881.18726600491
91418.14164353367
86156.94494902625
83660.67079513814
78450.83073250779
76086.88623894083
73676.46575348424
72933.74012458522
70580.81715681287
68365.12067397682
64540.78062291162
61091.140046939276
57415.022200654836
55780.0225985664
55711.51486055795
54504.1329351548
53615.63487123864
52087.35459402655
49949.895388910445
49297.97693064335
48437.71826881314
47302.982145426264
45536.973497618485
43780.811692808835
42701.85427079512
43008.210641989484
41918.77420658516
39913.30063784586
38894.96853534007
38088.48489722622
37234.63362113988
37679.00035009898
36015.76627277872
35600.220387899615
34906.96666908276
33552.49838686729
32946.44874639667
32343.64269967522
30667.39862391379
30195.974416696918
30761.83547132939
29632.85237969315
30745.633299165904
Score: 9.32400730502301
Runtime: 618ms
336026.353494656
329795.3067419391
313820.6755086221
302991.43757182336
287047.76545532915
277076.5004981551
270255.86194903293
264747.06295662065
255821.06089531485
244235.07046177462
235250.57129764135
217478.542601482
205558.10956147686
200324.65578214457
186175.8253952564
180180.7600536479
176758.6143606869
170712.49164394313
165979.39385513045
158479.07307000185
157198.84808836415
152106.80526384196
144915.7335903051
137197.4158868355
131151.5377278822
128458.35406669335
124551.13106589938
117726.85667983147
113171.62429355262
108956.15102344389
103234.44226451532
99920.31575459313
94246.30966092601
88689.5171514326
85926.65738001055
84524.65674306042
79691.27117579947
77126.30920588726
76019.55103682056
72861.88352053915
71710.05227699653
69392.10370096697
66020.15297265211
62959.555400229685
59668.021002009904
59121.3484459685
57749.680644107764
56697.008515448375
52401.515868062575
50029.67721595181
48436.84679685083
46996.62195959603
45431.693359422796
44032.68518310288
43191.42653824167
41989.01632219992
40911.60491313503
38901.99684356949
37213.525630624936
36165.027111820986
35896.994921207406
34125.887873109226
33514.45294977992
32158.36408238503
32858.452864288214
32177.73984332763
Score: 9.667894822419397
Runtime: 604ms
336026.353494656
331057.2999895251
314688.01050462475
303763.3802827252
290946.8422219852
268027.88954705675
255037.86974293707
236105.46092009504
226556.92779551822
207843.85972393048
197652.1044483221
176022.5134224924
165367.5343621236
159681.6181308195
144679.5693915103
136483.56368588857
126107.23273837537
114931.94138277853
106929.57287153647
101462.40860281796
95693.11067277908
91689.32232099022
88307.60326593288
82174.48937424467
80760.8628221802
77588.24478065944
72344.40948331544
71332.85761973714
70971.90285897955
68823.52363697143
66583.43562303406
64420.501582132296
62089.69528771411
61119.477538522406
58910.86253510639
56793.06097859928
54130.04653121318
51994.46105900369
50767.00072927493
50532.57809937055
48769.4021321085
48551.060738669126
47376.32248031324
46832.055924356995
46285.70797294951
46162.8008575644
45568.74871249502
45024.0961525339
43884.52614687661
43343.39765283224
43593.61953637331
41730.23266234191
41739.300118196246
41095.05818842871
40156.405416331014
39657.344982507726
40077.20839379355
39436.12682490176
39300.324361728155
39750.56199859909
38084.75445104069
37252.45488082454
36973.2470648583
35764.56419954909
36091.99986421802
36799.46127531362
Score: 9.229362469408152
Runtime: 655ms
336026.353494656
327505.10952657834
317693.0126968704
302733.43534155283
287247.7412519477
265037.5945263657
258107.617067289
241781.41001932495
232968.37134787664
212106.2203978908
197453.6326177001
189860.0582948396
177827.21068486784
168501.29790672776
160585.449386974
152741.83913982456
141370.7881926992
130730.20641076467
124272.3129497381
119031.64247571549
111406.13908229444
106019.90888574751
102516.32646795147
97019.36151295672
90998.54163932642
83783.07434472923
79469.31303738499
75892.26522995716
72794.57065865668
69481.27308517354
63083.69459195302
58412.81568702865
54898.59041161455
52119.104974010355
48991.65143933255
47646.08312475234
48297.32008236187
47700.35113680494
46936.289856581854
45096.65933903703
44893.188274646134
44695.700117280416
41244.309672435746
40758.95092266788
38614.490390498155
37567.9923269702
37373.288659749305
36248.45447527479
35173.93840873836
34230.91283844202
34507.07499421338
33709.95411101432
33488.90401254343
32598.301665520776
32166.274163439455
32260.555507452624
31439.753881267272
31785.507504246903
31338.806707671898
29937.856247490105
30655.855243658618
28618.638515684375
27181.31372280736
27337.219955543605
27569.452536429388
26868.897386920515
Score: 9.401266126871464
Runtime: 608ms
336026.353494656
327432.881381075
315163.45954614814
306109.60071097425
292031.8170802958
274351.67012769345
253441.7713793166
238610.4889847561
226569.1127665979
213383.7698753447
200659.05910226275
190836.21578177976
184671.61113148436
179886.61456967267
170129.68970256374
160169.16877585874
154542.7438858773
151742.92831742784
143751.35177094597
133739.8167147004
126928.5700912236
120910.47218235627
110615.4864158437
98793.33798820293
92919.25629462421
90111.03510093805
83738.56234564424
76751.73778303637
72287.34206210112
65594.70326625335
62712.26699672693
59593.0600746419
56367.40486255735
55196.317949671844
52975.08377008055
51339.80376601461
49121.691509358214
48286.33822293697
47539.013047331886
48010.41946508682
45273.01322194714
44313.31264049927
44368.69461881095
43658.171827472375
41574.7610758291
41317.84937896287
39637.0974700811
38160.35346452038
37141.42900192759
36924.00000541201
35965.181628640305
34170.059822857016
32602.637286977148
31112.197629290724
30523.0696412716
29788.741228512506
29863.46576819763
29951.022368427897
30137.33596801625
29309.94205468025
28518.955910093428
27421.839737023478
27182.63317134594
25951.982859908334
25998.839562889098
25982.573940904196
Score: 9.75412439415759
Runtime: 599ms
336026.353494656
326269.5710039872
311682.1658494081
301200.25331565784
284336.38953150593
271822.35353581636
260422.68654768786
247841.0809929962
233329.33581731564
217379.2422814302
209102.203231322
193271.00329652292
184154.540895866
174727.10714888969
164330.93224647403
153544.2485894348
143703.95524574563
139435.89502574835
131306.31535691052
125372.13581889935
118751.8945308673
111555.93918491175
104625.47390715049
95597.49008310003
92275.93304847152
87084.90045718451
82439.03529292118
80215.22165784915
76431.41980909002
73670.47022317002
69616.48590241934
69546.46847100618
65277.51843372931
63202.8955333898
60611.50109498642
59494.338048125326
56552.35722963448
54158.094192089025
52486.71000115774
50790.789656657056
49150.180763632765
47452.08168410049
46487.15155093391
44756.47403752865
43378.22891101133
42570.25380741639
42025.19569120513
40550.6957491164
39665.78150747217
38163.783854502566
37249.25545834761
36422.07888828141
35832.70507040572
34121.830271221486
33767.54832569716
32608.96420240694
31616.77208173173
30606.51400962116
30451.7669181782
31623.99776992886
31699.31503833648
29273.774826902627
28347.449191558033
28802.99858110818
28611.88695041613
28623.67479798065
Score: 9.096894274094327
Runtime: 613ms
336026.353494656
329307.38178032223
317172.7515894074
309660.3557612541
297756.0989927816
282693.85533844196
271155.7492844989
254891.50140091905
245193.37763067774
233753.26997363855
222948.61439400684
212526.34299880135
197883.86354104296
184436.15477871784
168109.85295334083
154019.89630100274
142014.91355001146
130392.77062878401
119869.02574879328
111361.13039481886
101495.34609942566
96524.85896759761
92463.18321118133
89107.01237104715
85227.60770908362
81768.9113950768
75770.47073742072
71132.19261197392
62929.53791236211
58426.631061412496
53347.97550357214
51003.38129938885
49569.73923200844
46796.759328406086
46274.41317763564
46186.230748295064
44794.83360215758
43174.27032404867
41717.03031245458
40012.29955703798
38397.03937637237
38605.60037531143
38983.56795758874
38461.75741358505
36998.3725229304
37391.11638408828
36309.31079672486
34138.901669369225
33688.98859352763
33526.15839697737
33769.17634392087
32866.57849634603
33047.723578390476
32526.74970001463
32117.98905583436
31562.67287359374
30944.253508434995
31708.22121155368
31525.24020439224
31504.341947653327
31228.093882900266
31281.087174268592
31899.929220752685
31708.28037597191
31002.12710428099
30249.266231674686
Score: 9.642319591567352
Runtime: 617ms
336026.353494656
325693.62401173485
317488.49233349646
297888.69349269324
289039.6850654917
278739.08702855674
267205.8020465326
251726.00993176608
242454.7591346437
227471.96442096992
208037.70259991096
196112.8128051901
179367.3004158126
165424.84389402063
158588.13093169304
151170.34840629052
136970.609417596
129563.11570096576
122442.77603787885
113510.70725178666
104005.13919874006
100931.29865458606
95635.49422410624
90350.70388548648
85266.60770240027
83272.04266541147
81556.55750286409
78505.94295605639
73407.29875772314
69709.76077319667
66795.03659448402
63831.7816397093
61421.02789477136
58699.10543611577
55782.033266645805
53863.63785362582
52288.05850640485
50923.24127049501
51046.509206492745
48458.16664323869
45717.38317682465
43983.21422655326
41909.00519736776
41560.97438862665
40761.85329100208
40528.80004133296
38867.33919890939
37161.52872046963
36430.950242206796
36128.32685232222
37454.95800882914
35649.50897953319
35014.18994829719
33512.36044342532
33026.75435434667
31843.397941309253
31826.281469114507
31128.87095878215
30018.01793184177
30048.07565994137
29685.60532937241
28381.704597035638
28457.078313300335
28239.664570347697
28292.494375237286
27101.743908212076
Score: 9.100919294227976
Runtime: 595ms
336026.353494656
332694.37873696955
315520.86816526204
305942.47345391737
288853.61741093383
274785.0677056767
265897.70749705704
255590.2085944832
242756.2502505944
230100.96352917806
218069.914206419
203193.3620248693
192006.15954111682
181604.16291348782
173699.18693547504
160284.11493090697
151486.80335508488
140776.65332038238
136250.99076849959
130555.29609702992
123814.740911588
116626.00984335256
114312.45637062698
109692.72973051625
108596.03670856511
102921.27367995601
98452.11082003413
95601.04328422027
91488.59786689714
87343.63633159123
85463.16402179869
80831.45392333003
77137.55922564116
70780.88191307378
69185.61352801806
66750.59416702484
65789.49537710387
63492.906040075824
61253.377615236306
57032.34186217571
55565.98840183573
51670.98168272281
48687.30643415746
47521.282965597165
45617.45999541406
44051.744155060864
42919.1792458467
41893.57350532489
40015.61444926885
39444.86154750625
39077.46339572264
38281.20189839431
36896.72886817951
36537.62552328849
35237.368720744285
34534.38692702062
34695.740616745905
34541.3372524409
33236.88245223216
32629.47157827168
32692.676746356916
32139.06544151237
31509.29397887567
31454.576165156996
31810.4017038491
30795.717105458716
Score: 9.157125464969702
Runtime: 583ms
336026.353494656
327599.4623607108
314296.70695503225
298572.3575360836
285434.0709768301
267607.272086717
253591.12403667314
246112.6348185518
236380.62786198716
228806.70404846233
218495.38126311818
207763.4606678176
196297.5099869491
189338.2081129087
183791.79124322836
166643.76856574515
154080.22546728764
143669.79986182557
133385.6427617191
121157.72265634463
107725.21799723043
96575.46479215463
86805.07022278807
80738.8927537729
76754.12949732142
72934.80830157736
70452.7637651313
68527.21338300222
67238.95426198535
64069.22572638706
62164.09226185694
58867.97816231928
58769.18026124838
57035.266782496954
56104.11360477908
53771.28711341485
52460.98590319532
52412.520043527446
51804.29739881734
48688.16686275164
48802.4289914208
46116.2166235095
43931.994701752505
43180.207735616226
42321.975156234716
41048.916891202454
40168.04414002563
39032.27624053847
39198.25124881828
38313.33545831465
37820.4007426065
37490.87892971222
37622.87581350118
34382.89973503607
33747.120958397776
32595.680875834136
31406.212379630517
31128.544857404744
30103.549489104767
29144.678540528792
30699.939048557735
30453.5662748066
29512.794285555137
28542.64448023725
29530.38693402897
27787.89691972409
Score: 9.521328371958822
Runtime: 577ms
336026.353494656
330665.89357905765
321446.9114085327
310917.8708703035
296178.1102602369
282304.21588280966
272761.4487741103
255407.82368035952
237644.25085162593
228682.4480493319
215593.7814521954
209926.15346766505
199118.23466669116
187320.51142146206
179961.89308116157
168169.4031886109
160446.37608901746
149247.932055359
140493.92541583226
137083.84869605218
129422.79192994682
122348.92523344238
114732.64903046814
109042.99326955715
102818.12552943162
93241.06220008901
87239.29229511504
81479.76136799331
77847.05317929586
75174.22585314423
70392.98709214853
68604.11779813755
65956.20851583511
62305.974683654385
59081.531973418394
55974.97235812803
53574.06697345514
51241.32167497947
49179.64769079099
46820.909832059915
43669.37197688925
42987.996581677726
42092.71853143495
40381.888275558995
40959.37122853301
39783.275654524914
37309.09864837439
36197.79217349246
35328.32335887366
35566.78316553016
34729.810617405856
35493.79393962635
34228.0494110907
34926.714078163175
32477.208899522142
32857.37326555409
31449.025601488163
31149.793952351974
30978.765722591463
30516.703499798172
29126.21713822785
28467.206439705787
28696.600053492704
28793.336402662484
29755.33470270698
29748.949849216388
Score: 9.246040154964257
Runtime: 650ms
336026.353494656
324418.50845764286
309632.3859002802
292192.205751661
279111.5630415917
258921.06526806342
251001.94490938692
235758.09631399967
223620.02055731282
212156.12029003186
200371.5287737424
190491.01434883452
177602.2451919855
163809.87481049474
153867.18115125454
137004.45650888907
127690.93743648077
120659.6990381759
113791.96346367187
109633.46695280286
107646.49713453096
100744.54238227125
96244.33814859466
89721.78086693818
82970.197598668
79084.50101006213
73708.15102927876
70948.60832667614
67098.70357545247
64642.97583334289
62939.95290720153
59998.00546556514
57232.977903552164
55764.20419076425
55244.16280642737
52777.5404217411
50537.19618836391
47732.1185419242
47486.763693265144
45152.11619936767
43622.74504342345
41785.09473765282
39431.82251941503
38931.37535536791
37280.94539694022
35422.8117080499
34276.29469889641
33946.03024682502
32630.854595415516
33265.59759452207
32342.85813615257
31495.433950095787
31169.498186620673
31120.605250576948
30579.29947524352
31106.46195568699
31147.361154821498
30686.94413431183
29703.47453072595
30005.63221689721
31268.13477220085
30741.699442296078
30153.161678204207
29051.49585597377
29139.057317966213
28611.28371491406
Score: 9.463746604650083
Runtime: 624ms
336026.353494656
327381.27663094405
312690.5288565938
299181.70503162657
287681.6242163052
276893.4068414583
266494.6425609588
252550.5989994198
236556.04880825683
222006.7523547139
211320.1796901936
200534.7772003577
192933.94653552497
180997.25590009624
172523.42417398343
161034.71788204295
151261.27565449965
144159.95379056822
134713.53863266853
128667.95583976495
122646.6662284271
113667.54364550753
104053.88632896483
99888.63976324363
87522.64717273755
85985.09496183594
78905.3046083183
74720.42814108159
68697.07717011732
65848.80719221619
61588.342069903396
59678.28787734853
57421.30187357891
52579.307817344816
50401.70494332501
47080.48278788463
46133.07079815051
43905.407868391456
43011.93553094869
42748.98576001291
41214.40667302421
41556.1822251539
40469.833481806934
39608.85557186725
41181.39528775318
40955.44111398874
41041.8884341658
39223.43796983763
37905.619331594404
37407.01318839942
37007.805359933496
38109.47413480517
38337.79318721386
36063.564522526736
35789.54204045985
36469.1830542766
35976.54052716538
35589.68662720596
35183.47048929576
34658.25833299696
33935.21908973365
34299.01277987493
34104.084543492776
33090.21913533548
33160.0429346545
33732.458791001474
Score: 9.013905682824264
Runtime: 595ms
336026.353494656
327909.4886831351
315930.8185191299
301564.78130484116
286127.09708721924
272749.4815033524
260651.37803574378
252626.945838803
238256.2699568369
229284.1480583832
219257.98965947557
211288.94096920223
199861.15972306332
195088.36683066242
188588.87772071338
178454.62833381383
168088.91083611856
159861.4896328381
151646.03364738825
144114.67659000246
139705.32248503767
132852.4821365269
125945.60994059886
118784.2454680424
109720.31397157903
102806.32101045913
97118.05816784137
94242.59972627851
89598.30295512259
84826.18739263187
77345.9545696613
72679.50976627975
69442.7985548933
64247.55497932774
60129.248875024314
56824.641099116314
54127.35963124913
50238.746656875104
47937.73728869106
46559.89526717778
45190.9113056287
43006.27071146417
41923.71007419337
42419.23250322182
40841.98565431854
40770.49051285638
38798.38071952788
38219.89254547583
36661.12776126673
35859.20202977937
34961.29629929656
34676.913111636975
35216.62558061104
33769.59622381204
32392.165234679927
32373.821596611684
30823.873520985522
30450.101774473937
30169.92215923913
29735.9488054741
29579.210526263705
29638.568974629226
29962.138686399026
29935.5648439077
30031.30210751552
30506.854628656918
Score: 9.316919222245323
Runtime: 599ms
336026.353494656
322876.0985877259
312847.9767413874
299519.8877259146
287252.14062914986
270380.2140606252
260903.44326967731
246945.86025706728
238962.215997587
225103.59545027715
216872.77278954565
199585.2164791187
187932.5766843499
176899.51320978935
167098.34609480182
159760.45391989488
154321.32838261058
145906.76103030902
137987.74126227302
132866.56156918948
126174.49046039875
121529.68486589585
112263.85703101192
106067.61347482483
97891.28641168978
93522.8250254206
87362.48575300726
81862.27112980296
80663.43142594263
74773.48264607353
71945.3343287463
69151.9071697198
66129.82842503142
62423.372078284905
60541.803075004515
56545.645945733326
53246.723316438554
49280.90661265377
46427.68033418276
44846.882353056724
44616.488768390096
42918.62875008557
40675.350389863066
39987.88396418863
38717.429543182334
36582.49825556168
36165.32653614541
36118.31252095548
35037.75155120286
33940.77011521013
33513.59976004661
33202.04869280407
32508.78794860219
31905.425628016328
30368.96417616691
30834.991442727664
31394.771234814943
31595.619853354496
30862.88473800588
30553.0343624919
30524.64919205211
30609.786828535405
30457.42411237222
30880.564321017806
31123.42497032021
31286.09991290946
Score: 9.469226559221564
Runtime: 646ms
